F1: 0.00e+00  (0.00e+00): 0.000000e+00 0.000000e+00 0.000000e+00 0.000000e+00 0.000000e+00 0.000000e+00 0.000000e+00 0.000000e+00 0.000000e+00 0.000000e+00 0.000000e+00 0.000000e+00 0.000000e+00 0.000000e+00 0.000000e+00 0.000000e+00 0.000000e+00 0.000000e+00 0.000000e+00 0.000000e+00 0.000000e+00 0.000000e+00 0.000000e+00 0.000000e+00 0.000000e+00 0.000000e+00 0.000000e+00 0.000000e+00 0.000000e+00 0.000000e+00 
F2: 2.37e+00  (2.22e+00): 3.747266e-01 3.664778e+00 2.498178e-01 3.477415e+00 3.664778e+00 1.873633e-01 3.664778e+00 3.122722e-01 2.498178e-01 3.664778e+00 6.245444e-02 6.829921e+00 2.498178e-01 3.747266e-01 6.892376e+00 3.539870e+00 1.873633e-01 3.664778e+00 3.664778e+00 3.747266e-01 1.873633e-01 3.747266e-01 3.664778e+00 7.017285e+00 3.477415e+00 3.477415e+00 3.747266e-01 3.602324e+00 1.873633e-01 3.477415e+00 
F3: 1.16e+01  (5.90e-01): 1.149680e+01 1.111183e+01 1.132054e+01 1.163904e+01 1.221738e+01 1.036692e+01 1.129247e+01 1.238321e+01 1.104363e+01 1.238543e+01 1.145131e+01 1.214564e+01 1.249944e+01 1.158304e+01 1.131413e+01 1.132054e+01 1.123279e+01 1.259227e+01 1.250410e+01 1.199806e+01 1.152516e+01 1.190931e+01 1.226867e+01 1.148624e+01 1.156758e+01 1.195017e+01 1.111183e+01 1.096920e+01 1.036692e+01 1.148259e+01 
F4: 2.22e-02  (3.50e-02): 2.961159e-02 9.876901e-03 0.000000e+00 0.000000e+00 0.000000e+00 1.975814e-02 0.000000e+00 0.000000e+00 0.000000e+00 9.876901e-03 4.941377e-02 9.876901e-03 1.386736e-01 9.876901e-03 0.000000e+00 0.000000e+00 5.925992e-02 9.949131e-02 9.876901e-03 1.975814e-02 0.000000e+00 9.876901e-03 0.000000e+00 9.876901e-03 1.004934e-01 9.876901e-03 0.000000e+00 9.876901e-03 4.962166e-02 9.876901e-03 
F5: 4.13e-01  (3.53e-01): 4.162860e-01 2.081430e-01 4.162860e-01 6.244290e-01 6.244290e-01 4.162860e-01 0.000000e+00 1.619388e+00 4.162860e-01 0.000000e+00 4.162860e-01 1.411245e+00 6.244290e-01 2.081430e-01 4.162860e-01 2.081430e-01 6.244290e-01 0.000000e+00 2.081430e-01 2.081430e-01 2.081430e-01 4.162860e-01 4.162860e-01 6.244290e-01 2.081430e-01 2.081430e-01 4.162860e-01 2.081430e-01 4.162860e-01 2.081430e-01 
F6: 4.39e-02  (5.25e-02): 4.465748e-02 2.597451e-02 2.843286e-02 2.611606e-02 2.235625e-02 2.049014e-02 1.958148e-02 2.038200e-02 3.141791e-02 2.431370e-02 7.774286e-02 2.226313e-02 2.117985e-01 3.568504e-02 2.353438e-02 1.992492e-02 3.909406e-02 2.410921e-02 2.069865e-02 4.489933e-02 2.336990e-02 2.269497e-02 3.190788e-02 7.744266e-02 2.402294e-01 2.593343e-02 6.840889e-02 1.944016e-02 2.132463e-03 2.079723e-02 
F7: 7.92e-03  (3.95e-02): 0.000000e+00 2.341140e-05 6.427973e-05 3.810385e-05 1.238600e-04 3.671677e-03 9.507047e-04 8.205403e-04 2.042757e-04 1.195634e-03 6.557258e-04 2.065132e-03 4.405183e-05 2.172403e-01 3.509075e-04 6.023272e-04 3.846944e-05 3.387822e-03 2.805311e-06 8.848242e-06 4.384069e-04 2.956243e-04 8.785185e-04 5.874316e-05 4.172229e-04 3.753335e-05 1.235282e-04 6.144783e-04 3.095753e-03 2.931292e-05 
F8: 5.29e+00  (9.44e+00): 0.000000e+00 1.156306e+01 0.000000e+00 0.000000e+00 3.709644e+01 0.000000e+00 0.000000e+00 0.000000e+00 0.000000e+00 0.000000e+00 1.156306e+01 0.000000e+00 2.519420e+01 0.000000e+00 1.991145e+01 0.000000e+00 0.000000e+00 1.156306e+01 0.000000e+00 0.000000e+00 0.000000e+00 0.000000e+00 1.156306e+01 1.156306e+01 0.000000e+00 0.000000e+00 0.000000e+00 1.872329e+01 0.000000e+00 0.000000e+00 
F9: 6.53e+01  (4.69e+01): 3.547387e-04 1.744518e-05 3.267236e+01 1.000000e+02 0.000000e+00 1.000000e+02 9.998717e-05 1.000000e+02 1.000000e+02 1.000000e+02 1.000000e+02 1.346610e-04 1.000000e+02 1.000000e+02 0.000000e+00 1.000000e+02 1.000000e+02 2.674996e+01 1.000000e+02 0.000000e+00 1.000000e+02 1.000000e+02 1.000000e+02 1.000000e+02 1.000000e+02 1.000000e+02 0.000000e+00 0.000000e+00 1.000000e+02 1.000000e+02 
F10: 3.58e+02  (1.03e+02): 3.977429e+02 1.000004e+02 1.000002e+02 3.977429e+02 3.977429e+02 3.977429e+02 3.977429e+02 3.977429e+02 3.977429e+02 3.977429e+02 3.977429e+02 3.977429e+02 3.977429e+02 3.977429e+02 3.977429e+02 3.977429e+02 3.977429e+02 3.977429e+02 3.977429e+02 3.977429e+02 3.977429e+02 1.000001e+02 3.977429e+02 3.977429e+02 3.977429e+02 3.977429e+02 3.977429e+02 3.977429e+02 1.000014e+02 3.977429e+02 

F2: 2.39e+00  (2.37e+00): 3.747266e-01 6.954830e+00 3.122722e-01 3.477415e+00 3.747266e-01 3.602324e+00 6.767467e+00 3.122722e-01 2.498178e-01 3.664778e+00 1.249089e-01 6.829921e+00 4.371811e-01 2.498178e-01 3.477415e+00 3.539870e+00 1.873633e-01 3.781859e+00 3.664778e+00 4.996355e-01 1.873633e-01 3.122722e-01 3.664778e+00 7.079739e+00 3.747266e-01 3.477415e+00 3.122722e-01 3.602324e+00 1.873633e-01 3.539870e+00 
F3: 1.15e+01  (6.17e-01): 1.136517e+01 1.111183e+01 1.062806e+01 1.163904e+01 1.140749e+01 1.036692e+01 1.145196e+01 1.238321e+01 1.072588e+01 1.238543e+01 1.194913e+01 1.214564e+01 1.249944e+01 1.182045e+01 1.108144e+01 1.082030e+01 1.123279e+01 1.259227e+01 1.111421e+01 1.181497e+01 1.137295e+01 1.190931e+01 1.226867e+01 1.148624e+01 1.156758e+01 1.096278e+01 1.111183e+01 1.096920e+01 1.036692e+01 1.148259e+01 
F4: 2.22e-02  (3.50e-02): 2.961159e-02 9.876901e-03 0.000000e+00 0.000000e+00 0.000000e+00 1.975814e-02 0.000000e+00 0.000000e+00 0.000000e+00 9.876901e-03 4.941377e-02 9.876901e-03 1.386736e-01 9.876901e-03 0.000000e+00 0.000000e+00 5.925992e-02 9.949131e-02 9.876901e-03 1.975814e-02 0.000000e+00 9.876901e-03 0.000000e+00 9.876901e-03 1.004934e-01 9.876901e-03 0.000000e+00 9.876901e-03 4.962166e-02 9.876901e-03 
F5: 4.13e-01  (3.53e-01): 4.162860e-01 2.081430e-01 4.162860e-01 6.244290e-01 6.244290e-01 4.162860e-01 0.000000e+00 1.619388e+00 4.162860e-01 0.000000e+00 4.162860e-01 1.411245e+00 6.244290e-01 2.081430e-01 4.162860e-01 2.081430e-01 6.244290e-01 0.000000e+00 2.081430e-01 2.081430e-01 2.081430e-01 4.162860e-01 4.162860e-01 6.244290e-01 2.081430e-01 2.081430e-01 4.162860e-01 2.081430e-01 4.162860e-01 2.081430e-01 
F6: 4.72e-02  (5.18e-02): 7.350671e-02 2.757211e-02 2.851480e-02 2.581151e-02 3.874852e-02 2.054941e-02 3.867989e-02 2.892276e-02 3.255327e-02 2.375124e-02 7.808134e-02 2.226137e-02 2.115102e-01 3.605077e-02 2.273268e-02 3.308595e-02 3.885366e-02 2.644934e-02 2.503145e-02 4.883355e-02 2.400033e-02 2.279860e-02 4.672887e-02 7.914917e-02 2.402320e-01 2.588136e-02 5.284108e-02 1.944175e-02 1.867198e-03 2.076613e-02 
F7: 7.92e-03  (3.95e-02): 3.567357e-07 2.433424e-05 7.468373e-05 6.661740e-05 1.239512e-04 3.689846e-03 9.499717e-04 8.201744e-04 2.043821e-04 1.020076e-03 6.645299e-04 2.058894e-03 6.584803e-05 2.172401e-01 3.527650e-04 6.464971e-04 5.357847e-05 3.407491e-03 2.816788e-06 9.163117e-06 4.376406e-04 2.958913e-04 8.638211e-04 5.714753e-05 4.226042e-04 3.741307e-05 1.612561e-04 6.169781e-04 3.174325e-03 4.476266e-05 
F8: 5.29e+00  (9.44e+00): 0.000000e+00 1.156306e+01 0.000000e+00 0.000000e+00 3.709644e+01 0.000000e+00 0.000000e+00 0.000000e+00 0.000000e+00 0.000000e+00 1.156306e+01 0.000000e+00 2.519420e+01 0.000000e+00 1.991145e+01 0.000000e+00 0.000000e+00 1.156306e+01 0.000000e+00 0.000000e+00 0.000000e+00 0.000000e+00 1.156306e+01 1.156306e+01 0.000000e+00 0.000000e+00 0.000000e+00 1.872329e+01 0.000000e+00 0.000000e+00 
F9: 6.71e+01  (4.48e+01): 1.891091e+01 1.320246e-04 3.228694e+01 1.000000e+02 0.000000e+00 1.000000e+02 0.000000e+00 1.000000e+02 1.000000e+02 1.000000e+02 1.000000e+02 1.077098e-04 1.000000e+02 1.000000e+02 3.501329e+01 1.000000e+02 1.000000e+02 2.674996e+01 1.000000e+02 0.000000e+00 1.000000e+02 1.000000e+02 1.000000e+02 1.000000e+02 1.000000e+02 1.000000e+02 9.461904e-06 2.709112e-08 1.000000e+02 1.000000e+02 
F10: 1.76e+02  (1.13e+02): 1.001746e+02 1.000007e+02 1.000003e+02 1.000554e+02 3.000000e+02 3.977429e+02 2.000000e+02 2.000000e+02 1.000707e+02 1.000264e+02 3.000000e+02 2.000000e+02 1.003181e+02 3.977429e+02 3.977429e+02 1.000094e+02 1.000306e+02 1.001190e+02 3.977429e+02 1.001481e+02 3.000000e+02 1.000000e+02 1.000122e+02 1.000405e+02 1.001222e+02 1.003722e+02 3.000000e+02 1.001167e+02 1.000123e+02 1.001068e+02 

F2: 2.15e+00  (1.67e+00): 3.664778e+00 3.747266e-01 3.664778e+00 2.498178e-01 1.873633e-01 4.371811e-01 3.477415e+00 1.873633e-01 3.602324e+00 1.873633e-01 3.539870e+00 3.727233e+00 3.789687e+00 2.498178e-01 3.477415e+00 3.602324e+00 2.498178e-01 4.371811e-01 3.414961e+00 3.477415e+00 3.664778e+00 3.602324e+00 3.122722e-01 3.477415e+00 3.664778e+00 3.477415e+00 2.498178e-01 3.122722e-01 1.873633e-01 3.602324e+00 
F3: 1.11e+01  (2.27e+00): 1.239203e+01 5.621431e+00 1.076679e+01 1.097621e+01 1.186318e+01 1.273419e+01 1.314000e+01 1.186413e+01 5.524897e+00 1.117286e+01 1.210532e+01 1.210911e+01 1.180007e+01 6.624108e+00 1.198562e+01 1.181245e+01 1.161973e+01 1.153181e+01 1.254143e+01 1.100166e+01 1.202583e+01 4.634190e+00 1.158400e+01 1.137938e+01 1.291467e+01 1.239394e+01 1.277062e+01 1.231750e+01 1.137219e+01 1.162519e+01 
F4: 3.53e-02  (4.69e-02): 0.000000e+00 0.000000e+00 0.000000e+00 9.870383e-03 0.000000e+00 9.897383e-02 2.960797e-02 0.000000e+00 1.578559e-01 2.962111e-02 9.932295e-02 1.488529e-01 1.977863e-02 1.977863e-02 0.000000e+00 9.876901e-03 1.974220e-02 0.000000e+00 9.885992e-02 1.186596e-01 1.976447e-02 6.906694e-02 0.000000e+00 1.974527e-02 9.876901e-03 1.981916e-02 2.971278e-02 1.981916e-02 9.876901e-03 0.000000e+00 
F5: 5.71e-01  (6.26e-01): 4.162860e-01 0.000000e+00 2.081430e-01 2.081430e-01 2.198061e+00 9.949591e-01 4.162860e-01 1.203102e+00 0.000000e+00 0.000000e+00 2.081430e-01 1.203102e+00 4.162860e-01 2.081430e-01 0.000000e+00 0.000000e+00 2.081430e-01 9.949591e-01 2.198061e+00 1.203102e+00 9.949591e-01 1.203102e+00 0.000000e+00 2.081430e-01 2.081430e-01 1.203102e+00 2.081430e-01 2.081430e-01 6.244290e-01 0.000000e+00 
F6: 4.68e-02  (5.09e-02): 1.003518e-01 3.239909e-02 2.517261e-02 4.667098e-02 2.628360e-02 2.951660e-01 3.793687e-02 8.791635e-02 6.951262e-02 4.032761e-02 2.192213e-02 3.356204e-02 2.071844e-02 4.095364e-02 2.818599e-02 4.092113e-02 2.267393e-02 3.526208e-02 5.863154e-02 2.341697e-02 3.060409e-02 3.764738e-03 3.190625e-02 3.802878e-02 2.416480e-02 4.528255e-02 4.835585e-02 3.854947e-02 2.086859e-02 3.395019e-02 
F7: 1.31e-03  (1.78e-03): 5.173042e-06 3.778262e-04 4.497551e-05 8.882555e-05 2.471250e-04 1.861222e-03 5.599961e-04 2.078799e-03 2.751016e-05 3.334158e-04 5.029482e-04 1.430728e-03 1.895402e-04 8.796117e-04 5.095763e-04 1.742161e-03 1.495803e-04 3.608380e-05 1.139348e-04 5.685088e-03 1.629036e-04 1.543314e-05 4.616493e-04 3.870827e-03 5.082639e-03 3.523653e-03 5.418833e-07 8.870982e-05 4.249335e-03 4.894745e-03 
F8: 5.81e+00  (9.50e+00): 0.000000e+00 0.000000e+00 0.000000e+00 1.139652e+01 0.000000e+00 0.000000e+00 3.185751e+01 1.556047e+01 0.000000e+00 0.000000e+00 0.000000e+00 0.000000e+00 0.000000e+00 0.000000e+00 2.064702e+01 0.000000e+00 0.000000e+00 0.000000e+00 3.129160e+01 0.000000e+00 0.000000e+00 1.139652e+01 1.752084e+01 0.000000e+00 1.156306e+01 0.000000e+00 0.000000e+00 0.000000e+00 1.156306e+01 1.139652e+01 
F9: 6.77e+01  (4.68e+01): 0.000000e+00 1.000000e+02 1.000000e+02 1.000000e+02 2.978100e+01 1.000000e+02 1.954253e-04 1.000000e+02 1.000000e+02 5.458168e-06 1.000000e+02 1.000000e+02 1.000000e+02 1.000000e+02 1.000000e+02 1.000000e+02 1.000000e+02 1.000000e+02 1.000000e+02 3.575639e-05 1.000000e+02 1.000000e+02 1.000000e+02 1.000000e+02 1.907861e-04 1.000000e+02 0.000000e+00 2.527457e-04 9.443193e-06 0.000000e+00 
F10: 1.70e+02  (1.26e+02): 3.977429e+02 1.000000e+02 1.000002e+02 3.977429e+02 1.000001e+02 2.000000e+02 1.000001e+02 1.000001e+02 1.000001e+02 1.000001e+02 3.977429e+02 1.000385e+02 0.000000e+00 1.000002e+02 3.977429e+02 1.000001e+02 1.000675e+02 2.000000e+02 1.000000e+02 1.000001e+02 3.977429e+02 1.000002e+02 1.000002e+02 1.000001e+02 1.000002e+02 3.000000e+02 3.977429e+02 1.000000e+02 1.000006e+02 1.000001e+02 

op1+2+3
F2: 3.29e+00  (2.68e+00): 6.829921e+00 3.122722e-01 2.498178e-01 1.873633e-01 3.602324e+00 3.122722e-01 3.664778e+00 3.477415e+00 3.727233e+00 2.498178e-01 3.602324e+00 3.747266e-01 3.539870e+00 2.498178e-01 4.371811e-01 1.030734e+01 3.477415e+00 3.727233e+00 1.873633e-01 3.664778e+00 3.539870e+00 3.664778e+00 3.664778e+00 7.017285e+00 3.602324e+00 6.954830e+00 6.954830e+00 3.122722e-01 6.954830e+00 3.727233e+00 
F3: 1.19e+01  (1.30e+00): 1.276215e+01 1.091317e+01 1.177249e+01 1.248383e+01 1.147831e+01 1.192808e+01 1.156434e+01 1.137608e+01 1.210944e+01 1.283870e+01 1.218938e+01 1.216910e+01 1.226387e+01 1.268554e+01 5.348354e+00 1.234482e+01 1.256668e+01 1.233368e+01 1.246120e+01 1.171730e+01 1.171730e+01 1.164203e+01 1.213042e+01 1.218124e+01 1.161327e+01 1.226762e+01 1.214279e+01 1.217184e+01 1.233582e+01 1.219840e+01 
F4: 2.30e-03  (4.25e-03): 9.870383e-03 0.000000e+00 0.000000e+00 9.876901e-03 0.000000e+00 9.876901e-03 0.000000e+00 0.000000e+00 0.000000e+00 0.000000e+00 0.000000e+00 0.000000e+00 0.000000e+00 0.000000e+00 0.000000e+00 0.000000e+00 0.000000e+00 0.000000e+00 0.000000e+00 9.876901e-03 9.876901e-03 0.000000e+00 9.870383e-03 0.000000e+00 0.000000e+00 9.876901e-03 0.000000e+00 0.000000e+00 0.000000e+00 0.000000e+00 
F5: 2.37e-01  (3.22e-01): 0.000000e+00 2.081430e-01 9.949591e-01 2.081923e-01 0.000000e+00 2.081430e-01 2.081485e-01 0.000000e+00 7.413892e-04 0.000000e+00 2.081430e-01 2.081430e-01 0.000000e+00 0.000000e+00 2.081430e-01 9.949591e-01 2.081430e-01 0.000000e+00 0.000000e+00 9.949591e-01 9.949591e-01 4.162860e-01 2.081430e-01 2.082052e-01 2.081430e-01 0.000000e+00 2.081430e-01 0.000000e+00 2.081430e-01 1.727226e-04 
F6: 7.59e-02  (4.24e-02): 4.092537e-02 2.988866e-02 3.001078e-02 8.672196e-02 1.061184e-01 4.663414e-02 3.214864e-02 8.833208e-02 2.814207e-02 6.941314e-02 1.624217e-01 2.508765e-02 6.305820e-02 1.288076e-01 9.007151e-02 1.096250e-01 5.672625e-02 3.385410e-02 2.631904e-02 9.563968e-02 1.053014e-01 1.228800e-01 5.662295e-02 6.590346e-02 1.359309e-01 1.719911e-01 1.106165e-01 8.447899e-02 4.566510e-02 2.718543e-02 
F7: 4.68e-04  (5.96e-04): 4.685322e-04 5.744594e-05 1.121369e-03 6.581184e-04 1.265033e-03 6.852316e-04 5.352193e-05 5.770104e-05 1.898340e-03 1.069145e-04 5.038753e-04 1.852413e-04 3.284622e-05 1.069038e-04 7.597415e-05 2.403110e-03 5.413486e-04 8.630461e-04 1.361248e-06 9.286590e-05 2.511699e-04 4.106976e-04 1.416579e-04 5.623713e-06 1.201782e-04 7.478198e-04 3.314416e-06 1.169160e-05 1.134724e-03 2.342480e-05 
F8: 4.49e+00  (1.84e+01): 0.000000e+00 0.000000e+00 1.156306e+01 0.000000e+00 0.000000e+00 0.000000e+00 1.000000e+02 0.000000e+00 0.000000e+00 0.000000e+00 0.000000e+00 1.156306e+01 0.000000e+00 0.000000e+00 0.000000e+00 0.000000e+00 0.000000e+00 0.000000e+00 0.000000e+00 1.156306e+01 0.000000e+00 0.000000e+00 0.000000e+00 0.000000e+00 0.000000e+00 0.000000e+00 0.000000e+00 0.000000e+00 0.000000e+00 0.000000e+00 
F9: 4.79e+01  (4.45e+01): 3.512659e+01 2.321296e+01 1.000000e+02 1.897873e+01 1.699285e-04 0.000000e+00 2.327435e+01 1.000000e+02 1.000000e+02 8.735544e-06 6.327072e-05 1.000000e+02 1.000000e+02 4.157747e+01 1.000000e+02 1.000000e+02 1.000000e+02 1.000000e+02 1.321405e+01 2.329732e+01 5.555590e-05 1.000000e+02 1.894282e+01 1.000000e+02 1.896076e+01 3.177783e-05 1.896637e+01 8.741850e-05 1.000000e+02 1.758990e-04 
F10: 1.90e+02  (1.23e+02): 1.000002e+02 1.000001e+02 1.000003e+02 2.000000e+02 3.977429e+02 3.977429e+02 1.000008e+02 1.000001e+02 1.000022e+02 1.000001e+02 3.000000e+02 1.000042e+02 1.000003e+02 1.000001e+02 3.000000e+02 3.977429e+02 1.000002e+02 1.000003e+02 1.000002e+02 3.977429e+02 1.000002e+02 3.000000e+02 1.000007e+02 1.000001e+02 2.000000e+02 3.977429e+02 3.977429e+02 2.000000e+02 1.000001e+02 1.000002e+02 

op1+2+3+6
F2: 3.04e+00  (2.16e+00): 3.539870e+00 6.829921e+00 1.873633e-01 3.747266e-01 3.539870e+00 3.414961e+00 1.249089e-01 3.122722e-01 3.664778e+00 3.602324e+00 2.498178e-01 3.539870e+00 2.498178e-01 3.664778e+00 3.727233e+00 3.602324e+00 3.602324e+00 3.122722e-01 1.873633e-01 3.477415e+00 3.539870e+00 4.996355e-01 7.017285e+00 7.017285e+00 3.602324e+00 3.539870e+00 3.664778e+00 3.539870e+00 7.017285e+00 3.664778e+00 
F3: 1.21e+01  (1.05e+00): 1.231605e+01 1.268983e+01 1.149627e+01 1.264119e+01 1.229497e+01 1.261360e+01 1.186990e+01 1.181581e+01 1.203256e+01 1.238756e+01 1.259647e+01 1.275616e+01 1.178384e+01 1.183790e+01 1.286945e+01 1.208856e+01 1.259261e+01 1.226484e+01 1.254321e+01 1.161958e+01 1.246003e+01 1.318291e+01 1.231137e+01 1.184758e+01 7.012339e+00 1.171851e+01 1.183279e+01 1.181861e+01 1.289656e+01 1.229497e+01 
F4: 6.25e-03  (7.09e-03): 9.876901e-03 0.000000e+00 1.974432e-02 9.876901e-03 9.870383e-03 1.974429e-02 1.974740e-02 0.000000e+00 0.000000e+00 0.000000e+00 9.876901e-03 9.876915e-03 0.000000e+00 1.973873e-02 0.000000e+00 0.000000e+00 9.876901e-03 0.000000e+00 0.000000e+00 0.000000e+00 0.000000e+00 9.870383e-03 0.000000e+00 0.000000e+00 9.876902e-03 0.000000e+00 9.870383e-03 9.870383e-03 0.000000e+00 9.876901e-03 
F5: 1.50e-01  (3.03e-01): 2.081430e-01 2.081445e-01 0.000000e+00 7.542644e-04 2.081430e-01 1.203102e+00 2.081430e-01 2.081430e-01 0.000000e+00 5.024798e-04 0.000000e+00 1.563354e-04 0.000000e+00 8.774145e-08 7.739964e-07 1.203102e+00 2.084990e-01 2.081430e-01 0.000000e+00 0.000000e+00 0.000000e+00 2.082824e-01 2.081430e-01 4.395603e-04 0.000000e+00 0.000000e+00 1.609426e-04 0.000000e+00 0.000000e+00 2.081430e-01 
F6: 7.22e-02  (5.68e-02): 7.969668e-02 8.517991e-02 3.784260e-02 7.983465e-02 6.228233e-02 1.359992e-01 9.814177e-02 9.531831e-02 3.034690e-02 1.295967e-01 6.328642e-02 2.347821e-02 1.114178e-01 4.290117e-02 2.810485e-02 8.504973e-02 8.172856e-02 2.884275e-01 2.563594e-02 3.686726e-02 2.630932e-02 2.081657e-02 3.176009e-02 9.098134e-02 2.305402e-02 2.508475e-02 2.195083e-02 1.680102e-01 9.329662e-02 4.343808e-02 
F7: 3.37e-04  (3.77e-04): 9.165152e-04 5.868481e-05 7.948583e-04 9.113740e-05 8.873139e-05 6.863903e-04 9.768083e-06 4.982075e-04 2.366411e-04 7.112606e-05 5.603939e-04 2.507669e-04 1.429431e-04 7.331266e-04 9.652659e-05 1.611615e-04 4.762659e-04 1.853427e-04 4.051482e-04 1.433174e-04 4.252765e-04 5.089967e-04 1.069069e-04 7.841047e-06 2.523168e-04 3.252349e-04 2.697471e-05 9.892276e-06 1.795383e-03 5.339666e-05 
F8: 7.48e+00  (1.93e+01): 0.000000e+00 0.000000e+00 2.431401e+01 2.698205e+01 0.000000e+00 0.000000e+00 1.000000e+02 0.000000e+00 0.000000e+00 2.235438e+01 0.000000e+00 0.000000e+00 0.000000e+00 0.000000e+00 0.000000e+00 0.000000e+00 0.000000e+00 0.000000e+00 1.609488e+01 0.000000e+00 1.156306e+01 0.000000e+00 0.000000e+00 1.156306e+01 0.000000e+00 0.000000e+00 1.156306e+01 0.000000e+00 0.000000e+00 0.000000e+00 
F9: 5.18e+01  (4.18e+01): 2.679032e+01 2.679491e+01 2.322393e+01 2.436196e-05 2.006368e-04 2.327468e+01 2.994763e+01 1.000000e+02 1.000000e+02 3.265130e+01 1.000000e+02 5.839823e+01 1.636002e-04 1.898162e+01 1.000000e+02 1.000000e+02 1.000000e+02 5.140956e-05 1.000000e+02 2.676079e+01 1.000000e+02 1.000000e+02 1.000000e+02 1.000000e+02 0.000000e+00 1.320593e+01 1.899265e+01 3.500624e+01 1.000000e+02 1.896533e+01 
F10: 1.70e+02  (1.08e+02): 1.000001e+02 1.000130e+02 1.000002e+02 1.000001e+02 1.000002e+02 3.977429e+02 3.977429e+02 1.000002e+02 1.000002e+02 1.000001e+02 2.000000e+02 1.000002e+02 1.000002e+02 2.000000e+02 1.000017e+02 1.000001e+02 3.000000e+02 1.000001e+02 2.000000e+02 3.977429e+02 1.000002e+02 3.000000e+02 1.000001e+02 2.000000e+02 1.000003e+02 1.000002e+02 1.000002e+02 2.000000e+02 1.001598e+02 3.977429e+02 

res
F1: 0.00e+00  (0.00e+00): 0.000000e+00 0.000000e+00 0.000000e+00 0.000000e+00 0.000000e+00 0.000000e+00 0.000000e+00 0.000000e+00 0.000000e+00 0.000000e+00 0.000000e+00 0.000000e+00 0.000000e+00 0.000000e+00 0.000000e+00 0.000000e+00 0.000000e+00 0.000000e+00 0.000000e+00 0.000000e+00 0.000000e+00 0.000000e+00 0.000000e+00 0.000000e+00 0.000000e+00 0.000000e+00 0.000000e+00 0.000000e+00 0.000000e+00 0.000000e+00 
F2: 3.28e+00  (2.35e+00): 3.747266e-01 3.477415e+00 2.498178e-01 3.664778e+00 3.727233e+00 3.122722e-01 6.954830e+00 3.539870e+00 3.477415e+00 2.498178e-01 3.852142e+00 4.371811e-01 3.602324e+00 3.602324e+00 6.892376e+00 1.873633e-01 3.539870e+00 3.602324e+00 1.873633e-01 3.852142e+00 3.122722e-01 3.602324e+00 1.005752e+01 3.789687e+00 3.727233e+00 3.539870e+00 3.539870e+00 6.892376e+00 3.539870e+00 3.539870e+00 
F3: 1.19e+01  (1.05e+00): 1.137297e+01 8.469053e+00 8.571859e+00 1.180225e+01 1.277089e+01 1.313889e+01 1.187945e+01 1.228729e+01 1.166299e+01 1.215142e+01 1.255294e+01 1.183215e+01 1.185124e+01 1.160457e+01 1.143902e+01 1.262820e+01 1.290594e+01 1.247100e+01 1.238931e+01 1.150422e+01 1.172244e+01 1.276805e+01 1.273178e+01 1.200708e+01 1.198917e+01 1.297014e+01 1.172498e+01 1.158887e+01 1.132720e+01 1.222389e+01 
F4: 6.92e-03  (1.08e-02): 4.962166e-02 9.876901e-03 0.000000e+00 9.876901e-03 9.870401e-03 0.000000e+00 9.870396e-03 0.000000e+00 0.000000e+00 9.876901e-03 0.000000e+00 9.876901e-03 0.000000e+00 9.870383e-03 0.000000e+00 9.876901e-03 0.000000e+00 9.870383e-03 0.000000e+00 1.976447e-02 0.000000e+00 0.000000e+00 0.000000e+00 9.876901e-03 0.000000e+00 0.000000e+00 2.965987e-02 0.000000e+00 9.870383e-03 0.000000e+00 
F5: 1.23e-01  (2.28e-01): 1.214862e-07 3.243278e-05 2.081430e-01 0.000000e+00 1.203102e+00 7.165772e-07 2.082631e-01 4.704842e-06 4.358373e-05 2.081430e-01 2.081430e-01 0.000000e+00 0.000000e+00 0.000000e+00 0.000000e+00 1.337511e-04 2.081430e-01 0.000000e+00 0.000000e+00 2.081430e-01 2.081430e-01 2.088972e-01 0.000000e+00 0.000000e+00 1.531690e-04 2.085320e-01 2.082765e-01 2.081430e-01 0.000000e+00 2.081430e-01 
F6: 8.82e-02  (5.73e-02): 4.692566e-02 1.062441e-01 5.427994e-02 5.584860e-02 1.751380e-01 1.258177e-01 2.910572e-02 8.975430e-02 3.816695e-02 1.177212e-01 1.081624e-01 8.877967e-02 1.170346e-01 4.146594e-02 7.852489e-02 7.531118e-02 9.504282e-02 3.091339e-02 2.472369e-02 9.549355e-02 1.100499e-01 4.330429e-02 7.553788e-02 9.255382e-02 7.433503e-02 9.697351e-02 1.053519e-01 8.967310e-02 3.294317e-01 3.571683e-02 
F7: 2.65e-04  (4.62e-04): 1.000953e-04 7.908301e-04 1.078186e-05 1.467849e-03 9.720686e-06 3.268099e-05 2.744112e-04 6.727339e-06 3.810381e-05 7.595998e-04 2.315124e-04 4.423420e-06 2.026906e-03 3.629363e-05 9.611301e-06 8.749610e-05 6.054233e-05 5.744525e-06 3.903410e-05 3.594440e-04 3.962167e-04 5.165009e-04 2.841587e-05 3.529941e-05 4.906066e-05 2.929287e-05 8.432847e-05 2.562601e-04 1.802774e-05 1.926236e-04 
F8: 4.31e+00  (7.86e+00): 0.000000e+00 0.000000e+00 0.000000e+00 0.000000e+00 0.000000e+00 0.000000e+00 0.000000e+00 0.000000e+00 0.000000e+00 0.000000e+00 0.000000e+00 0.000000e+00 3.018153e+01 0.000000e+00 1.609488e+01 0.000000e+00 1.609488e+01 0.000000e+00 0.000000e+00 1.156306e+01 0.000000e+00 0.000000e+00 1.701526e+01 0.000000e+00 1.156306e+01 1.518150e+01 1.156306e+01 0.000000e+00 0.000000e+00 0.000000e+00 
F9: 5.98e+01  (4.48e+01): 1.895974e+01 1.000000e+02 1.000000e+02 0.000000e+00 1.000000e+02 2.778250e-04 2.977412e+01 1.000000e+02 1.000000e+02 3.536378e-05 1.000000e+02 1.000000e+02 1.000000e+02 1.000000e+02 1.000000e+02 1.000000e+02 6.399900e-05 2.986225e+01 1.000000e+02 7.700411e-05 1.000000e+02 2.327766e+01 1.000000e+02 3.499858e+01 7.611552e-06 1.000000e+02 3.517171e+01 1.000000e+02 1.585071e-05 2.320504e+01 
F10: 1.36e+02  (9.21e+01): 1.000001e+02 1.000001e+02 1.000002e+02 1.000014e+02 1.000001e+02 1.000001e+02 1.000002e+02 1.000001e+02 1.000001e+02 1.000001e+02 1.000002e+02 1.000026e+02 1.000007e+02 1.000001e+02 3.977429e+02 1.000001e+02 1.000002e+02 1.000001e+02 1.000001e+02 1.000081e+02 2.000000e+02 1.000001e+02 1.000001e+02 2.000000e+02 1.000001e+02 3.977429e+02 3.977429e+02 1.000002e+02 1.000002e+02 1.000001e+02 