F1: 0.00e+00  (0.00e+00): 0.000000e+00 0.000000e+00 0.000000e+00 0.000000e+00 0.000000e+00 0.000000e+00 0.000000e+00 0.000000e+00 0.000000e+00 0.000000e+00 0.000000e+00 0.000000e+00 0.000000e+00 0.000000e+00 0.000000e+00 0.000000e+00 0.000000e+00 0.000000e+00 0.000000e+00 0.000000e+00 0.000000e+00 0.000000e+00 0.000000e+00 0.000000e+00 0.000000e+00 0.000000e+00 0.000000e+00 0.000000e+00 0.000000e+00 0.000000e+00 
F2: 3.16e+01  (2.07e+01): 0.000000e+00 4.489547e+01 0.000000e+00 0.000000e+00 4.489547e+01 4.489547e+01 4.489547e+01 4.489547e+01 4.489547e+01 4.489547e+01 4.030260e+00 4.489547e+01 4.489547e+01 4.489547e+01 0.000000e+00 4.489547e+01 4.489547e+01 4.489547e+01 4.489547e+01 0.000000e+00 0.000000e+00 4.489547e+01 0.000000e+00 4.489547e+01 4.489547e+01 4.489547e+01 4.489547e+01 4.489547e+01 0.000000e+00 4.489547e+01 
F3: 0.00e+00  (0.00e+00): 0.000000e+00 0.000000e+00 0.000000e+00 0.000000e+00 0.000000e+00 0.000000e+00 0.000000e+00 0.000000e+00 0.000000e+00 0.000000e+00 0.000000e+00 0.000000e+00 0.000000e+00 0.000000e+00 0.000000e+00 0.000000e+00 0.000000e+00 0.000000e+00 0.000000e+00 0.000000e+00 0.000000e+00 0.000000e+00 0.000000e+00 0.000000e+00 0.000000e+00 0.000000e+00 0.000000e+00 0.000000e+00 0.000000e+00 0.000000e+00 
F4: 3.64e+01  (1.20e+01): 4.576801e+01 2.984873e+01 2.586889e+01 5.074276e+01 4.477311e+01 4.178822e+01 2.984873e+01 4.576803e+01 3.084366e+01 6.865192e+01 3.183865e+01 5.372763e+01 3.780839e+01 2.288404e+01 2.089413e+01 2.188908e+01 2.188908e+01 3.382856e+01 5.372763e+01 1.790926e+01 3.979830e+01 3.979829e+01 1.591933e+01 3.780839e+01 3.183864e+01 3.880327e+01 4.676293e+01 3.979830e+01 3.084371e+01 3.979829e+01 
F5: 0.00e+00  (0.00e+00): 0.000000e+00 0.000000e+00 0.000000e+00 0.000000e+00 0.000000e+00 0.000000e+00 0.000000e+00 0.000000e+00 0.000000e+00 0.000000e+00 0.000000e+00 0.000000e+00 0.000000e+00 0.000000e+00 0.000000e+00 0.000000e+00 0.000000e+00 0.000000e+00 0.000000e+00 0.000000e+00 0.000000e+00 0.000000e+00 0.000000e+00 0.000000e+00 0.000000e+00 0.000000e+00 0.000000e+00 0.000000e+00 0.000000e+00 0.000000e+00 
F6: 9.43e-01  (7.28e-01): 3.084710e-01 1.371507e+00 2.194960e+00 4.086514e-01 2.832853e-01 2.980009e-01 3.493158e-01 1.358782e+00 3.987386e-01 1.409910e+00 4.478358e-01 1.456747e+00 3.017811e-01 2.282238e+00 1.338614e+00 1.353757e+00 3.410097e-01 1.703174e-01 4.913020e-01 2.874873e-01 1.298423e+00 3.525240e-01 1.363392e+00 1.232696e+00 2.406191e+00 2.972015e-01 3.348493e-01 1.270606e+00 2.473397e+00 4.038219e-01 
F7: 1.55e+00  (8.60e-01): 9.949591e-01 2.302091e+00 2.984877e+00 1.307132e+00 1.307132e+00 9.949591e-01 2.302091e+00 9.949591e-01 3.121733e-01 3.121733e-01 9.949591e-01 2.984877e+00 9.949591e-01 1.989918e+00 2.302091e+00 3.297050e+00 9.949591e-01 2.302091e+00 3.121733e-01 0.000000e+00 1.619306e+00 1.307132e+00 2.614265e+00 9.949591e-01 2.302091e+00 1.989918e+00 1.989918e+00 1.307132e+00 1.378653e+00 9.949591e-01 
F8: 7.99e+00  (9.26e+00): 5.296627e-01 2.017031e+01 2.007668e+01 8.841321e-01 2.011620e+01 7.891901e-01 1.833410e-01 1.607290e+01 2.034989e+01 7.337958e-01 3.988794e-01 5.819741e-01 1.813830e-01 4.492734e-01 2.024911e+01 2.897704e-01 1.229794e+01 1.893273e+01 6.802500e-01 3.622157e-01 1.834003e+01 3.823158e-01 2.061811e+01 2.015626e+01 2.015065e+01 2.213116e-01 4.402334e-01 5.591862e-01 8.886670e-01 3.532908e+00 
F9: 1.81e+02  (8.67e-14): 1.807813e+02 1.807813e+02 1.807813e+02 1.807813e+02 1.807813e+02 1.807813e+02 1.807813e+02 1.807813e+02 1.807813e+02 1.807813e+02 1.807813e+02 1.807813e+02 1.807813e+02 1.807813e+02 1.807813e+02 1.807813e+02 1.807813e+02 1.807813e+02 1.807813e+02 1.807813e+02 1.807813e+02 1.807813e+02 1.807813e+02 1.807813e+02 1.807813e+02 1.807813e+02 1.807813e+02 1.807813e+02 1.807813e+02 1.807813e+02 
F10: 0.00e+00  (0.00e+00): 0.000000e+00 0.000000e+00 0.000000e+00 0.000000e+00 0.000000e+00 0.000000e+00 0.000000e+00 0.000000e+00 0.000000e+00 0.000000e+00 0.000000e+00 0.000000e+00 0.000000e+00 0.000000e+00 0.000000e+00 0.000000e+00 0.000000e+00 0.000000e+00 0.000000e+00 0.000000e+00 0.000000e+00 0.000000e+00 0.000000e+00 0.000000e+00 0.000000e+00 0.000000e+00 0.000000e+00 0.000000e+00 0.000000e+00 0.000000e+00 
F11: 1.90e+02  (1.47e+02): 0.000000e+00 3.000000e+02 3.000000e+02 0.000000e+00 3.000000e+02 0.000000e+00 3.000000e+02 0.000000e+00 3.000000e+02 3.000000e+02 3.000000e+02 3.000000e+02 3.000000e+02 3.000000e+02 3.000000e+02 0.000000e+00 0.000000e+00 3.000000e+02 3.000000e+02 3.000000e+02 0.000000e+00 0.000000e+00 3.000000e+02 3.000000e+02 0.000000e+00 3.000000e+02 3.000000e+02 3.000000e+02 0.000000e+00 0.000000e+00 
F12: 2.32e+02  (1.59e+00): 2.319053e+02 2.302810e+02 2.312231e+02 2.318480e+02 2.335758e+02 2.313817e+02 2.311697e+02 2.297174e+02 2.339369e+02 2.311332e+02 2.296580e+02 2.306575e+02 2.313871e+02 2.312951e+02 2.351839e+02 2.319331e+02 2.308107e+02 2.306148e+02 2.336582e+02 2.316343e+02 2.286422e+02 2.329039e+02 2.325139e+02 2.327592e+02 2.328708e+02 2.313871e+02 2.318486e+02 2.318640e+02 2.354268e+02 2.344927e+02 
F1: 0.00e+00  (0.00e+00): 0.000000e+00 0.000000e+00 0.000000e+00 0.000000e+00 0.000000e+00 0.000000e+00 0.000000e+00 0.000000e+00 0.000000e+00 0.000000e+00 0.000000e+00 0.000000e+00 0.000000e+00 0.000000e+00 0.000000e+00 0.000000e+00 0.000000e+00 0.000000e+00 0.000000e+00 0.000000e+00 0.000000e+00 0.000000e+00 0.000000e+00 0.000000e+00 0.000000e+00 0.000000e+00 0.000000e+00 0.000000e+00 0.000000e+00 0.000000e+00 
F2: 3.16e+01  (2.07e+01): 0.000000e+00 4.489547e+01 0.000000e+00 0.000000e+00 4.489547e+01 4.489547e+01 4.489547e+01 4.489547e+01 4.489547e+01 4.489547e+01 4.030260e+00 4.489547e+01 4.489547e+01 4.489547e+01 0.000000e+00 4.489547e+01 4.489547e+01 4.489547e+01 4.489547e+01 0.000000e+00 0.000000e+00 4.489547e+01 0.000000e+00 4.489547e+01 4.489547e+01 4.489547e+01 4.489547e+01 4.489547e+01 0.000000e+00 4.489547e+01 
F3: 0.00e+00  (0.00e+00): 0.000000e+00 0.000000e+00 0.000000e+00 0.000000e+00 0.000000e+00 0.000000e+00 0.000000e+00 0.000000e+00 0.000000e+00 0.000000e+00 0.000000e+00 0.000000e+00 0.000000e+00 0.000000e+00 0.000000e+00 0.000000e+00 0.000000e+00 0.000000e+00 0.000000e+00 0.000000e+00 0.000000e+00 0.000000e+00 0.000000e+00 0.000000e+00 0.000000e+00 0.000000e+00 0.000000e+00 0.000000e+00 0.000000e+00 0.000000e+00 
F4: 3.60e+01  (1.19e+01): 4.576801e+01 2.984873e+01 2.586889e+01 5.074276e+01 4.477311e+01 3.880337e+01 2.984873e+01 4.576803e+01 3.084366e+01 6.865192e+01 3.183865e+01 5.372763e+01 3.780838e+01 2.288404e+01 2.089413e+01 2.089413e+01 2.387900e+01 3.382856e+01 5.372761e+01 1.790926e+01 3.979830e+01 3.979829e+01 1.591933e+01 2.984875e+01 3.482352e+01 3.880327e+01 4.278312e+01 3.979830e+01 3.084371e+01 3.979829e+01 
F5: 0.00e+00  (0.00e+00): 0.000000e+00 0.000000e+00 0.000000e+00 0.000000e+00 0.000000e+00 0.000000e+00 0.000000e+00 0.000000e+00 0.000000e+00 0.000000e+00 0.000000e+00 0.000000e+00 0.000000e+00 0.000000e+00 0.000000e+00 0.000000e+00 0.000000e+00 0.000000e+00 0.000000e+00 0.000000e+00 0.000000e+00 0.000000e+00 0.000000e+00 0.000000e+00 0.000000e+00 0.000000e+00 0.000000e+00 0.000000e+00 0.000000e+00 0.000000e+00 
F6: 9.41e-01  (7.27e-01): 3.082476e-01 1.371595e+00 2.192962e+00 4.066352e-01 2.829258e-01 3.013312e-01 3.494441e-01 1.360061e+00 3.987022e-01 1.409992e+00 4.369145e-01 1.457458e+00 3.011215e-01 2.282151e+00 1.323437e+00 1.350790e+00 3.411676e-01 1.704449e-01 4.914608e-01 2.883775e-01 1.291218e+00 3.466097e-01 1.363044e+00 1.232989e+00 2.389358e+00 2.975519e-01 3.346349e-01 1.270875e+00 2.473343e+00 4.040359e-01 
F7: 1.46e+00  (8.59e-01): 9.949591e-01 2.302091e+00 2.984877e+00 1.307132e+00 1.307132e+00 9.949591e-01 2.302091e+00 9.949591e-01 3.121733e-01 3.121733e-01 9.949591e-01 2.984877e+00 9.949591e-01 1.989918e+00 2.302091e+00 3.297050e+00 9.949591e-01 3.121733e-01 3.121733e-01 3.121733e-01 1.619306e+00 1.307132e+00 2.614265e+00 9.949591e-01 2.302091e+00 1.989918e+00 9.949591e-01 1.307132e+00 1.378653e+00 9.949591e-01 
F8: 7.98e+00  (9.25e+00): 5.177654e-01 2.016774e+01 2.007950e+01 8.928506e-01 2.010801e+01 7.727819e-01 1.710889e-01 1.607834e+01 2.034514e+01 7.377374e-01 4.025538e-01 5.787403e-01 1.927476e-01 4.432712e-01 2.024228e+01 3.188595e-01 1.220300e+01 1.892553e+01 5.706247e-01 2.698504e-01 1.836106e+01 3.754917e-01 2.061429e+01 2.015919e+01 2.009840e+01 1.936224e-01 4.931593e-01 5.732414e-01 8.830856e-01 3.615780e+00 
F9: 1.81e+02  (8.67e-14): 1.807813e+02 1.807813e+02 1.807813e+02 1.807813e+02 1.807813e+02 1.807813e+02 1.807813e+02 1.807813e+02 1.807813e+02 1.807813e+02 1.807813e+02 1.807813e+02 1.807813e+02 1.807813e+02 1.807813e+02 1.807813e+02 1.807813e+02 1.807813e+02 1.807813e+02 1.807813e+02 1.807813e+02 1.807813e+02 1.807813e+02 1.807813e+02 1.807813e+02 1.807813e+02 1.807813e+02 1.807813e+02 1.807813e+02 1.807813e+02 
F10: 0.00e+00  (0.00e+00): 0.000000e+00 0.000000e+00 0.000000e+00 0.000000e+00 0.000000e+00 0.000000e+00 0.000000e+00 0.000000e+00 0.000000e+00 0.000000e+00 0.000000e+00 0.000000e+00 0.000000e+00 0.000000e+00 0.000000e+00 0.000000e+00 0.000000e+00 0.000000e+00 0.000000e+00 0.000000e+00 0.000000e+00 0.000000e+00 0.000000e+00 0.000000e+00 0.000000e+00 0.000000e+00 0.000000e+00 0.000000e+00 0.000000e+00 0.000000e+00 
F11: 1.90e+02  (1.47e+02): 0.000000e+00 3.000000e+02 3.000000e+02 0.000000e+00 3.000000e+02 0.000000e+00 3.000000e+02 0.000000e+00 3.000000e+02 3.000000e+02 3.000000e+02 3.000000e+02 3.000000e+02 3.000000e+02 3.000000e+02 0.000000e+00 0.000000e+00 3.000000e+02 3.000000e+02 3.000000e+02 0.000000e+00 0.000000e+00 3.000000e+02 3.000000e+02 0.000000e+00 3.000000e+02 3.000000e+02 3.000000e+02 0.000000e+00 0.000000e+00 
F12: 2.32e+02  (1.55e+00): 2.319150e+02 2.306679e+02 2.312231e+02 2.318480e+02 2.335758e+02 2.313817e+02 2.311697e+02 2.302275e+02 2.312231e+02 2.311332e+02 2.302999e+02 2.306575e+02 2.313871e+02 2.312951e+02 2.351839e+02 2.319331e+02 2.308107e+02 2.306185e+02 2.340995e+02 2.320681e+02 2.286422e+02 2.329039e+02 2.336107e+02 2.329396e+02 2.328804e+02 2.313871e+02 2.319888e+02 2.318640e+02 2.354268e+02 2.347812e+02 
F1: 0.00e+00  (0.00e+00): 0.000000e+00 0.000000e+00 0.000000e+00 0.000000e+00 0.000000e+00 0.000000e+00 0.000000e+00 0.000000e+00 0.000000e+00 0.000000e+00 0.000000e+00 0.000000e+00 0.000000e+00 0.000000e+00 0.000000e+00 0.000000e+00 0.000000e+00 0.000000e+00 0.000000e+00 0.000000e+00 0.000000e+00 0.000000e+00 0.000000e+00 0.000000e+00 0.000000e+00 0.000000e+00 0.000000e+00 0.000000e+00 0.000000e+00 0.000000e+00 
F2: 3.16e+01  (2.07e+01): 0.000000e+00 4.489547e+01 0.000000e+00 0.000000e+00 4.489547e+01 4.489547e+01 4.489547e+01 4.489547e+01 4.489547e+01 4.489547e+01 4.030260e+00 4.489547e+01 4.489547e+01 4.489547e+01 0.000000e+00 4.489547e+01 4.489547e+01 4.489547e+01 4.489547e+01 0.000000e+00 0.000000e+00 4.489547e+01 0.000000e+00 4.489547e+01 4.489547e+01 4.489547e+01 4.489547e+01 4.489547e+01 0.000000e+00 4.489547e+01 
F3: 0.00e+00  (0.00e+00): 0.000000e+00 0.000000e+00 0.000000e+00 0.000000e+00 0.000000e+00 0.000000e+00 0.000000e+00 0.000000e+00 0.000000e+00 0.000000e+00 0.000000e+00 0.000000e+00 0.000000e+00 0.000000e+00 0.000000e+00 0.000000e+00 0.000000e+00 0.000000e+00 0.000000e+00 0.000000e+00 0.000000e+00 0.000000e+00 0.000000e+00 0.000000e+00 0.000000e+00 0.000000e+00 0.000000e+00 0.000000e+00 0.000000e+00 0.000000e+00 
F4: 3.92e+01  (1.22e+01): 4.974778e+01 4.477308e+01 2.188908e+01 5.372767e+01 5.074284e+01 3.482352e+01 1.193951e+01 4.278318e+01 4.875282e+01 6.964686e+01 4.178821e+01 5.372763e+01 3.183864e+01 3.581847e+01 2.885377e+01 3.084370e+01 2.686385e+01 2.785883e+01 5.372763e+01 3.382854e+01 3.979830e+01 3.880333e+01 4.775794e+01 3.979822e+01 2.387898e+01 2.487394e+01 4.576803e+01 4.377793e+01 2.984875e+01 4.875290e+01 
F5: 0.00e+00  (0.00e+00): 0.000000e+00 0.000000e+00 0.000000e+00 0.000000e+00 0.000000e+00 0.000000e+00 0.000000e+00 0.000000e+00 0.000000e+00 0.000000e+00 0.000000e+00 0.000000e+00 0.000000e+00 0.000000e+00 0.000000e+00 0.000000e+00 0.000000e+00 0.000000e+00 0.000000e+00 0.000000e+00 0.000000e+00 0.000000e+00 0.000000e+00 0.000000e+00 0.000000e+00 0.000000e+00 0.000000e+00 0.000000e+00 0.000000e+00 0.000000e+00 
F6: 3.96e-01  (3.85e-01): 2.458315e-01 1.245929e+00 1.105330e+00 1.997525e-01 3.344329e-01 1.475797e-01 1.220455e+00 3.491461e-01 2.379833e-01 1.648739e-01 1.028085e-01 2.358118e-01 1.697819e-01 2.039115e-01 1.265477e-01 3.321398e-01 1.199436e-01 2.461855e-01 3.978136e-01 3.083973e-01 3.038735e-01 1.009454e-01 1.339596e+00 1.203316e+00 2.634979e-01 2.721078e-01 1.958348e-01 1.764336e-01 3.181190e-01 2.145890e-01 
F7: 1.21e+00  (6.62e-01): 9.949591e-01 2.302091e+00 9.949591e-01 9.949591e-01 1.307132e+00 9.949591e-01 9.949591e-01 9.949610e-01 2.302091e+00 3.121733e-01 9.949591e-01 2.984877e+00 9.949591e-01 1.307132e+00 1.307132e+00 9.949591e-01 9.949591e-01 9.949591e-01 1.307132e+00 3.121733e-01 1.307132e+00 3.121781e-01 2.614265e+00 9.949591e-01 1.307132e+00 1.989918e+00 9.949591e-01 0.000000e+00 1.307132e+00 9.949591e-01 
F8: 9.02e+00  (9.55e+00): 7.574910e-01 2.016888e+01 2.008341e+01 7.990381e-01 2.015290e+01 7.490727e-01 1.870986e+01 1.822780e+01 2.017659e+01 7.582612e-01 5.463625e-01 8.390869e-01 1.822488e-01 3.461877e-01 2.016424e+01 2.027464e-01 1.691447e+01 2.012676e+01 7.054147e-01 3.142117e-01 2.050001e+01 4.455246e-01 2.017618e+01 2.017115e+01 2.011904e+01 1.095801e-01 4.306419e-01 5.640011e-01 8.200273e-01 6.325754e+00 
F9: 1.81e+02  (8.67e-14): 1.807813e+02 1.807813e+02 1.807813e+02 1.807813e+02 1.807813e+02 1.807813e+02 1.807813e+02 1.807813e+02 1.807813e+02 1.807813e+02 1.807813e+02 1.807813e+02 1.807813e+02 1.807813e+02 1.807813e+02 1.807813e+02 1.807813e+02 1.807813e+02 1.807813e+02 1.807813e+02 1.807813e+02 1.807813e+02 1.807813e+02 1.807813e+02 1.807813e+02 1.807813e+02 1.807813e+02 1.807813e+02 1.807813e+02 1.807813e+02 
F10: 0.00e+00  (0.00e+00): 0.000000e+00 0.000000e+00 0.000000e+00 0.000000e+00 0.000000e+00 0.000000e+00 0.000000e+00 0.000000e+00 0.000000e+00 0.000000e+00 0.000000e+00 0.000000e+00 0.000000e+00 0.000000e+00 0.000000e+00 0.000000e+00 0.000000e+00 0.000000e+00 0.000000e+00 0.000000e+00 0.000000e+00 0.000000e+00 0.000000e+00 0.000000e+00 0.000000e+00 0.000000e+00 0.000000e+00 0.000000e+00 0.000000e+00 0.000000e+00 
F11: 1.90e+02  (1.47e+02): 0.000000e+00 3.000000e+02 3.000000e+02 0.000000e+00 3.000000e+02 0.000000e+00 3.000000e+02 0.000000e+00 3.000000e+02 3.000000e+02 3.000000e+02 3.000000e+02 3.000000e+02 3.000000e+02 3.000000e+02 0.000000e+00 0.000000e+00 3.000000e+02 3.000000e+02 3.000000e+02 0.000000e+00 0.000000e+00 3.000000e+02 3.000000e+02 0.000000e+00 3.000000e+02 3.000000e+02 3.000000e+02 0.000000e+00 0.000000e+00 
F12: 2.32e+02  (1.59e+00): 2.314526e+02 2.306679e+02 2.311697e+02 2.318480e+02 2.338624e+02 2.330555e+02 2.311697e+02 2.288284e+02 2.331425e+02 2.311332e+02 2.311697e+02 2.331886e+02 2.336786e+02 2.312951e+02 2.343695e+02 2.326396e+02 2.308107e+02 2.318067e+02 2.332971e+02 2.339837e+02 2.280331e+02 2.329039e+02 2.320606e+02 2.330555e+02 2.322536e+02 2.318480e+02 2.335213e+02 2.318480e+02 2.354268e+02 2.342809e+02 


F1: 0.00e+00  (0.00e+00): 0.000000e+00 0.000000e+00 0.000000e+00 0.000000e+00 0.000000e+00 0.000000e+00 0.000000e+00 0.000000e+00 0.000000e+00 0.000000e+00 0.000000e+00 0.000000e+00 0.000000e+00 0.000000e+00 0.000000e+00 0.000000e+00 0.000000e+00 0.000000e+00 0.000000e+00 0.000000e+00 0.000000e+00 0.000000e+00 0.000000e+00 0.000000e+00 0.000000e+00 0.000000e+00 0.000000e+00 0.000000e+00 0.000000e+00 0.000000e+00 
F2: 0.00e+00  (0.00e+00): 0.000000e+00 0.000000e+00 0.000000e+00 0.000000e+00 0.000000e+00 0.000000e+00 0.000000e+00 0.000000e+00 0.000000e+00 0.000000e+00 0.000000e+00 0.000000e+00 0.000000e+00 0.000000e+00 0.000000e+00 0.000000e+00 0.000000e+00 0.000000e+00 0.000000e+00 0.000000e+00 0.000000e+00 0.000000e+00 0.000000e+00 0.000000e+00 0.000000e+00 0.000000e+00 0.000000e+00 0.000000e+00 0.000000e+00 0.000000e+00 
F3: 0.00e+00  (0.00e+00): 0.000000e+00 0.000000e+00 0.000000e+00 0.000000e+00 0.000000e+00 0.000000e+00 0.000000e+00 0.000000e+00 0.000000e+00 0.000000e+00 0.000000e+00 0.000000e+00 0.000000e+00 0.000000e+00 0.000000e+00 0.000000e+00 0.000000e+00 0.000000e+00 0.000000e+00 0.000000e+00 0.000000e+00 0.000000e+00 0.000000e+00 0.000000e+00 0.000000e+00 0.000000e+00 0.000000e+00 0.000000e+00 0.000000e+00 0.000000e+00 
F4: 3.90e+01  (1.10e+01): 4.178820e+01 3.880335e+01 1.790925e+01 3.780839e+01 4.576797e+01 5.074276e+01 3.382856e+01 3.979829e+01 5.671255e+01 5.074276e+01 5.074282e+01 2.387898e+01 2.984875e+01 5.273273e+01 5.074278e+01 4.875290e+01 1.591934e+01 4.278318e+01 5.074274e+01 1.890421e+01 3.681345e+01 3.283360e+01 4.100736e+01 3.382854e+01 3.183864e+01 2.785881e+01 3.681345e+01 4.178816e+01 5.074269e+01 3.780837e+01 
F5: 0.00e+00  (0.00e+00): 0.000000e+00 0.000000e+00 0.000000e+00 0.000000e+00 0.000000e+00 0.000000e+00 0.000000e+00 0.000000e+00 0.000000e+00 0.000000e+00 0.000000e+00 0.000000e+00 0.000000e+00 0.000000e+00 0.000000e+00 0.000000e+00 0.000000e+00 0.000000e+00 0.000000e+00 0.000000e+00 0.000000e+00 0.000000e+00 0.000000e+00 0.000000e+00 0.000000e+00 0.000000e+00 0.000000e+00 0.000000e+00 0.000000e+00 0.000000e+00 
F6: 5.08e-01  (6.22e-01): 1.198720e-01 1.135349e+00 1.101504e-01 8.645714e-02 1.540058e-01 2.131952e+00 1.405132e-01 1.129544e-01 1.585900e-01 1.148109e+00 2.591917e-01 5.372089e-02 1.443476e-01 1.703599e-01 1.194376e+00 1.253991e-01 1.855926e-01 1.507404e-01 2.165066e+00 1.965413e-01 1.164994e+00 1.067642e-01 1.108302e+00 1.117013e+00 1.673181e-01 1.333787e-01 1.184150e+00 1.151447e-01 1.516988e-01 4.490738e-02 
F7: 1.16e+00  (6.84e-01): 0.000000e+00 1.307132e+00 1.307132e+00 1.989918e+00 1.307132e+00 0.000000e+00 3.121733e-01 1.989918e+00 1.307132e+00 9.949591e-01 1.307132e+00 1.307132e+00 1.307132e+00 1.619306e+00 2.321505e+00 1.040190e+00 9.949591e-01 9.949591e-01 9.949591e-01 9.949591e-01 1.307176e+00 1.989918e+00 2.984877e+00 1.307133e+00 3.121733e-01 9.949591e-01 9.949591e-01 1.327727e+00 0.000000e+00 3.121733e-01 
F8: 1.09e+01  (9.86e+00): 6.093493e-01 1.937439e+01 2.025635e+01 2.045035e+01 4.632415e-01 7.750733e-01 1.306241e-01 2.015379e+01 2.046639e+01 2.038080e+01 2.016374e+01 2.045613e+01 2.018978e+01 5.583336e-01 2.194327e-01 3.851252e-01 2.029434e+01 1.610459e+00 5.538208e-01 2.548888e-01 5.591953e-01 8.366967e-01 2.039337e+01 5.715898e-01 2.054864e+01 2.039938e+01 1.718636e+01 1.771829e+01 2.034257e+01 1.326524e-01 
F9: 1.65e+02  (3.29e+01): 1.807813e+02 1.807813e+02 1.807813e+02 1.000000e+02 1.807813e+02 1.807813e+02 1.807813e+02 1.807813e+02 1.807813e+02 1.807813e+02 1.807813e+02 1.807813e+02 1.000000e+02 1.807813e+02 1.807813e+02 1.807813e+02 1.807813e+02 1.807813e+02 1.000000e+02 1.807813e+02 1.807813e+02 1.000000e+02 1.807813e+02 1.000000e+02 1.807813e+02 1.807813e+02 1.807813e+02 1.807813e+02 1.000000e+02 1.807813e+02 
F10: 0.00e+00  (0.00e+00): 0.000000e+00 0.000000e+00 0.000000e+00 0.000000e+00 0.000000e+00 0.000000e+00 0.000000e+00 0.000000e+00 0.000000e+00 0.000000e+00 0.000000e+00 0.000000e+00 0.000000e+00 0.000000e+00 0.000000e+00 0.000000e+00 0.000000e+00 0.000000e+00 0.000000e+00 0.000000e+00 0.000000e+00 0.000000e+00 0.000000e+00 0.000000e+00 0.000000e+00 0.000000e+00 0.000000e+00 0.000000e+00 0.000000e+00 0.000000e+00 
F11: 2.00e+01  (7.61e+01): 0.000000e+00 0.000000e+00 0.000000e+00 0.000000e+00 0.000000e+00 0.000000e+00 0.000000e+00 0.000000e+00 0.000000e+00 0.000000e+00 0.000000e+00 0.000000e+00 0.000000e+00 0.000000e+00 3.000000e+02 0.000000e+00 0.000000e+00 0.000000e+00 0.000000e+00 0.000000e+00 0.000000e+00 0.000000e+00 0.000000e+00 0.000000e+00 0.000000e+00 0.000000e+00 0.000000e+00 3.000000e+02 0.000000e+00 0.000000e+00 
F12: 2.32e+02  (1.42e+00): 2.330456e+02 2.321403e+02 2.327717e+02 2.316669e+02 2.320519e+02 2.323224e+02 2.318093e+02 2.348192e+02 2.323717e+02 2.282283e+02 2.326123e+02 2.339591e+02 2.332755e+02 2.328458e+02 2.313817e+02 2.310297e+02 2.318480e+02 2.325626e+02 2.309436e+02 2.318480e+02 2.324577e+02 2.329636e+02 2.339115e+02 2.339743e+02 2.297086e+02 2.315794e+02 2.290526e+02 2.325656e+02 2.308067e+02 2.330689e+02 

F4: 3.90e+01  (1.10e+01): 4.178820e+01 3.880335e+01 1.790925e+01 3.780839e+01 4.576797e+01 5.074276e+01 3.382856e+01 3.979829e+01 5.671255e+01 5.074276e+01 5.074282e+01 2.387898e+01 2.984875e+01 5.273273e+01 5.074278e+01 4.875290e+01 1.591934e+01 4.278318e+01 5.074274e+01 1.890421e+01 3.681345e+01 3.283360e+01 4.100736e+01 3.382854e+01 3.183864e+01 2.785881e+01 3.681345e+01 4.178816e+01 5.074269e+01 3.780837e+01 
F5: 0.00e+00  (0.00e+00): 0.000000e+00 0.000000e+00 0.000000e+00 0.000000e+00 0.000000e+00 0.000000e+00 0.000000e+00 0.000000e+00 0.000000e+00 0.000000e+00 0.000000e+00 0.000000e+00 0.000000e+00 0.000000e+00 0.000000e+00 0.000000e+00 0.000000e+00 0.000000e+00 0.000000e+00 0.000000e+00 0.000000e+00 0.000000e+00 0.000000e+00 0.000000e+00 0.000000e+00 0.000000e+00 0.000000e+00 0.000000e+00 0.000000e+00 0.000000e+00 
F6: 5.08e-01  (6.22e-01): 1.198720e-01 1.135349e+00 1.101504e-01 8.645714e-02 1.540058e-01 2.131952e+00 1.405132e-01 1.129544e-01 1.585900e-01 1.148109e+00 2.591917e-01 5.372089e-02 1.443476e-01 1.703599e-01 1.194376e+00 1.253991e-01 1.855926e-01 1.507404e-01 2.165066e+00 1.965413e-01 1.164994e+00 1.067642e-01 1.108302e+00 1.117013e+00 1.673181e-01 1.333787e-01 1.184150e+00 1.151447e-01 1.516988e-01 4.490738e-02 
F7: 1.16e+00  (6.84e-01): 0.000000e+00 1.307132e+00 1.307132e+00 1.989918e+00 1.307132e+00 0.000000e+00 3.121733e-01 1.989918e+00 1.307132e+00 9.949591e-01 1.307132e+00 1.307132e+00 1.307132e+00 1.619306e+00 2.321505e+00 1.040190e+00 9.949591e-01 9.949591e-01 9.949591e-01 9.949591e-01 1.307176e+00 1.989918e+00 2.984877e+00 1.307133e+00 3.121733e-01 9.949591e-01 9.949591e-01 1.327727e+00 0.000000e+00 3.121733e-01 
F8: 1.09e+01  (9.86e+00): 6.093493e-01 1.937439e+01 2.025635e+01 2.045035e+01 4.632415e-01 7.750733e-01 1.306241e-01 2.015379e+01 2.046639e+01 2.038080e+01 2.016374e+01 2.045613e+01 2.018978e+01 5.583336e-01 2.194327e-01 3.851252e-01 2.029434e+01 1.610459e+00 5.538208e-01 2.548888e-01 5.591953e-01 8.366967e-01 2.039337e+01 5.715898e-01 2.054864e+01 2.039938e+01 1.718636e+01 1.771829e+01 2.034257e+01 1.326524e-01 
F9: 1.65e+02  (3.29e+01): 1.807813e+02 1.807813e+02 1.807813e+02 1.000000e+02 1.807813e+02 1.807813e+02 1.807813e+02 1.807813e+02 1.807813e+02 1.807813e+02 1.807813e+02 1.807813e+02 1.000000e+02 1.807813e+02 1.807813e+02 1.807813e+02 1.807813e+02 1.807813e+02 1.000000e+02 1.807813e+02 1.807813e+02 1.000000e+02 1.807813e+02 1.000000e+02 1.807813e+02 1.807813e+02 1.807813e+02 1.807813e+02 1.000000e+02 1.807813e+02 
F10: 0.00e+00  (0.00e+00): 0.000000e+00 0.000000e+00 0.000000e+00 0.000000e+00 0.000000e+00 0.000000e+00 0.000000e+00 0.000000e+00 0.000000e+00 0.000000e+00 0.000000e+00 0.000000e+00 0.000000e+00 0.000000e+00 0.000000e+00 0.000000e+00 0.000000e+00 0.000000e+00 0.000000e+00 0.000000e+00 0.000000e+00 0.000000e+00 0.000000e+00 0.000000e+00 0.000000e+00 0.000000e+00 0.000000e+00 0.000000e+00 0.000000e+00 0.000000e+00 
F11: 2.00e+01  (7.61e+01): 0.000000e+00 0.000000e+00 0.000000e+00 0.000000e+00 0.000000e+00 0.000000e+00 0.000000e+00 0.000000e+00 0.000000e+00 0.000000e+00 0.000000e+00 0.000000e+00 0.000000e+00 0.000000e+00 3.000000e+02 0.000000e+00 0.000000e+00 0.000000e+00 0.000000e+00 0.000000e+00 0.000000e+00 0.000000e+00 0.000000e+00 0.000000e+00 0.000000e+00 0.000000e+00 0.000000e+00 3.000000e+02 0.000000e+00 0.000000e+00 
F12: 2.32e+02  (1.42e+00): 2.330456e+02 2.321403e+02 2.327717e+02 2.316669e+02 2.320519e+02 2.323224e+02 2.318093e+02 2.348192e+02 2.323717e+02 2.282283e+02 2.326123e+02 2.339591e+02 2.332755e+02 2.328458e+02 2.313817e+02 2.310297e+02 2.318480e+02 2.325626e+02 2.309436e+02 2.318480e+02 2.324577e+02 2.329636e+02 2.339115e+02 2.339743e+02 2.297086e+02 2.315794e+02 2.290526e+02 2.325656e+02 2.308067e+02 2.330689e+02 

op1+2+3
F2: 0.00e+00  (0.00e+00): 0.000000e+00 0.000000e+00 0.000000e+00 0.000000e+00 0.000000e+00 0.000000e+00 0.000000e+00 0.000000e+00 0.000000e+00 0.000000e+00 0.000000e+00 0.000000e+00 0.000000e+00 0.000000e+00 0.000000e+00 0.000000e+00 0.000000e+00 0.000000e+00 0.000000e+00 0.000000e+00 0.000000e+00 0.000000e+00 0.000000e+00 0.000000e+00 0.000000e+00 0.000000e+00 0.000000e+00 0.000000e+00 0.000000e+00 0.000000e+00 
F3: 0.00e+00  (0.00e+00): 0.000000e+00 0.000000e+00 0.000000e+00 0.000000e+00 0.000000e+00 0.000000e+00 0.000000e+00 0.000000e+00 0.000000e+00 0.000000e+00 0.000000e+00 0.000000e+00 0.000000e+00 0.000000e+00 0.000000e+00 0.000000e+00 0.000000e+00 0.000000e+00 0.000000e+00 0.000000e+00 0.000000e+00 0.000000e+00 0.000000e+00 0.000000e+00 0.000000e+00 0.000000e+00 0.000000e+00 0.000000e+00 0.000000e+00 0.000000e+00 
F4: 4.52e+01  (8.36e+00): 5.074284e+01 4.875290e+01 4.576803e+01 5.671248e+01 5.969736e+01 3.382857e+01 4.377813e+01 3.880333e+01 3.581848e+01 4.676297e+01 4.543311e+01 3.283362e+01 4.974766e+01 4.477301e+01 5.870248e+01 3.581849e+01 4.676298e+01 4.676301e+01 4.676301e+01 3.880333e+01 2.188908e+01 5.969740e+01 4.377813e+01 4.477307e+01 4.676297e+01 3.999530e+01 4.676299e+01 4.178824e+01 4.875286e+01 5.372757e+01 
F5: 0.00e+00  (0.00e+00): 0.000000e+00 0.000000e+00 0.000000e+00 0.000000e+00 0.000000e+00 0.000000e+00 0.000000e+00 0.000000e+00 0.000000e+00 0.000000e+00 0.000000e+00 0.000000e+00 0.000000e+00 0.000000e+00 0.000000e+00 0.000000e+00 0.000000e+00 0.000000e+00 0.000000e+00 0.000000e+00 0.000000e+00 0.000000e+00 0.000000e+00 0.000000e+00 0.000000e+00 0.000000e+00 0.000000e+00 0.000000e+00 0.000000e+00 0.000000e+00 
F6: 1.69e-01  (3.92e-02): 1.668307e-01 2.003412e-01 1.616650e-01 1.960095e-01 1.049911e-01 1.020765e-01 1.529211e-01 2.291555e-01 2.098778e-01 1.763058e-01 2.443306e-01 1.722569e-01 1.545089e-01 2.129959e-01 1.852313e-01 1.136829e-01 1.699400e-01 1.671426e-01 1.381006e-01 1.906543e-01 1.827437e-01 1.688095e-01 1.716281e-01 2.050266e-01 1.060180e-01 1.651371e-01 2.069008e-01 1.570746e-01 7.385764e-02 1.741428e-01 
F7: 1.64e+00  (8.27e-01): 2.533183e+00 2.439876e+00 6.255011e-01 1.429961e+00 1.787488e+00 1.406123e+00 1.708883e+00 1.382182e+00 2.446780e+00 3.047915e+00 4.768498e-01 2.534485e+00 2.608334e+00 1.285941e+00 2.619792e+00 7.128118e-01 1.656549e+00 3.869379e-02 1.690057e+00 1.992684e+00 2.022122e+00 1.373613e+00 2.019752e-01 1.436856e+00 2.809093e+00 8.365998e-01 4.692664e-01 1.118329e+00 2.075530e+00 2.429864e+00 
F8: 1.64e+01  (4.89e+00): 1.872575e+01 1.920730e+01 3.012520e+00 1.854033e+01 1.841957e+01 1.958638e+01 1.522133e+01 2.018234e+01 1.634978e+01 1.886476e+01 7.587675e+00 1.737705e+01 1.318472e+01 1.589141e+01 1.971606e+01 1.236782e+01 2.022992e+01 1.810974e+01 1.937054e+01 3.748355e+00 1.907584e+01 1.933248e+01 1.885683e+01 1.898232e+01 1.869654e+01 2.011447e+01 1.997800e+01 1.494134e+01 1.906628e+01 7.005660e+00 
F9: 1.67e+02  (3.06e+01): 1.807813e+02 1.807813e+02 1.000000e+02 1.807813e+02 1.807813e+02 1.807813e+02 1.807813e+02 1.807813e+02 1.807813e+02 1.807813e+02 1.000000e+02 1.807813e+02 1.000000e+02 1.807813e+02 1.807813e+02 1.807813e+02 1.807813e+02 1.807813e+02 1.807813e+02 1.807813e+02 1.807813e+02 1.807813e+02 1.807813e+02 1.807813e+02 1.807813e+02 1.807813e+02 1.807813e+02 1.000000e+02 1.807813e+02 1.000000e+02 
F10: 0.00e+00  (0.00e+00): 0.000000e+00 0.000000e+00 0.000000e+00 0.000000e+00 0.000000e+00 0.000000e+00 0.000000e+00 0.000000e+00 0.000000e+00 0.000000e+00 0.000000e+00 0.000000e+00 0.000000e+00 0.000000e+00 0.000000e+00 0.000000e+00 0.000000e+00 0.000000e+00 0.000000e+00 0.000000e+00 0.000000e+00 0.000000e+00 0.000000e+00 0.000000e+00 0.000000e+00 0.000000e+00 0.000000e+00 0.000000e+00 0.000000e+00 0.000000e+00 
F11: 0.00e+00  (0.00e+00): 0.000000e+00 0.000000e+00 0.000000e+00 0.000000e+00 0.000000e+00 0.000000e+00 0.000000e+00 0.000000e+00 0.000000e+00 0.000000e+00 0.000000e+00 0.000000e+00 0.000000e+00 0.000000e+00 0.000000e+00 0.000000e+00 0.000000e+00 0.000000e+00 0.000000e+00 0.000000e+00 0.000000e+00 0.000000e+00 0.000000e+00 0.000000e+00 0.000000e+00 0.000000e+00 0.000000e+00 0.000000e+00 0.000000e+00 0.000000e+00 
F12: 2.33e+02  (2.24e+00): 2.323004e+02 2.359294e+02 2.358063e+02 2.343183e+02 2.327195e+02 2.329203e+02 2.336130e+02 2.287393e+02 2.325448e+02 2.347055e+02 2.361933e+02 2.323757e+02 2.326190e+02 2.354136e+02 2.328895e+02 2.321109e+02 2.335620e+02 2.328615e+02 2.335823e+02 2.299949e+02 2.329778e+02 2.320085e+02 2.343975e+02 2.329369e+02 2.260356e+02 2.284974e+02 2.330858e+02 2.344955e+02 2.313871e+02 2.344718e+02 

op1+2+3+6
F4: 4.56e+01  (7.76e+00): 5.472263e+01 3.979831e+01 4.079325e+01 3.983437e+01 3.084369e+01 5.472245e+01 4.477307e+01 3.283360e+01 4.974787e+01 4.875288e+01 6.473403e+01 4.079327e+01 3.382854e+01 4.278316e+01 3.880335e+01 4.676301e+01 4.079326e+01 4.278318e+01 5.173772e+01 4.576803e+01 5.870246e+01 4.079322e+01 5.173780e+01 4.079325e+01 4.477309e+01 4.875290e+01 5.784362e+01 4.576803e+01 4.377814e+01 4.875286e+01 
F5: 0.00e+00  (0.00e+00): 0.000000e+00 0.000000e+00 0.000000e+00 0.000000e+00 0.000000e+00 0.000000e+00 0.000000e+00 0.000000e+00 0.000000e+00 0.000000e+00 0.000000e+00 0.000000e+00 0.000000e+00 0.000000e+00 0.000000e+00 0.000000e+00 0.000000e+00 0.000000e+00 0.000000e+00 0.000000e+00 0.000000e+00 0.000000e+00 0.000000e+00 0.000000e+00 0.000000e+00 0.000000e+00 0.000000e+00 0.000000e+00 0.000000e+00 0.000000e+00 
F6: 1.48e-01  (4.02e-02): 1.628643e-01 1.535018e-01 1.018704e-01 1.263726e-01 1.303031e-01 9.296806e-02 1.106981e-01 1.259111e-01 8.428588e-02 1.292912e-01 1.244528e-01 1.513725e-01 1.817156e-01 1.725865e-01 2.199146e-01 1.978995e-01 1.478140e-01 1.469966e-01 1.801516e-01 1.194393e-01 9.913546e-02 1.643445e-01 1.928233e-01 1.759045e-01 9.221070e-02 2.045521e-01 1.773665e-01 8.191161e-02 2.111191e-01 1.872305e-01 
F7: 1.51e+00  (7.17e-01): 2.092446e+00 1.827765e+00 1.087510e+00 1.312531e+00 1.371087e+00 1.060148e+00 2.318599e+00 2.522649e+00 9.962849e-01 1.465828e+00 2.566501e+00 1.249393e+00 1.908051e+00 3.613298e-01 2.424543e+00 1.108271e+00 3.904779e-01 2.407903e+00 1.637259e+00 2.172855e+00 2.035330e+00 3.153881e-01 1.282493e+00 8.401982e-01 7.281310e-02 8.802775e-01 1.909538e+00 1.519582e+00 1.653832e+00 2.539597e+00 
F8: 1.50e+01  (5.65e+00): 1.055065e+01 2.012067e+01 1.855374e+01 8.956100e+00 1.904248e+01 1.504408e+01 1.456433e+01 1.736571e+01 2.025844e+01 1.957716e+01 2.021210e+01 5.153453e+00 1.615122e+01 1.243558e+00 1.933860e+01 1.496628e+01 2.016473e+01 1.774629e+01 1.664586e+01 9.069129e+00 9.004347e+00 1.376775e+01 2.022893e+01 1.870212e+01 1.823313e+01 1.840239e+01 1.973755e+01 1.066872e+00 1.572765e+01 9.021086e+00 
F9: 1.57e+02  (3.77e+01): 1.807813e+02 1.807813e+02 1.807813e+02 1.807813e+02 1.807813e+02 1.000000e+02 1.807813e+02 1.000000e+02 1.807813e+02 1.807813e+02 1.000000e+02 1.807813e+02 1.000000e+02 1.807813e+02 1.000000e+02 1.807813e+02 1.000000e+02 1.807813e+02 1.807813e+02 1.807813e+02 1.807813e+02 1.807813e+02 1.807813e+02 1.000000e+02 1.807813e+02 1.807813e+02 1.807813e+02 1.000000e+02 1.000000e+02 1.807813e+02 
F10: 0.00e+00  (0.00e+00): 0.000000e+00 0.000000e+00 0.000000e+00 0.000000e+00 0.000000e+00 0.000000e+00 0.000000e+00 0.000000e+00 0.000000e+00 0.000000e+00 0.000000e+00 0.000000e+00 0.000000e+00 0.000000e+00 0.000000e+00 0.000000e+00 0.000000e+00 0.000000e+00 0.000000e+00 0.000000e+00 0.000000e+00 0.000000e+00 0.000000e+00 0.000000e+00 0.000000e+00 0.000000e+00 0.000000e+00 0.000000e+00 0.000000e+00 0.000000e+00 
F11: 0.00e+00  (0.00e+00): 0.000000e+00 0.000000e+00 0.000000e+00 0.000000e+00 0.000000e+00 0.000000e+00 0.000000e+00 0.000000e+00 0.000000e+00 0.000000e+00 0.000000e+00 0.000000e+00 0.000000e+00 0.000000e+00 0.000000e+00 0.000000e+00 0.000000e+00 0.000000e+00 0.000000e+00 0.000000e+00 0.000000e+00 0.000000e+00 0.000000e+00 0.000000e+00 0.000000e+00 0.000000e+00 0.000000e+00 0.000000e+00 0.000000e+00 0.000000e+00 
F12: 2.33e+02  (1.49e+00): 2.341106e+02 2.343550e+02 2.334945e+02 2.341139e+02 2.326073e+02 2.317660e+02 2.329171e+02 2.359676e+02 2.327120e+02 2.344631e+02 2.343662e+02 2.372262e+02 2.319014e+02 2.344790e+02 2.308147e+02 2.329482e+02 2.340357e+02 2.307569e+02 2.335209e+02 2.332450e+02 2.310297e+02 2.325139e+02 2.328033e+02 2.341922e+02 2.346431e+02 2.330517e+02 2.328658e+02 2.306679e+02 2.339808e+02 2.326782e+02 

res
F1: 0.00e+00  (0.00e+00): 0.000000e+00 0.000000e+00 0.000000e+00 0.000000e+00 0.000000e+00 0.000000e+00 0.000000e+00 0.000000e+00 0.000000e+00 0.000000e+00 0.000000e+00 0.000000e+00 0.000000e+00 0.000000e+00 0.000000e+00 0.000000e+00 0.000000e+00 0.000000e+00 0.000000e+00 0.000000e+00 0.000000e+00 0.000000e+00 0.000000e+00 0.000000e+00 0.000000e+00 0.000000e+00 0.000000e+00 0.000000e+00 0.000000e+00 0.000000e+00 
F2: 0.00e+00  (0.00e+00): 0.000000e+00 0.000000e+00 0.000000e+00 0.000000e+00 0.000000e+00 0.000000e+00 0.000000e+00 0.000000e+00 0.000000e+00 0.000000e+00 0.000000e+00 0.000000e+00 0.000000e+00 0.000000e+00 0.000000e+00 0.000000e+00 0.000000e+00 0.000000e+00 0.000000e+00 0.000000e+00 0.000000e+00 0.000000e+00 0.000000e+00 0.000000e+00 0.000000e+00 0.000000e+00 0.000000e+00 0.000000e+00 0.000000e+00 0.000000e+00 
F3: 0.00e+00  (0.00e+00): 0.000000e+00 0.000000e+00 0.000000e+00 0.000000e+00 0.000000e+00 0.000000e+00 0.000000e+00 0.000000e+00 0.000000e+00 0.000000e+00 0.000000e+00 0.000000e+00 0.000000e+00 0.000000e+00 0.000000e+00 0.000000e+00 0.000000e+00 0.000000e+00 0.000000e+00 0.000000e+00 0.000000e+00 0.000000e+00 0.000000e+00 0.000000e+00 0.000000e+00 0.000000e+00 0.000000e+00 0.000000e+00 0.000000e+00 0.000000e+00 
F4: 4.88e+01  (7.57e+00): 4.775792e+01 5.372763e+01 4.278318e+01 3.183862e+01 3.482351e+01 5.870246e+01 4.775788e+01 3.880334e+01 5.074276e+01 5.770740e+01 4.278314e+01 5.173776e+01 5.571761e+01 4.576803e+01 5.770751e+01 5.074280e+01 5.870246e+01 4.974788e+01 5.273275e+01 4.974788e+01 4.079328e+01 5.472267e+01 4.178814e+01 5.074280e+01 5.074274e+01 4.676297e+01 6.168715e+01 5.087842e+01 3.482351e+01 5.173771e+01 
F5: 0.00e+00  (0.00e+00): 0.000000e+00 0.000000e+00 0.000000e+00 0.000000e+00 0.000000e+00 0.000000e+00 0.000000e+00 0.000000e+00 0.000000e+00 0.000000e+00 0.000000e+00 0.000000e+00 0.000000e+00 0.000000e+00 0.000000e+00 0.000000e+00 0.000000e+00 0.000000e+00 0.000000e+00 0.000000e+00 0.000000e+00 0.000000e+00 0.000000e+00 0.000000e+00 0.000000e+00 0.000000e+00 0.000000e+00 0.000000e+00 0.000000e+00 0.000000e+00 
F6: 1.38e-01  (4.88e-02): 1.152297e-01 1.600432e-01 1.378070e-01 1.654935e-01 2.366032e-01 1.045948e-01 7.130133e-02 1.056024e-01 2.004124e-01 9.209152e-02 1.628489e-01 1.382238e-01 1.228155e-01 1.034364e-01 1.821036e-01 1.959127e-01 2.916069e-01 1.313234e-01 1.525048e-01 7.110922e-02 8.489101e-02 1.363864e-01 1.201105e-01 1.635242e-01 1.060458e-01 9.987180e-02 8.454439e-02 1.387188e-01 1.500570e-01 1.283391e-01 
F7: 1.63e+00  (7.57e-01): 2.142196e+00 1.681768e+00 7.477944e-01 3.865604e+00 1.399930e+00 2.391782e+00 1.599150e+00 1.330442e+00 1.991133e+00 1.585958e+00 2.137810e+00 1.418494e+00 2.311870e+00 2.191205e+00 2.573309e-01 1.298785e+00 1.291034e+00 4.104272e-01 1.334561e+00 1.861246e+00 5.530896e-01 5.610391e-01 1.879596e+00 1.043539e+00 2.201111e+00 2.255376e+00 2.769637e+00 1.372287e+00 1.760059e+00 1.358128e+00 
F8: 1.49e+01  (5.12e+00): 1.483624e+01 1.596328e+01 3.531187e+00 1.504884e+01 8.415036e+00 1.493863e+01 2.030607e+01 2.021712e+01 1.880730e+01 1.742926e+01 1.924023e+01 9.950986e+00 6.853007e-01 1.466650e+01 1.863657e+01 1.818628e+01 1.724984e+01 1.438351e+01 1.871028e+01 1.442326e+01 1.340031e+01 1.894450e+01 1.886372e+01 1.386638e+01 1.853439e+01 1.456240e+01 1.791639e+01 2.000638e+01 1.102154e+01 3.939740e+00 
F9: 1.59e+02  (3.63e+01): 1.807813e+02 1.807813e+02 1.807813e+02 1.807813e+02 1.000000e+02 1.807813e+02 1.807813e+02 1.807813e+02 1.807813e+02 1.807813e+02 1.807813e+02 1.807813e+02 1.807813e+02 1.807813e+02 1.000000e+02 1.000000e+02 1.000000e+02 1.807813e+02 1.000000e+02 1.807813e+02 1.807813e+02 1.000000e+02 1.000000e+02 1.807813e+02 1.807813e+02 1.807813e+02 1.807813e+02 1.807813e+02 1.000000e+02 1.807813e+02 
F10: 0.00e+00  (0.00e+00): 0.000000e+00 0.000000e+00 0.000000e+00 0.000000e+00 0.000000e+00 0.000000e+00 0.000000e+00 0.000000e+00 0.000000e+00 0.000000e+00 0.000000e+00 0.000000e+00 0.000000e+00 0.000000e+00 0.000000e+00 0.000000e+00 0.000000e+00 0.000000e+00 0.000000e+00 0.000000e+00 0.000000e+00 0.000000e+00 0.000000e+00 0.000000e+00 0.000000e+00 0.000000e+00 0.000000e+00 0.000000e+00 0.000000e+00 0.000000e+00 
F11: 0.00e+00  (0.00e+00): 0.000000e+00 0.000000e+00 0.000000e+00 0.000000e+00 0.000000e+00 0.000000e+00 0.000000e+00 0.000000e+00 0.000000e+00 0.000000e+00 0.000000e+00 0.000000e+00 0.000000e+00 0.000000e+00 0.000000e+00 0.000000e+00 0.000000e+00 0.000000e+00 0.000000e+00 0.000000e+00 0.000000e+00 0.000000e+00 0.000000e+00 0.000000e+00 0.000000e+00 0.000000e+00 0.000000e+00 0.000000e+00 0.000000e+00 0.000000e+00 
F12: 2.33e+02  (2.08e+00): 2.319758e+02 2.351034e+02 2.335270e+02 2.349092e+02 2.332977e+02 2.326964e+02 2.341117e+02 2.335883e+02 2.324705e+02 2.357059e+02 2.314899e+02 2.305371e+02 2.353085e+02 2.323247e+02 2.332851e+02 2.350290e+02 2.338095e+02 2.317254e+02 2.329894e+02 2.325364e+02 2.261332e+02 2.379310e+02 2.332156e+02 2.318067e+02 2.318481e+02 2.347532e+02 2.339590e+02 2.334176e+02 2.334933e+02 2.362631e+02 F1: 0.00e+00  (0.00e+00): 0.000000e+00 0.000000e+00 0.000000e+00 0.000000e+00 0.000000e+00 0.000000e+00 0.000000e+00 0.000000e+00 0.000000e+00 0.000000e+00 0.000000e+00 0.000000e+00 0.000000e+00 0.000000e+00 0.000000e+00 0.000000e+00 0.000000e+00 0.000000e+00 0.000000e+00 0.000000e+00 0.000000e+00 0.000000e+00 0.000000e+00 0.000000e+00 0.000000e+00 0.000000e+00 0.000000e+00 0.000000e+00 0.000000e+00 0.000000e+00 
