F1: 0.00e+00  (0.00e+00): 0.000000e+00 0.000000e+00 0.000000e+00 0.000000e+00 0.000000e+00 0.000000e+00 0.000000e+00 0.000000e+00 0.000000e+00 0.000000e+00 0.000000e+00 0.000000e+00 0.000000e+00 0.000000e+00 0.000000e+00 0.000000e+00 0.000000e+00 0.000000e+00 0.000000e+00 0.000000e+00 0.000000e+00 0.000000e+00 0.000000e+00 0.000000e+00 0.000000e+00 0.000000e+00 0.000000e+00 0.000000e+00 0.000000e+00 0.000000e+00 
F2: 2.81e+00  (2.36e+00): 2.526525e+00 2.359975e+00 2.359975e+00 1.665496e-01 2.484888e+00 4.636676e+00 2.401613e+00 1.665496e-01 2.498244e-01 4.595039e+00 8.327479e-02 2.443250e+00 1.007998e+01 2.484888e+00 6.830102e+00 4.553401e+00 1.665496e-01 6.830102e+00 2.401613e+00 1.665496e-01 2.401613e+00 2.401613e+00 4.636676e+00 4.553401e+00 2.359975e+00 2.359975e+00 2.914618e-01 2.318338e+00 4.636676e+00 2.081870e-01 
F3: 1.58e+01  (2.57e-01): 1.564630e+01 1.564630e+01 1.556698e+01 1.587837e+01 1.597852e+01 1.556698e+01 1.556698e+01 1.633742e+01 1.556698e+01 1.570450e+01 1.578382e+01 1.556698e+01 1.620152e+01 1.609433e+01 1.597852e+01 1.574085e+01 1.564630e+01 1.613347e+01 1.601032e+01 1.564630e+01 1.641721e+01 1.556698e+01 1.574085e+01 1.601032e+01 1.590327e+01 1.564630e+01 1.610697e+01 1.556698e+01 1.556698e+01 1.556698e+01 
F4: 2.60e-01  (1.14e-01): 3.020045e-01 2.723274e-01 2.039691e-01 2.904601e-01 2.563492e-01 1.090708e-01 2.483674e-01 3.930455e-01 1.000241e-01 2.507145e-01 4.111328e-01 2.509341e-01 3.998739e-01 3.135786e-01 3.592259e-01 3.256171e-01 1.089281e-01 3.515090e-01 3.255462e-01 8.938112e-02 7.905049e-02 1.982315e-01 4.320446e-01 9.951857e-02 3.727859e-01 2.595394e-01 3.617761e-01 4.953213e-02 3.865796e-01 2.081615e-01 
F5: 1.36e+01  (8.27e+00): 1.041793e+01 3.199712e+01 1.340279e+01 1.424165e+01 1.068242e+01 3.140995e+00 7.276943e+00 3.099975e+01 3.453230e+00 1.041793e+01 4.974795e+00 2.458271e+00 1.041793e+01 1.026182e+01 1.921642e+01 1.450614e+01 6.125867e+00 2.387895e+01 2.361686e+01 7.433061e+00 2.319623e+01 4.292071e+00 1.764713e+01 9.266857e+00 9.687464e+00 1.439776e+01 5.969749e+00 2.346074e+01 1.822146e+01 2.361686e+01 
F6: 1.43e+00  (1.84e+00): 5.483915e+00 8.438001e-01 6.408136e-01 8.075177e-01 6.140593e-01 9.006547e-01 7.064445e-01 8.736591e-01 8.534838e-01 8.981486e-01 7.459905e+00 9.793237e-01 6.143206e-01 7.862443e-01 9.365419e-01 6.498960e-01 6.203041e-01 1.741514e+00 6.559807e-01 6.199193e-01 7.336972e+00 9.842016e-01 7.119406e-01 7.296695e-01 8.315482e-01 8.974720e-01 9.937202e-01 7.299700e-01 7.511333e-01 1.305476e+00 
F7: 2.45e-01  (1.83e-01): 3.670568e-01 1.892703e-01 4.867967e-01 2.077073e-01 2.689076e-01 2.741017e-03 6.058016e-02 6.603093e-02 1.053042e-01 2.163738e-01 2.170734e-01 5.614451e-01 2.834775e-01 2.751807e-01 1.084014e-02 4.966753e-01 1.390481e-01 2.859539e-01 2.606507e-01 5.713518e-02 2.274277e-01 9.314075e-02 2.761858e-01 1.606611e-01 2.458570e-01 4.180986e-01 3.052247e-01 8.477958e-01 1.937092e-01 2.476067e-02 
F8: 3.57e+00  (7.71e+00): 0.000000e+00 0.000000e+00 0.000000e+00 0.000000e+00 0.000000e+00 1.980324e+01 0.000000e+00 0.000000e+00 0.000000e+00 1.235677e+01 0.000000e+00 0.000000e+00 2.508237e+01 1.235677e+01 2.501174e+01 0.000000e+00 1.235677e+01 0.000000e+00 0.000000e+00 0.000000e+00 0.000000e+00 0.000000e+00 0.000000e+00 0.000000e+00 0.000000e+00 0.000000e+00 0.000000e+00 0.000000e+00 0.000000e+00 0.000000e+00 
F9: 9.33e+01  (2.54e+01): 1.000000e+02 1.000000e+02 1.000000e+02 1.000000e+02 1.000000e+02 1.000000e+02 1.000000e+02 1.000000e+02 1.000000e+02 1.000000e+02 1.000000e+02 1.000000e+02 1.785171e-05 1.000000e+02 1.000000e+02 1.000000e+02 1.000000e+02 1.000000e+02 1.000000e+02 0.000000e+00 1.000000e+02 1.000000e+02 1.000000e+02 1.000000e+02 1.000000e+02 1.000000e+02 1.000000e+02 1.000000e+02 1.000000e+02 1.000000e+02 
F10: 2.13e+02  (1.07e+02): 3.000000e+02 1.000001e+02 1.000002e+02 3.000000e+02 2.000000e+02 3.000000e+02 1.000001e+02 3.000000e+02 3.000000e+02 1.000001e+02 1.000002e+02 3.000000e+02 1.000001e+02 1.000001e+02 3.000000e+02 3.000000e+02 1.000001e+02 1.000001e+02 3.000000e+02 1.000002e+02 1.000001e+02 3.000000e+02 3.000000e+02 3.000000e+02 3.000000e+02 1.000001e+02 4.000000e+02 2.000000e+02 1.000002e+02 4.000000e+02 

F1: 0.00e+00  (0.00e+00): 0.000000e+00 0.000000e+00 0.000000e+00 0.000000e+00 0.000000e+00 0.000000e+00 0.000000e+00 0.000000e+00 0.000000e+00 0.000000e+00 0.000000e+00 0.000000e+00 0.000000e+00 0.000000e+00 0.000000e+00 0.000000e+00 0.000000e+00 0.000000e+00 0.000000e+00 0.000000e+00 0.000000e+00 0.000000e+00 0.000000e+00 0.000000e+00 0.000000e+00 0.000000e+00 0.000000e+00 0.000000e+00 0.000000e+00 0.000000e+00 
F2: 2.03e+00  (2.41e+00): 2.498244e-01 2.443250e+00 1.665496e-01 2.914618e-01 2.498244e-01 2.914618e-01 1.665496e-01 7.886558e+00 4.553401e+00 8.327479e-02 2.914618e-01 1.665496e-01 1.249122e-01 2.359975e+00 4.636676e+00 2.401613e+00 2.401613e+00 1.665496e-01 2.081870e-01 2.401613e+00 2.498244e-01 2.401613e+00 1.665496e-01 2.359975e+00 2.401613e+00 2.359975e+00 4.595039e+00 2.318338e+00 1.016326e+01 2.443250e+00 
F3: 1.57e+01  (1.69e-01): 1.574085e+01 1.564630e+01 1.556698e+01 1.564630e+01 1.570450e+01 1.556698e+01 1.556698e+01 1.582017e+01 1.556698e+01 1.564630e+01 1.564630e+01 1.556698e+01 1.556698e+01 1.597852e+01 1.556698e+01 1.556698e+01 1.556698e+01 1.570450e+01 1.602145e+01 1.590327e+01 1.564630e+01 1.574085e+01 1.594213e+01 1.556698e+01 1.556698e+01 1.564630e+01 1.623172e+01 1.556698e+01 1.556698e+01 1.574085e+01 
F4: 2.62e-01  (1.30e-01): 7.919802e-02 1.682039e-01 2.964311e-02 1.400476e-01 3.518939e-01 5.387581e-01 3.159957e-01 3.482746e-01 1.500472e-01 2.014223e-01 4.182298e-01 2.184504e-01 1.992682e-01 4.144366e-01 3.364457e-01 2.969776e-02 1.493802e-01 3.342607e-01 4.149075e-01 1.306467e-01 3.271196e-01 3.700407e-01 1.835212e-01 2.944069e-01 3.182419e-01 4.288966e-01 3.278412e-01 2.117510e-01 3.457151e-01 8.934189e-02 
F5: 1.85e+01  (2.69e+01): 2.885356e+01 1.026182e+01 6.125867e+00 1.557838e+02 8.271903e+00 1.749101e+01 1.041793e+01 2.429958e+01 2.120631e+01 1.654378e+01 1.937247e+01 5.443143e+00 4.135954e+00 7.276943e+00 1.665217e+01 2.277803e+01 9.949580e+00 1.010570e+01 2.843551e+01 8.115785e+00 4.604306e+00 1.921642e+01 1.293445e+01 1.565721e+01 7.276943e+00 2.204515e+01 7.120826e+00 1.738262e+01 1.251622e+01 6.125867e+00 
F6: 1.50e+00  (2.09e+00): 4.464125e-01 7.552254e+00 7.857203e-01 7.039579e-01 4.602610e+00 5.026270e-01 1.105293e+00 8.557857e-01 7.198222e+00 5.428648e-01 6.893085e-01 5.406915e-01 7.067502e+00 7.845400e-01 7.782254e-01 6.907895e-01 7.850837e-01 9.577483e-01 5.393130e-01 1.014076e+00 7.808426e-01 6.330157e-01 9.713980e-01 9.352237e-01 3.102256e-01 4.817483e-01 5.393898e-01 7.924190e-01 6.875499e-01 8.678478e-01 
F7: 4.06e-01  (2.48e-01): 5.811369e-02 4.806634e-01 1.616201e-01 9.158255e-01 1.387652e-02 4.591672e-01 6.979693e-01 2.256807e-01 8.171124e-02 2.197526e-01 4.910916e-01 5.190033e-01 4.152578e-02 6.740799e-01 4.624406e-01 6.951415e-01 4.747560e-01 2.109204e-01 4.280417e-01 2.483181e-01 3.006254e-01 6.396152e-01 6.993767e-01 9.045446e-02 7.176949e-01 5.539124e-01 2.991010e-01 7.614446e-01 2.323269e-01 3.332467e-01 
F8: 7.10e+00  (1.18e+01): 0.000000e+00 0.000000e+00 0.000000e+00 0.000000e+00 0.000000e+00 0.000000e+00 3.619174e+01 0.000000e+00 0.000000e+00 2.090357e+01 0.000000e+00 2.279218e+01 0.000000e+00 0.000000e+00 2.571627e+01 2.501174e+01 3.288809e+01 0.000000e+00 0.000000e+00 1.235677e+01 0.000000e+00 0.000000e+00 0.000000e+00 0.000000e+00 0.000000e+00 0.000000e+00 0.000000e+00 0.000000e+00 1.235677e+01 2.490845e+01 
F9: 1.00e+02  (0.00e+00): 1.000000e+02 1.000000e+02 1.000000e+02 1.000000e+02 1.000000e+02 1.000000e+02 1.000000e+02 1.000000e+02 1.000000e+02 1.000000e+02 1.000000e+02 1.000000e+02 1.000000e+02 1.000000e+02 1.000000e+02 1.000000e+02 1.000000e+02 1.000000e+02 1.000000e+02 1.000000e+02 1.000000e+02 1.000000e+02 1.000000e+02 1.000000e+02 1.000000e+02 1.000000e+02 1.000000e+02 1.000000e+02 1.000000e+02 1.000000e+02 
F10: 4.00e+02  (0.00e+00): 4.000000e+02 4.000000e+02 4.000000e+02 4.000000e+02 4.000000e+02 4.000000e+02 4.000000e+02 4.000000e+02 4.000000e+02 4.000000e+02 4.000000e+02 4.000000e+02 4.000000e+02 4.000000e+02 4.000000e+02 4.000000e+02 4.000000e+02 4.000000e+02 4.000000e+02 4.000000e+02 4.000000e+02 4.000000e+02 4.000000e+02 4.000000e+02 4.000000e+02 4.000000e+02 4.000000e+02 4.000000e+02 4.000000e+02 4.000000e+02 

F1: 0.00e+00  (0.00e+00): 0.000000e+00 0.000000e+00 0.000000e+00 0.000000e+00 0.000000e+00 0.000000e+00 0.000000e+00 0.000000e+00 0.000000e+00 0.000000e+00 0.000000e+00 0.000000e+00 0.000000e+00 0.000000e+00 0.000000e+00 0.000000e+00 0.000000e+00 0.000000e+00 0.000000e+00 0.000000e+00 0.000000e+00 0.000000e+00 0.000000e+00 0.000000e+00 0.000000e+00 0.000000e+00 0.000000e+00 0.000000e+00 0.000000e+00 0.000000e+00 
F2: 4.13e+00  (3.12e+00): 1.020490e+01 4.553401e+00 2.359975e+00 4.636676e+00 1.007998e+01 2.436711e-01 2.081870e-01 2.443250e+00 4.595039e+00 7.886558e+00 2.401613e+00 2.401613e+00 7.886558e+00 4.636676e+00 4.636676e+00 4.553401e+00 4.636676e+00 4.511764e+00 2.359975e+00 4.636676e+00 1.249122e-01 2.443250e+00 2.081870e-01 1.235668e+01 2.401613e+00 2.526525e+00 4.595039e+00 1.665496e-01 2.359975e+00 6.871739e+00 
F3: 1.61e+01  (3.53e-01): 1.601032e+01 1.574085e+01 1.680747e+01 1.629776e+01 1.574085e+01 1.623172e+01 1.620906e+01 1.605784e+01 1.621493e+01 1.671962e+01 1.605784e+01 1.564630e+01 1.611601e+01 1.578382e+01 1.658982e+01 1.594213e+01 1.659061e+01 1.694316e+01 1.574085e+01 1.602145e+01 1.582017e+01 1.570450e+01 1.597852e+01 1.595769e+01 1.594213e+01 1.601032e+01 1.574085e+01 1.608964e+01 1.564630e+01 1.637733e+01 
F4: 3.72e-01  (9.17e-02): 4.200370e-01 3.325673e-01 3.833140e-01 3.880034e-01 3.853614e-01 5.861037e-01 3.674689e-01 2.180887e-01 3.758353e-01 4.372968e-01 4.018033e-01 3.076454e-01 5.288430e-01 3.556398e-01 3.268983e-01 3.052400e-01 4.448435e-01 2.269141e-01 5.121115e-01 3.554123e-01 3.516697e-01 1.578561e-01 4.340459e-01 2.776100e-01 3.798500e-01 4.631392e-01 3.181680e-01 2.780338e-01 4.249048e-01 4.025405e-01 
F5: 8.11e+00  (3.66e+00): 9.422993e+00 2.458290e+00 7.276963e+00 1.026181e+01 8.271922e+00 6.282004e+00 7.276963e+00 1.110066e+01 2.458290e+00 4.448207e+00 5.969760e+00 3.141014e+00 1.439776e+01 7.120845e+00 7.433080e+00 7.120845e+00 1.110068e+01 1.581335e+01 6.125886e+00 1.125677e+01 5.599280e+00 8.115804e+00 1.408555e+01 1.026183e+01 1.094454e+01 1.324671e+01 4.292091e+00 1.041795e+01 4.292091e+00 3.453249e+00 
F6: 5.79e+00  (3.18e+00): 1.795630e+00 7.427555e+00 4.737229e+00 7.464690e+00 7.799746e+00 1.498329e+00 1.898920e+00 7.845317e+00 7.306070e+00 7.525540e+00 7.365815e+00 8.057390e+00 1.579287e+00 8.207099e-01 7.629878e+00 1.217183e+01 8.598301e-01 4.837097e+00 7.608789e+00 7.658833e+00 5.217553e+00 2.869589e+00 8.877514e+00 2.332956e+00 1.104280e+00 4.740458e+00 1.154280e+01 7.977627e+00 7.435552e+00 7.724159e+00 
F7: 6.30e-01  (2.24e-01): 6.948899e-01 1.210478e+00 6.559836e-01 2.262401e-01 1.009732e+00 6.762159e-01 5.019701e-01 8.327513e-01 5.500684e-01 6.768475e-01 4.964029e-01 4.994304e-01 3.499790e-01 5.176432e-01 5.371787e-01 7.787597e-01 4.647862e-01 8.607201e-01 7.655802e-01 4.988149e-01 4.216137e-01 3.332961e-01 7.968374e-01 9.103433e-01 4.186408e-01 4.811992e-01 6.435590e-01 9.106306e-01 3.940167e-01 7.745049e-01 
F8: 7.51e-01  (4.11e+00): 0.000000e+00 0.000000e+00 0.000000e+00 0.000000e+00 0.000000e+00 0.000000e+00 0.000000e+00 0.000000e+00 0.000000e+00 0.000000e+00 0.000000e+00 0.000000e+00 0.000000e+00 0.000000e+00 0.000000e+00 0.000000e+00 0.000000e+00 0.000000e+00 0.000000e+00 0.000000e+00 0.000000e+00 0.000000e+00 0.000000e+00 0.000000e+00 0.000000e+00 2.252101e+01 0.000000e+00 0.000000e+00 0.000000e+00 0.000000e+00 
F9: 9.67e+01  (1.83e+01): 1.000000e+02 1.000000e+02 1.000000e+02 1.000000e+02 1.000000e+02 1.000000e+02 1.000000e+02 1.000000e+02 1.000000e+02 1.000000e+02 1.000000e+02 1.000000e+02 1.000000e+02 1.000000e+02 1.000000e+02 1.000000e+02 1.000000e+02 1.000000e+02 1.000000e+02 3.102659e-04 1.000000e+02 1.000000e+02 1.000000e+02 1.000000e+02 1.000000e+02 1.000000e+02 1.000000e+02 1.000000e+02 1.000000e+02 1.000000e+02 
F10: 4.00e+02  (0.00e+00): 4.000000e+02 4.000000e+02 4.000000e+02 4.000000e+02 4.000000e+02 4.000000e+02 4.000000e+02 4.000000e+02 4.000000e+02 4.000000e+02 4.000000e+02 4.000000e+02 4.000000e+02 4.000000e+02 4.000000e+02 4.000000e+02 4.000000e+02 4.000000e+02 4.000000e+02 4.000000e+02 4.000000e+02 4.000000e+02 4.000000e+02 4.000000e+02 4.000000e+02 4.000000e+02 4.000000e+02 4.000000e+02 4.000000e+02 4.000000e+02 

6
F1: 0.00e+00  (0.00e+00): 0.000000e+00 0.000000e+00 0.000000e+00 0.000000e+00 0.000000e+00 0.000000e+00 0.000000e+00 0.000000e+00 0.000000e+00 0.000000e+00 0.000000e+00 0.000000e+00 0.000000e+00 0.000000e+00 0.000000e+00 0.000000e+00 0.000000e+00 0.000000e+00 0.000000e+00 0.000000e+00 0.000000e+00 0.000000e+00 0.000000e+00 0.000000e+00 0.000000e+00 0.000000e+00 0.000000e+00 0.000000e+00 0.000000e+00 0.000000e+00 
F2: 1.96e+00  (1.88e+00): 4.553401e+00 2.359975e+00 1.665496e-01 2.484888e+00 2.359975e+00 1.665496e-01 2.401613e+00 2.359975e+00 1.249122e-01 2.401613e+00 4.553401e+00 2.498244e-01 4.636676e+00 2.401613e+00 1.249122e-01 2.914618e-01 4.719951e+00 6.871739e+00 1.665496e-01 1.665496e-01 2.443250e+00 2.526525e+00 4.595039e+00 1.249122e-01 2.081870e-01 1.665496e-01 2.359975e+00 2.081870e-01 2.318338e+00 2.498244e-01 
F3: 1.57e+01  (1.59e-01): 1.556698e+01 1.556698e+01 1.556698e+01 1.564630e+01 1.556698e+01 1.556698e+01 1.564630e+01 1.556698e+01 1.556698e+01 1.556698e+01 1.556698e+01 1.618888e+01 1.587837e+01 1.556698e+01 1.556698e+01 1.564630e+01 1.564630e+01 1.564630e+01 1.602145e+01 1.595769e+01 1.582017e+01 1.556698e+01 1.556698e+01 1.564630e+01 1.556698e+01 1.556698e+01 1.556698e+01 1.556698e+01 1.556698e+01 1.556698e+01 
F4: 3.28e-01  (1.89e-01): 8.919454e-02 3.430083e-01 9.870365e-03 2.924697e-01 3.173760e-01 5.011678e-01 5.336862e-01 4.258285e-01 1.883612e-01 4.229913e-01 4.404901e-01 4.563523e-01 5.682363e-01 5.933864e-02 5.706352e-01 8.928464e-02 4.146665e-01 1.677714e-01 5.956337e-02 1.588384e-01 4.740223e-01 3.527776e-01 8.939771e-02 1.974897e-01 6.370275e-01 1.984220e-01 4.518708e-01 3.585659e-01 6.824965e-01 2.860846e-01 
F5: 1.39e+01  (8.00e+00): 1.424163e+01 2.377297e+01 1.026182e+01 1.125675e+01 3.297112e+00 7.433061e+00 6.281984e+00 1.156899e+01 1.309055e+01 1.125677e+01 2.346074e+01 1.424163e+01 1.125675e+01 3.031705e+01 1.225173e+01 1.539270e+01 2.302153e+00 7.276943e+00 7.120826e+00 1.026182e+01 1.141287e+01 2.885614e+01 3.297112e+00 1.906030e+01 1.523659e+01 7.120826e+00 3.414058e+01 2.235735e+01 1.240783e+01 1.550110e+01 
F6: 1.94e+00  (2.57e+00): 7.386072e+00 6.922597e+00 7.598976e-01 1.112492e+00 4.584941e+00 3.010634e-01 7.476292e+00 7.543374e+00 5.370865e-01 5.713007e-01 6.920828e-01 6.237055e-01 8.643784e-01 5.925589e-01 8.220306e-01 8.958148e-01 6.537709e-01 7.636344e-01 6.588913e-01 6.329753e-01 2.490893e-01 8.850432e-01 1.057424e+00 6.747239e-01 6.976943e-01 5.226212e-01 5.633518e-01 1.044509e+00 7.448674e+00 7.827404e-01 
F7: 3.96e-01  (2.57e-01): 8.258015e-02 6.165800e-01 3.365869e-03 1.645448e-01 4.448549e-01 2.465139e-01 2.653435e-01 2.190164e-01 3.065135e-01 6.530962e-01 4.456346e-01 4.229429e-01 2.189932e-01 6.754569e-01 1.843910e-01 8.970946e-01 8.908056e-02 4.288764e-01 1.008107e-01 8.856901e-01 3.460848e-01 5.786622e-01 5.075399e-02 5.787582e-01 6.806257e-01 3.370890e-02 7.056730e-01 4.678500e-01 6.916944e-01 4.032156e-01 
F8: 6.34e+00  (1.11e+01): 0.000000e+00 0.000000e+00 0.000000e+00 1.235677e+01 0.000000e+00 2.662930e+01 1.235677e+01 0.000000e+00 0.000000e+00 0.000000e+00 0.000000e+00 0.000000e+00 2.279218e+01 1.235677e+01 2.496549e+01 1.235677e+01 4.139447e+01 0.000000e+00 0.000000e+00 2.501174e+01 0.000000e+00 0.000000e+00 0.000000e+00 0.000000e+00 0.000000e+00 0.000000e+00 0.000000e+00 0.000000e+00 0.000000e+00 0.000000e+00 
F9: 1.00e+02  (2.37e-13): 1.000000e+02 1.000000e+02 1.000000e+02 1.000000e+02 1.000000e+02 1.000000e+02 1.000000e+02 1.000000e+02 1.000000e+02 1.000000e+02 1.000000e+02 1.000000e+02 1.000000e+02 1.000000e+02 1.000000e+02 1.000000e+02 1.000000e+02 1.000000e+02 1.000000e+02 1.000000e+02 1.000000e+02 1.000000e+02 1.000000e+02 1.000000e+02 1.000000e+02 1.000000e+02 1.000000e+02 1.000000e+02 1.000000e+02 1.000000e+02 
F10: 4.00e+02  (0.00e+00): 4.000000e+02 4.000000e+02 4.000000e+02 4.000000e+02 4.000000e+02 4.000000e+02 4.000000e+02 4.000000e+02 4.000000e+02 4.000000e+02 4.000000e+02 4.000000e+02 4.000000e+02 4.000000e+02 4.000000e+02 4.000000e+02 4.000000e+02 4.000000e+02 4.000000e+02 4.000000e+02 4.000000e+02 4.000000e+02 4.000000e+02 4.000000e+02 4.000000e+02 4.000000e+02 4.000000e+02 4.000000e+02 4.000000e+02 4.000000e+02 

5
F1: 0.00e+00  (0.00e+00): 0.000000e+00 0.000000e+00 0.000000e+00 0.000000e+00 0.000000e+00 0.000000e+00 0.000000e+00 0.000000e+00 0.000000e+00 0.000000e+00 0.000000e+00 0.000000e+00 0.000000e+00 0.000000e+00 0.000000e+00 0.000000e+00 0.000000e+00 0.000000e+00 0.000000e+00 0.000000e+00 0.000000e+00 0.000000e+00 0.000000e+00 0.000000e+00 0.000000e+00 0.000000e+00 0.000000e+00 0.000000e+00 0.000000e+00 0.000000e+00 
F2: 1.35e+00  (1.40e+00): 2.401613e+00 1.249122e-01 1.665496e-01 2.914618e-01 8.327479e-02 4.163739e-02 8.327479e-02 4.595039e+00 1.665496e-01 1.665496e-01 2.081870e-01 2.401613e+00 2.498244e-01 2.359975e+00 8.327479e-02 4.636676e+00 2.401613e+00 2.443250e+00 2.914618e-01 2.359975e+00 2.318338e+00 2.401613e+00 3.330992e-01 1.249122e-01 2.359975e+00 2.359975e+00 4.163739e-02 2.484888e+00 2.359975e+00 2.081870e-01 
F3: 1.56e+01  (4.65e-02): 1.556698e+01 1.564630e+01 1.556698e+01 1.556698e+01 1.556698e+01 1.556698e+01 1.564630e+01 1.570450e+01 1.564630e+01 1.564630e+01 1.556698e+01 1.556698e+01 1.556698e+01 1.556698e+01 1.564630e+01 1.564630e+01 1.564630e+01 1.556698e+01 1.556698e+01 1.564630e+01 1.556698e+01 1.570450e+01 1.556698e+01 1.556698e+01 1.564630e+01 1.556698e+01 1.556698e+01 1.564630e+01 1.556698e+01 1.556698e+01 
F4: 3.57e-01  (1.45e-01): 3.534228e-01 9.900553e-02 1.395900e-01 5.700864e-01 3.389498e-01 3.752231e-01 4.813978e-01 4.183016e-01 3.794074e-01 5.055207e-01 6.164140e-01 4.130988e-01 2.700778e-01 4.587746e-01 2.596710e-01 6.928709e-02 4.099535e-01 6.490164e-01 4.813846e-01 3.013723e-01 2.901833e-01 3.435294e-01 2.416337e-01 1.805450e-01 4.547164e-01 4.892104e-01 2.094436e-01 1.990464e-01 3.281900e-01 3.858724e-01 
F5: 1.44e+01  (9.39e+00): 2.529447e+01 2.817100e+01 1.649605e+01 1.424163e+01 1.952865e+01 3.609347e+00 4.135954e+00 1.309057e+01 1.864209e+01 2.458271e+00 1.550110e+01 1.832985e+01 1.937247e+01 4.650078e+01 1.948093e+01 1.125677e+01 2.021136e+01 1.041793e+01 4.292071e+00 3.140995e+00 9.949580e+00 1.392939e+01 1.848595e+01 5.287030e+00 1.309057e+01 2.502998e+01 1.110066e+01 3.297112e+00 5.443143e+00 1.351118e+01 
F6: 1.41e+00  (2.07e+00): 8.905311e-01 6.747539e-01 6.428071e-01 6.389602e-01 6.501860e-01 8.489074e-01 7.099858e-01 7.633494e+00 9.909136e-01 9.526323e-01 6.157180e-01 9.325681e-01 4.165385e-01 7.403380e-01 6.629161e-01 7.751429e-01 8.927537e-01 8.665550e-01 8.017297e-01 5.265481e-01 7.462670e-01 7.078437e+00 8.688026e-01 8.021694e-01 7.220432e-01 7.790857e+00 5.075289e-01 3.395076e-01 6.772040e-01 7.992954e-01 
F7: 4.67e-01  (1.96e-01): 2.615347e-01 7.879906e-01 5.760922e-01 3.755145e-01 8.036208e-02 2.697179e-01 4.717714e-01 2.979364e-01 2.167930e-01 4.384560e-01 3.546730e-01 2.487137e-01 7.382102e-01 4.570368e-01 2.778648e-01 6.031894e-01 4.106063e-01 4.267727e-01 4.570054e-01 6.618970e-01 5.259390e-01 3.971869e-01 2.433633e-01 4.999722e-01 6.956797e-01 3.227793e-01 6.800811e-01 6.840667e-01 6.843457e-01 8.675174e-01 
F8: 7.38e+00  (1.10e+01): 1.235677e+01 0.000000e+00 0.000000e+00 2.508237e+01 0.000000e+00 0.000000e+00 2.508237e+01 0.000000e+00 0.000000e+00 0.000000e+00 2.508237e+01 1.980324e+01 0.000000e+00 0.000000e+00 0.000000e+00 2.501174e+01 1.235677e+01 2.672703e+01 0.000000e+00 0.000000e+00 0.000000e+00 0.000000e+00 0.000000e+00 0.000000e+00 2.490845e+01 0.000000e+00 0.000000e+00 0.000000e+00 2.501174e+01 0.000000e+00 
F9: 1.00e+02  (1.96e-13): 1.000000e+02 1.000000e+02 1.000000e+02 1.000000e+02 1.000000e+02 1.000000e+02 1.000000e+02 1.000000e+02 1.000000e+02 1.000000e+02 1.000000e+02 1.000000e+02 1.000000e+02 1.000000e+02 1.000000e+02 1.000000e+02 1.000000e+02 1.000000e+02 1.000000e+02 1.000000e+02 1.000000e+02 1.000000e+02 1.000000e+02 1.000000e+02 1.000000e+02 1.000000e+02 1.000000e+02 1.000000e+02 1.000000e+02 1.000000e+02 
F10: 4.00e+02  (0.00e+00): 4.000000e+02 4.000000e+02 4.000000e+02 4.000000e+02 4.000000e+02 4.000000e+02 4.000000e+02 4.000000e+02 4.000000e+02 4.000000e+02 4.000000e+02 4.000000e+02 4.000000e+02 4.000000e+02 4.000000e+02 4.000000e+02 4.000000e+02 4.000000e+02 4.000000e+02 4.000000e+02 4.000000e+02 4.000000e+02 4.000000e+02 4.000000e+02 4.000000e+02 4.000000e+02 4.000000e+02 4.000000e+02 4.000000e+02 4.000000e+02 

4
F1: 0.00e+00  (0.00e+00): 0.000000e+00 0.000000e+00 0.000000e+00 0.000000e+00 0.000000e+00 0.000000e+00 0.000000e+00 0.000000e+00 0.000000e+00 0.000000e+00 0.000000e+00 0.000000e+00 0.000000e+00 0.000000e+00 0.000000e+00 0.000000e+00 0.000000e+00 0.000000e+00 0.000000e+00 0.000000e+00 0.000000e+00 0.000000e+00 0.000000e+00 0.000000e+00 0.000000e+00 0.000000e+00 0.000000e+00 0.000000e+00 0.000000e+00 0.000000e+00 
F2: 2.04e+00  (1.94e+00): 2.443250e+00 2.498244e-01 2.081870e-01 2.443250e+00 2.498244e-01 4.553401e+00 4.595039e+00 6.955014e+00 1.665496e-01 4.163739e-02 2.401613e+00 1.665496e-01 2.081870e-01 2.401613e+00 2.443250e+00 1.249122e-01 4.678313e+00 4.553401e+00 4.636676e+00 2.484888e+00 2.914618e-01 2.318338e+00 1.249122e-01 2.443250e+00 2.401613e+00 2.914618e-01 1.665496e-01 2.081870e-01 2.359975e+00 4.595039e+00 
F3: 1.57e+01  (9.53e-02): 1.574085e+01 1.570450e+01 1.564630e+01 1.564630e+01 1.570450e+01 1.556698e+01 1.564630e+01 1.556698e+01 1.574085e+01 1.556698e+01 1.556698e+01 1.556698e+01 1.564630e+01 1.564630e+01 1.564630e+01 1.556698e+01 1.578382e+01 1.564630e+01 1.556698e+01 1.564630e+01 1.556698e+01 1.574085e+01 1.578382e+01 1.556698e+01 1.564630e+01 1.574085e+01 1.574085e+01 1.574085e+01 1.556698e+01 1.597852e+01 
F4: 3.39e-01  (1.62e-01): 5.236020e-01 3.447203e-01 2.985195e-01 5.287191e-01 1.896519e-01 1.894827e-01 3.285521e-01 5.014364e-01 4.170917e-01 5.183661e-01 4.355971e-01 9.880677e-02 4.871039e-01 7.919060e-02 1.493780e-01 3.685110e-01 3.997803e-01 4.470914e-01 1.211081e-01 3.870176e-01 3.680720e-01 7.914987e-02 3.278084e-01 1.503941e-01 2.104477e-01 2.308835e-01 4.784233e-01 3.931842e-01 7.453633e-01 3.745307e-01 
F5: 1.43e+01  (7.33e+00): 3.297112e+00 3.146806e+01 1.408553e+01 1.026182e+01 2.361686e+01 1.508047e+01 1.822146e+01 1.790922e+01 1.707032e+01 2.277801e+01 3.456137e+01 8.428020e+00 6.281984e+00 1.439774e+01 1.738262e+01 8.271903e+00 1.832985e+01 7.276943e+00 9.110739e+00 3.453230e+00 1.209560e+01 1.906028e+01 1.010568e+01 1.340281e+01 1.041793e+01 1.125677e+01 1.466225e+01 7.433061e+00 9.266857e+00 1.890418e+01 
F6: 1.46e+00  (2.13e+00): 7.994708e-01 5.365965e-01 8.188065e-01 7.783859e-01 7.203576e-01 5.346486e-01 7.025706e+00 7.261153e+00 5.320955e-01 6.132218e-01 5.246504e+00 8.988962e-01 6.311764e-01 6.370869e-01 8.009985e-01 7.352901e+00 3.837951e-01 6.488918e-01 3.692319e-01 6.272491e-01 7.633259e-01 5.392465e-01 3.196672e-01 6.198551e-01 6.362918e-01 6.073450e-01 5.683112e-01 4.721031e-01 1.064489e+00 8.957597e-01 
F7: 4.95e-01  (2.32e-01): 7.060334e-01 2.214992e-01 4.403934e-01 9.129495e-01 7.081429e-01 9.530583e-02 4.123981e-01 7.081397e-01 3.790744e-01 4.327105e-01 3.709749e-01 7.066354e-01 6.425382e-03 2.929364e-01 7.145028e-01 9.159938e-01 3.345398e-01 2.965407e-01 4.922918e-01 4.984710e-01 1.414470e-01 3.039231e-01 6.927801e-01 7.018890e-01 4.426865e-01 4.999787e-01 6.797502e-01 7.721746e-01 4.889853e-01 4.943397e-01 
F8: 4.94e+00  (1.02e+01): 0.000000e+00 0.000000e+00 0.000000e+00 3.107155e+01 0.000000e+00 0.000000e+00 2.508237e+01 0.000000e+00 2.672703e+01 0.000000e+00 1.980324e+01 2.571627e+01 0.000000e+00 0.000000e+00 0.000000e+00 0.000000e+00 1.980324e+01 0.000000e+00 0.000000e+00 0.000000e+00 0.000000e+00 0.000000e+00 0.000000e+00 0.000000e+00 0.000000e+00 0.000000e+00 0.000000e+00 0.000000e+00 0.000000e+00 0.000000e+00 
F9: 1.00e+02  (2.65e-13): 1.000000e+02 1.000000e+02 1.000000e+02 1.000000e+02 1.000000e+02 1.000000e+02 1.000000e+02 1.000000e+02 1.000000e+02 1.000000e+02 1.000000e+02 1.000000e+02 1.000000e+02 1.000000e+02 1.000000e+02 1.000000e+02 1.000000e+02 1.000000e+02 1.000000e+02 1.000000e+02 1.000000e+02 1.000000e+02 1.000000e+02 1.000000e+02 1.000000e+02 1.000000e+02 1.000000e+02 1.000000e+02 1.000000e+02 1.000000e+02 
F10: 4.00e+02  (0.00e+00): 4.000000e+02 4.000000e+02 4.000000e+02 4.000000e+02 4.000000e+02 4.000000e+02 4.000000e+02 4.000000e+02 4.000000e+02 4.000000e+02 4.000000e+02 4.000000e+02 4.000000e+02 4.000000e+02 4.000000e+02 4.000000e+02 4.000000e+02 4.000000e+02 4.000000e+02 4.000000e+02 4.000000e+02 4.000000e+02 4.000000e+02 4.000000e+02 4.000000e+02 4.000000e+02 4.000000e+02 4.000000e+02 4.000000e+02 4.000000e+02 

3
F1: 0.00e+00  (0.00e+00): 0.000000e+00 0.000000e+00 0.000000e+00 0.000000e+00 0.000000e+00 0.000000e+00 0.000000e+00 0.000000e+00 0.000000e+00 0.000000e+00 0.000000e+00 0.000000e+00 0.000000e+00 0.000000e+00 0.000000e+00 0.000000e+00 0.000000e+00 0.000000e+00 0.000000e+00 0.000000e+00 0.000000e+00 0.000000e+00 0.000000e+00 0.000000e+00 0.000000e+00 0.000000e+00 0.000000e+00 0.000000e+00 0.000000e+00 0.000000e+00 
F2: 1.75e+00  (1.67e+00): 1.249122e-01 2.081870e-01 1.665496e-01 2.401613e+00 2.276701e+00 2.526525e+00 2.276701e+00 1.249122e-01 2.484888e+00 2.359975e+00 1.665496e-01 2.914618e-01 2.359975e+00 2.498244e-01 2.443250e+00 2.359975e+00 4.719951e+00 2.484888e+00 4.636676e+00 2.318338e+00 6.913377e+00 2.081870e-01 2.498244e-01 2.081870e-01 3.330992e-01 2.081870e-01 2.484888e+00 2.081870e-01 2.401613e+00 2.318338e+00 
F3: 1.59e+01  (2.89e-01): 1.604079e+01 1.556698e+01 1.564630e+01 1.570450e+01 1.618419e+01 1.597852e+01 1.556698e+01 1.556698e+01 1.556698e+01 1.556698e+01 1.564630e+01 1.582017e+01 1.582017e+01 1.662424e+01 1.556698e+01 1.601500e+01 1.570450e+01 1.618419e+01 1.570450e+01 1.615646e+01 1.627843e+01 1.635368e+01 1.564630e+01 1.570450e+01 1.556698e+01 1.597852e+01 1.605415e+01 1.601032e+01 1.609433e+01 1.556698e+01 
F4: 2.28e-01  (1.00e-01): 1.582541e-01 3.814254e-01 3.593287e-01 2.320275e-01 1.590448e-01 2.096349e-01 7.947781e-02 7.916321e-02 4.937503e-02 1.696664e-01 2.502259e-01 1.680413e-01 1.590439e-01 2.269527e-01 3.372734e-01 3.660397e-01 1.593233e-01 2.389744e-01 3.391320e-01 2.733837e-01 2.121210e-01 2.868951e-01 3.655854e-01 3.258350e-01 1.591133e-01 1.092900e-01 1.778410e-01 4.389550e-01 1.791664e-01 1.984066e-01 
F5: 4.35e+00  (2.55e+00): 1.307194e+00 5.599279e+00 3.297112e+00 5.130908e+00 6.125867e+00 3.297112e+00 5.130913e+00 3.453230e+00 5.443160e+00 5.130908e+00 1.151077e+00 7.433080e+00 5.130908e+00 7.959687e+00 3.609347e+00 9.949784e-01 4.683526e-01 3.453249e+00 2.302153e+00 1.151077e+00 7.433080e+00 1.151077e+00 2.984877e+00 5.443143e+00 7.433061e+00 1.057407e+01 7.276943e+00 2.302153e+00 6.281984e+00 2.146055e+00 
F6: 2.47e+00  (2.86e+00): 5.209028e-01 8.990359e-01 1.684998e-01 8.875005e-01 1.195079e+00 6.409123e-01 7.616643e-01 1.206940e+00 2.075704e+00 9.195213e-01 1.099262e+00 7.296410e-01 7.860776e+00 7.245078e-01 1.091490e+00 7.773275e-01 9.300213e-01 7.212994e+00 7.526717e-01 1.225638e+00 8.770656e-01 7.473570e+00 7.713961e+00 1.350108e+00 9.689098e-01 7.680319e+00 7.481790e+00 7.292098e+00 7.839914e-01 8.142058e-01 
F7: 5.27e-01  (1.40e-01): 5.349384e-01 3.977151e-01 7.080374e-01 4.928499e-01 5.606617e-01 7.081412e-01 5.780468e-01 7.081409e-01 3.364652e-01 6.130833e-01 3.919898e-01 2.769092e-01 5.844188e-01 3.757721e-01 4.957575e-01 3.723634e-01 4.694487e-01 7.002804e-01 4.364854e-01 4.689224e-01 7.081220e-01 6.616636e-01 6.997893e-01 2.907545e-01 6.165312e-01 4.903794e-01 3.616800e-01 7.074157e-01 6.313000e-01 4.284489e-01 
F8: 4.86e+00  (9.38e+00): 0.000000e+00 0.000000e+00 0.000000e+00 2.279218e+01 0.000000e+00 0.000000e+00 1.235677e+01 0.000000e+00 1.235677e+01 2.747090e+01 0.000000e+00 2.501174e+01 0.000000e+00 0.000000e+00 0.000000e+00 0.000000e+00 0.000000e+00 0.000000e+00 0.000000e+00 2.090357e+01 0.000000e+00 0.000000e+00 0.000000e+00 0.000000e+00 0.000000e+00 0.000000e+00 0.000000e+00 0.000000e+00 0.000000e+00 2.490845e+01 
F9: 9.33e+01  (2.54e+01): 1.000000e+02 1.000000e+02 1.000000e+02 1.000000e+02 1.000000e+02 1.000000e+02 1.000000e+02 1.000000e+02 3.179786e-05 1.000000e+02 1.000000e+02 1.000000e+02 1.000000e+02 1.000000e+02 1.000000e+02 1.000000e+02 1.000000e+02 1.000000e+02 1.000000e+02 3.277366e-04 1.000000e+02 1.000000e+02 1.000000e+02 1.000000e+02 1.000000e+02 1.000000e+02 1.000000e+02 1.000000e+02 1.000000e+02 1.000000e+02 
F10: 4.00e+02  (0.00e+00): 4.000000e+02 4.000000e+02 4.000000e+02 4.000000e+02 4.000000e+02 4.000000e+02 4.000000e+02 4.000000e+02 4.000000e+02 4.000000e+02 4.000000e+02 4.000000e+02 4.000000e+02 4.000000e+02 4.000000e+02 4.000000e+02 4.000000e+02 4.000000e+02 4.000000e+02 4.000000e+02 4.000000e+02 4.000000e+02 4.000000e+02 4.000000e+02 4.000000e+02 4.000000e+02 4.000000e+02 4.000000e+02 4.000000e+02 4.000000e+02 

2
F2: 2.33e+00  (2.78e+00): 2.443250e+00 4.719951e+00 2.401613e+00 4.511764e+00 2.914618e-01 1.012162e+01 2.401613e+00 2.359975e+00 8.011471e+00 1.665496e-01 4.636676e+00 1.665496e-01 2.359975e+00 2.498244e-01 1.665496e-01 4.595039e+00 4.163739e-02 2.443250e+00 3.330992e-01 9.106802e+00 2.081870e-01 2.318338e+00 1.249122e-01 2.401613e+00 2.081870e-01 2.401613e+00 1.249122e-01 1.665496e-01 1.665496e-01 1.665496e-01 
F3: 1.59e+01  (2.43e-01): 1.574085e+01 1.556698e+01 1.582017e+01 1.582017e+01 1.582017e+01 1.615673e+01 1.564630e+01 1.582017e+01 1.587837e+01 1.623172e+01 1.645607e+01 1.556698e+01 1.556698e+01 1.587837e+01 1.601500e+01 1.556698e+01 1.594213e+01 1.608092e+01 1.564630e+01 1.615240e+01 1.605784e+01 1.587837e+01 1.582017e+01 1.602145e+01 1.570450e+01 1.615240e+01 1.582017e+01 1.556698e+01 1.556698e+01 1.626351e+01 
F4: 2.98e-01  (1.17e-01): 3.953832e-02 1.784281e-01 3.902799e-01 3.103107e-01 6.908633e-02 3.275062e-01 4.757419e-01 4.001602e-01 1.495776e-01 2.738152e-01 3.812741e-01 3.362890e-01 9.874662e-02 3.521204e-01 2.373472e-01 3.481815e-01 3.747110e-01 2.282042e-01 1.589336e-01 1.902375e-01 3.162460e-01 3.812846e-01 4.183618e-01 3.444473e-01 3.103670e-01 4.364270e-01 3.354327e-01 3.799725e-01 4.732009e-01 2.188682e-01 
F5: 4.14e+00  (2.50e+00): 5.130908e+00 6.125875e+00 2.302171e+00 1.463331e+00 1.561369e-01 7.120841e+00 5.130908e+00 4.135956e+00 5.130927e+00 4.292071e+00 3.453239e+00 3.140995e+00 1.151096e+00 4.135954e+00 7.276957e+00 4.604326e+00 1.151096e+00 1.307210e+00 5.287030e+00 1.125677e+01 3.297112e+00 2.302173e+00 4.135954e+00 2.146053e+00 5.130908e+00 3.140995e+00 3.297112e+00 3.453249e+00 1.026183e+01 3.141014e+00 
F6: 3.01e+00  (3.08e+00): 8.030484e-01 8.737569e-01 7.537021e+00 7.356113e+00 7.364549e+00 8.690859e-01 8.847046e-01 9.257951e-01 7.456685e+00 7.828303e+00 7.387811e-01 7.457129e+00 6.596590e-01 5.939937e-01 7.365881e+00 7.683939e-01 1.428270e+00 1.175832e+00 8.078733e-01 1.068352e+00 8.004680e-01 7.460204e+00 8.407857e-01 7.073511e-01 4.951204e+00 7.578087e+00 1.234287e+00 1.378786e+00 6.525066e-01 7.242861e-01 
F7: 5.31e-01  (1.61e-01): 4.101824e-01 4.954328e-01 8.869962e-01 7.058632e-01 4.715940e-01 5.711698e-01 8.238995e-01 4.998163e-01 4.506813e-01 4.454521e-01 3.578305e-01 4.016684e-01 4.233108e-01 6.964448e-01 4.972230e-01 4.669779e-01 5.728763e-01 7.664430e-01 7.012093e-01 5.490804e-01 5.119151e-01 4.993415e-01 2.630097e-01 3.498808e-01 7.561087e-01 4.686561e-01 5.647451e-01 2.621021e-01 3.634460e-01 7.042820e-01 
F8: 2.40e+00  (6.58e+00): 0.000000e+00 0.000000e+00 0.000000e+00 0.000000e+00 0.000000e+00 2.150024e+01 0.000000e+00 0.000000e+00 0.000000e+00 0.000000e+00 2.571627e+01 0.000000e+00 1.235677e+01 0.000000e+00 0.000000e+00 0.000000e+00 1.235677e+01 0.000000e+00 0.000000e+00 0.000000e+00 0.000000e+00 0.000000e+00 0.000000e+00 0.000000e+00 0.000000e+00 0.000000e+00 0.000000e+00 0.000000e+00 0.000000e+00 0.000000e+00 
F9: 9.67e+01  (1.83e+01): 1.000000e+02 1.000000e+02 1.000000e+02 1.000000e+02 1.000000e+02 1.000000e+02 1.000000e+02 1.000000e+02 1.000000e+02 1.000000e+02 1.000000e+02 1.000000e+02 1.000000e+02 1.000000e+02 1.000000e+02 1.000000e+02 1.000000e+02 1.000000e+02 1.000000e+02 3.413985e-05 1.000000e+02 1.000000e+02 1.000000e+02 1.000000e+02 1.000000e+02 1.000000e+02 1.000000e+02 1.000000e+02 1.000000e+02 1.000000e+02 
F10: 4.00e+02  (0.00e+00): 4.000000e+02 4.000000e+02 4.000000e+02 4.000000e+02 4.000000e+02 4.000000e+02 4.000000e+02 4.000000e+02 4.000000e+02 4.000000e+02 4.000000e+02 4.000000e+02 4.000000e+02 4.000000e+02 4.000000e+02 4.000000e+02 4.000000e+02 4.000000e+02 4.000000e+02 4.000000e+02 4.000000e+02 4.000000e+02 4.000000e+02 4.000000e+02 4.000000e+02 4.000000e+02 4.000000e+02 4.000000e+02 4.000000e+02 4.000000e+02 

op=3
F2: 2.37e+00  (2.18e+00): 2.401613e+00 2.081870e-01 4.595039e+00 2.484888e+00 2.318338e+00 2.443250e+00 2.401613e+00 1.665496e-01 2.318338e+00 4.595039e+00 2.081870e-01 2.498244e-01 3.330992e-01 1.249122e-01 4.553401e+00 4.595039e+00 2.318338e+00 1.249122e-01 1.016326e+01 2.484888e+00 2.443250e+00 2.081870e-01 2.401613e+00 2.526525e+00 2.443250e+00 4.636676e+00 2.443250e+00 1.665496e-01 4.636676e+00 1.665496e-01 
F3: 1.58e+01  (2.46e-01): 1.564630e+01 1.564630e+01 1.574085e+01 1.556698e+01 1.619533e+01 1.556698e+01 1.570450e+01 1.570450e+01 1.564630e+01 1.595769e+01 1.564630e+01 1.619533e+01 1.609433e+01 1.564630e+01 1.597852e+01 1.556698e+01 1.556698e+01 1.602765e+01 1.564630e+01 1.556698e+01 1.611601e+01 1.620152e+01 1.595769e+01 1.556698e+01 1.556698e+01 1.556698e+01 1.613347e+01 1.621466e+01 1.597852e+01 1.556698e+01 
F4: 2.10e-01  (9.77e-02): 2.105017e-01 2.474567e-01 1.779346e-01 2.309884e-01 1.990218e-01 2.961287e-02 7.905179e-02 4.048306e-01 8.903107e-02 2.955036e-01 1.092051e-01 2.777099e-01 2.780306e-01 2.514930e-01 1.779555e-01 1.194287e-01 1.875584e-01 1.783318e-01 2.085529e-01 2.786141e-01 1.705646e-01 3.606540e-01 1.288959e-01 1.585093e-01 2.772962e-01 2.281690e-01 1.578675e-01 2.469281e-01 6.922284e-02 4.658970e-01 
F5: 4.12e+00  (2.08e+00): 6.594219e+00 6.438102e+00 1.619429e+00 5.443148e+00 1.160031e+00 2.302153e+00 7.959667e+00 6.438102e+00 2.146036e+00 6.125869e+00 1.151077e+00 3.140995e+00 5.130908e+00 3.297112e+00 4.292071e+00 1.151079e+00 2.302153e+00 2.984877e+00 4.135958e+00 5.287025e+00 2.458271e+00 5.443167e+00 8.428020e+00 2.302153e+00 3.297124e+00 4.135972e+00 2.302173e+00 3.453230e+00 6.281984e+00 6.281990e+00 
F6: 2.52e+00  (2.91e+00): 8.067595e-01 7.506419e-01 6.508416e-01 8.698408e-01 7.632664e+00 1.501718e+00 7.377510e-01 1.352435e+00 7.349468e-01 1.173721e+00 9.959388e-01 1.072486e+00 7.250523e+00 7.686896e-01 7.734100e-01 9.675765e-01 7.733595e-01 1.017228e+00 8.621399e+00 1.150471e+00 9.220970e-01 8.605955e-01 7.452549e+00 1.263844e+00 1.008080e+00 7.854109e+00 7.743666e+00 7.213245e+00 8.037094e-01 8.289116e-01 
F7: 4.75e-01  (1.40e-01): 2.475199e-01 4.386125e-01 4.058495e-01 5.647842e-01 4.992014e-01 2.386437e-01 4.805740e-01 4.278610e-01 4.708646e-01 4.354304e-01 6.692159e-01 4.653429e-01 7.075776e-01 4.660463e-01 4.025117e-01 3.370445e-01 4.214874e-01 2.095081e-01 4.437418e-01 5.039377e-01 6.995788e-01 4.881193e-01 2.926353e-01 4.214036e-01 4.980066e-01 6.453324e-01 6.839024e-01 7.158471e-01 6.182012e-01 3.586189e-01 
F8: 3.98e+00  (7.70e+00): 0.000000e+00 1.583628e+01 0.000000e+00 0.000000e+00 0.000000e+00 1.235677e+01 0.000000e+00 0.000000e+00 2.150024e+01 0.000000e+00 1.980324e+01 0.000000e+00 0.000000e+00 0.000000e+00 0.000000e+00 0.000000e+00 1.235677e+01 2.508237e+01 0.000000e+00 0.000000e+00 0.000000e+00 0.000000e+00 0.000000e+00 0.000000e+00 0.000000e+00 0.000000e+00 0.000000e+00 0.000000e+00 0.000000e+00 1.235677e+01 
F9: 1.00e+02  (4.15e-13): 1.000000e+02 1.000000e+02 1.000000e+02 1.000000e+02 1.000000e+02 1.000000e+02 1.000000e+02 1.000000e+02 1.000000e+02 1.000000e+02 1.000000e+02 1.000000e+02 1.000000e+02 1.000000e+02 1.000000e+02 1.000000e+02 1.000000e+02 1.000000e+02 1.000000e+02 1.000000e+02 1.000000e+02 1.000000e+02 1.000000e+02 1.000000e+02 1.000000e+02 1.000000e+02 1.000000e+02 1.000000e+02 1.000000e+02 1.000000e+02 
F10: 4.00e+02  (0.00e+00): 4.000000e+02 4.000000e+02 4.000000e+02 4.000000e+02 4.000000e+02 4.000000e+02 4.000000e+02 4.000000e+02 4.000000e+02 4.000000e+02 4.000000e+02 4.000000e+02 4.000000e+02 4.000000e+02 4.000000e+02 4.000000e+02 4.000000e+02 4.000000e+02 4.000000e+02 4.000000e+02 4.000000e+02 4.000000e+02 4.000000e+02 4.000000e+02 4.000000e+02 4.000000e+02 4.000000e+02 4.000000e+02 4.000000e+02 4.000000e+02 

op1，3
F2: 2.70e+00  (2.31e+00): 2.498244e-01 6.871739e+00 1.125859e+01 2.401613e+00 2.401613e+00 2.443250e+00 2.401613e+00 2.359975e+00 4.678313e+00 2.318338e+00 2.484888e+00 2.401613e+00 2.318338e+00 2.081870e-01 2.318338e+00 2.401613e+00 1.665496e-01 2.359975e+00 2.443250e+00 2.484888e+00 2.443250e+00 2.359975e+00 1.665496e-01 4.678313e+00 2.081870e-01 2.401613e+00 2.081870e-01 6.830102e+00 2.318338e+00 2.526525e+00 
F3: 1.60e+01  (3.56e-01): 1.587837e+01 1.556698e+01 1.598259e+01 1.564630e+01 1.651163e+01 1.601500e+01 1.597852e+01 1.556698e+01 1.601500e+01 1.653435e+01 1.628838e+01 1.578382e+01 1.564630e+01 1.605784e+01 1.618888e+01 1.556698e+01 1.570450e+01 1.556698e+01 1.621493e+01 1.556698e+01 1.556698e+01 1.601032e+01 1.564630e+01 1.618888e+01 1.607965e+01 1.607741e+01 1.647164e+01 1.638547e+01 1.693987e+01 1.602145e+01 
F4: 2.71e-01  (9.95e-02): 2.762419e-01 2.864212e-01 1.782176e-01 3.563174e-01 3.749634e-01 1.191540e-01 1.286763e-01 2.663952e-01 2.325172e-01 4.579950e-01 3.868579e-01 2.368157e-01 4.649949e-01 4.056322e-01 2.072358e-01 2.501262e-01 3.058722e-01 1.996031e-01 3.115950e-01 3.785082e-01 2.074630e-01 2.288990e-01 3.055249e-01 1.184312e-01 3.619204e-01 1.583422e-01 2.966624e-01 1.289253e-01 3.279404e-01 1.688795e-01 
F5: 5.33e+00  (2.61e+00): 3.979837e+00 5.130932e+00 3.453249e+00 7.120845e+00 3.979856e+00 7.120845e+00 2.146054e+00 5.287045e+00 9.949560e+00 6.125886e+00 2.458286e+00 1.010569e+01 5.130926e+00 2.302173e+00 6.438121e+00 1.151096e+00 1.156903e+01 7.959687e+00 2.302173e+00 4.292086e+00 5.130925e+00 6.438102e+00 7.276961e+00 5.599279e+00 1.151096e+00 3.297132e+00 6.438121e+00 3.140996e+00 6.282004e+00 7.276963e+00 
F6: 3.74e+00  (4.09e+00): 1.392483e+01 7.491508e+00 8.306007e+00 1.698981e+00 1.442907e+00 5.285952e+00 7.380218e+00 8.956238e-01 7.547736e+00 5.621900e-01 6.811539e-01 5.852239e-01 1.410356e+01 8.154284e-01 8.948720e-01 5.075694e-01 1.259470e+00 8.933800e+00 6.354071e-01 1.195749e+00 5.827640e-01 9.705251e-01 1.613609e+00 1.972567e+00 8.993447e-01 4.657288e+00 7.316752e-01 7.983871e+00 7.912274e-01 7.816990e+00 
F7: 5.26e-01  (2.20e-01): 8.338026e-01 3.983827e-01 2.921362e-02 5.971803e-01 5.317842e-01 7.200503e-01 6.565040e-01 2.790912e-01 9.937212e-01 3.212790e-01 2.313467e-01 4.860001e-01 5.207202e-01 6.591727e-01 2.667094e-01 4.282716e-01 7.380815e-01 4.871508e-01 2.911759e-01 6.515683e-01 7.442010e-01 4.767225e-01 3.691773e-01 2.261193e-01 6.973454e-01 4.643363e-01 7.370819e-01 8.832980e-01 5.317459e-01 5.261336e-01 
F8: 1.13e+00  (4.46e+00): 0.000000e+00 0.000000e+00 0.000000e+00 0.000000e+00 0.000000e+00 0.000000e+00 0.000000e+00 0.000000e+00 0.000000e+00 0.000000e+00 0.000000e+00 2.150024e+01 0.000000e+00 0.000000e+00 1.235677e+01 0.000000e+00 0.000000e+00 0.000000e+00 0.000000e+00 0.000000e+00 0.000000e+00 0.000000e+00 0.000000e+00 0.000000e+00 0.000000e+00 0.000000e+00 0.000000e+00 0.000000e+00 0.000000e+00 0.000000e+00 
F9: 9.00e+01  (3.05e+01): 1.000000e+02 1.000000e+02 1.000000e+02 1.000000e+02 1.000000e+02 1.000000e+02 1.000000e+02 1.489802e-07 1.000000e+02 1.000000e+02 1.000000e+02 1.000000e+02 1.000000e+02 1.000000e+02 1.000000e+02 1.000000e+02 1.000000e+02 1.000000e+02 1.000000e+02 2.765951e-04 1.000000e+02 1.000000e+02 1.000000e+02 4.610154e-06 1.000000e+02 1.000000e+02 1.000000e+02 1.000000e+02 1.000000e+02 1.000000e+02 
F10: 4.00e+02  (0.00e+00): 4.000000e+02 4.000000e+02 4.000000e+02 4.000000e+02 4.000000e+02 4.000000e+02 4.000000e+02 4.000000e+02 4.000000e+02 4.000000e+02 4.000000e+02 4.000000e+02 4.000000e+02 4.000000e+02 4.000000e+02 4.000000e+02 4.000000e+02 4.000000e+02 4.000000e+02 4.000000e+02 4.000000e+02 4.000000e+02 4.000000e+02 4.000000e+02 4.000000e+02 4.000000e+02 4.000000e+02 4.000000e+02 4.000000e+02 4.000000e+02 

op==2
F2: 1.59e+00  (1.96e+00): 2.081870e-01 1.249122e-01 2.318338e+00 4.163739e-02 2.081870e-01 1.665496e-01 2.914618e-01 2.498244e-01 8.327479e-02 4.553401e+00 2.914618e-01 2.443250e+00 3.330992e-01 2.484888e+00 2.401613e+00 4.636676e+00 2.081870e-01 2.401613e+00 9.023528e+00 2.318338e+00 1.665496e-01 2.498244e-01 2.359975e+00 8.327479e-02 1.665496e-01 2.914618e-01 2.484888e+00 2.359975e+00 2.276701e+00 2.359975e+00 
F3: 1.56e+01  (9.57e-02): 1.556698e+01 1.556698e+01 1.556698e+01 1.564630e+01 1.582017e+01 1.556698e+01 1.570450e+01 1.556698e+01 1.556698e+01 1.556698e+01 1.556698e+01 1.556698e+01 1.574085e+01 1.556698e+01 1.556698e+01 1.556698e+01 1.564630e+01 1.556698e+01 1.556698e+01 1.556698e+01 1.556698e+01 1.556698e+01 1.556698e+01 1.570450e+01 1.556698e+01 1.564630e+01 1.570450e+01 1.556698e+01 1.597852e+01 1.556698e+01 
F4: 1.82e-01  (8.08e-02): 1.097033e-01 3.948430e-02 1.289269e-01 3.159194e-01 1.287667e-01 2.866392e-01 2.644757e-01 2.238102e-01 3.106976e-01 2.296562e-01 1.700679e-01 1.910562e-01 2.486071e-01 2.888256e-01 2.806837e-01 6.920105e-02 1.502873e-01 1.089647e-01 2.774886e-01 9.902723e-02 1.598209e-01 1.089356e-01 1.298571e-01 1.189478e-01 1.739183e-01 5.936066e-02 2.767125e-01 1.973114e-01 1.974353e-01 1.188016e-01 
F5: 4.50e+00  (3.19e+00): 5.130913e+00 3.453230e+00 5.969749e+00 2.302153e+00 1.125677e+01 3.453230e+00 1.335506e+01 1.307194e+00 1.026182e+01 4.292071e+00 7.276943e+00 2.146036e+00 7.959667e+00 4.292071e+00 2.146036e+00 2.458271e+00 5.287025e+00 5.443148e+00 2.458271e+00 3.122351e-01 4.292071e+00 6.125867e+00 5.287030e+00 1.151077e+00 9.949591e-01 1.561175e-01 6.964708e+00 4.292071e+00 1.989918e+00 3.140995e+00 
F6: 1.17e+00  (1.71e+00): 8.293961e-01 8.083660e-01 8.778658e-01 6.117243e-01 3.145206e-01 3.595264e-01 6.359006e-01 8.817939e-01 8.487788e-01 6.332318e-01 9.983890e-01 6.852843e-01 8.561072e-01 7.538541e+00 5.146308e-01 6.731521e-01 9.719198e-01 7.746700e-01 4.502844e-01 6.259094e-01 7.496916e-01 7.290129e+00 5.812537e-01 5.729697e-01 5.093276e-01 1.065679e+00 8.707849e-01 7.775498e-01 9.072272e-01 9.802522e-01 
F7: 4.54e-01  (1.77e-01): 4.835159e-01 4.999945e-01 7.509388e-02 4.983732e-01 7.076809e-01 4.638585e-01 5.908734e-01 4.902006e-01 2.775671e-01 2.768633e-01 7.081429e-01 2.733134e-01 4.879020e-01 7.059177e-01 3.045556e-01 3.890133e-01 4.999307e-01 4.899587e-01 7.081430e-01 4.715885e-01 7.079945e-01 4.877758e-01 2.584528e-01 4.999977e-01 4.740410e-01 2.234933e-01 4.871020e-01 4.902993e-01 3.284906e-02 5.633463e-01 
F8: 5.90e+00  (1.06e+01): 0.000000e+00 0.000000e+00 2.090357e+01 2.508237e+01 0.000000e+00 0.000000e+00 2.496549e+01 0.000000e+00 1.583628e+01 0.000000e+00 0.000000e+00 0.000000e+00 1.583628e+01 0.000000e+00 0.000000e+00 0.000000e+00 3.525633e+01 0.000000e+00 0.000000e+00 0.000000e+00 0.000000e+00 0.000000e+00 0.000000e+00 0.000000e+00 0.000000e+00 0.000000e+00 2.662930e+01 0.000000e+00 0.000000e+00 1.235677e+01 
F9: 1.00e+02  (3.19e-13): 1.000000e+02 1.000000e+02 1.000000e+02 1.000000e+02 1.000000e+02 1.000000e+02 1.000000e+02 1.000000e+02 1.000000e+02 1.000000e+02 1.000000e+02 1.000000e+02 1.000000e+02 1.000000e+02 1.000000e+02 1.000000e+02 1.000000e+02 1.000000e+02 1.000000e+02 1.000000e+02 1.000000e+02 1.000000e+02 1.000000e+02 1.000000e+02 1.000000e+02 1.000000e+02 1.000000e+02 1.000000e+02 1.000000e+02 1.000000e+02 
F10: 4.00e+02  (0.00e+00): 4.000000e+02 4.000000e+02 4.000000e+02 4.000000e+02 4.000000e+02 4.000000e+02 4.000000e+02 4.000000e+02 4.000000e+02 4.000000e+02 4.000000e+02 4.000000e+02 4.000000e+02 4.000000e+02 4.000000e+02 4.000000e+02 4.000000e+02 4.000000e+02 4.000000e+02 4.000000e+02 4.000000e+02 4.000000e+02 4.000000e+02 4.000000e+02 4.000000e+02 4.000000e+02 4.000000e+02 4.000000e+02 4.000000e+02 4.000000e+02 
op==4
F2: 4.59e-01  (7.69e-01): 1.249122e-01 1.665496e-01 2.318338e+00 2.081870e-01 1.665496e-01 8.327479e-02 1.665496e-01 8.327479e-02 2.443250e+00 1.665496e-01 8.327479e-02 1.665496e-01 8.327479e-02 2.498244e-01 2.081870e-01 2.081870e-01 1.249122e-01 2.401613e+00 2.498244e-01 1.249122e-01 1.249122e-01 1.249122e-01 1.249122e-01 2.914618e-01 2.359975e+00 1.665496e-01 1.665496e-01 1.665496e-01 2.081870e-01 2.081870e-01 
F3: 1.57e+01  (1.72e-01): 1.556698e+01 1.610697e+01 1.574085e+01 1.556698e+01 1.574085e+01 1.570450e+01 1.564630e+01 1.594213e+01 1.564630e+01 1.609433e+01 1.570450e+01 1.564630e+01 1.556698e+01 1.564630e+01 1.556698e+01 1.570450e+01 1.578382e+01 1.607965e+01 1.556698e+01 1.556698e+01 1.556698e+01 1.564630e+01 1.564630e+01 1.556698e+01 1.556698e+01 1.564630e+01 1.570450e+01 1.574085e+01 1.578382e+01 1.607965e+01 
F4: 4.80e-01  (1.81e-01): 5.614162e-01 5.025125e-01 2.884035e-01 1.996567e-01 1.976375e-02 4.721300e-01 5.209484e-01 7.466330e-01 5.334362e-01 5.831246e-01 4.504255e-01 4.887076e-01 7.952407e-01 6.744531e-01 5.119302e-01 5.081550e-01 4.092180e-01 5.325667e-01 6.402350e-01 2.506775e-01 4.687293e-01 7.000785e-01 4.691641e-01 3.519381e-01 6.418263e-01 2.959402e-02 5.272790e-01 4.635555e-01 5.542602e-01 5.116551e-01 
F5: 7.65e+01  (7.86e+01): 1.584848e+02 1.565385e+02 1.394683e+02 2.927299e+02 3.544777e+01 3.016075e+01 1.837758e+01 3.398446e+01 3.827626e+01 1.026182e+01 2.371277e+02 1.309057e+01 1.504221e+02 2.801485e+01 2.131472e+01 3.099971e+01 3.639515e+01 2.109508e+02 3.728157e+01 3.429676e+01 2.675784e+01 3.895923e+01 1.432920e+02 1.707040e+01 1.374986e+02 1.822146e+01 8.271903e+00 2.733218e+01 1.607543e+01 1.465891e+02 
F6: 9.67e-01  (1.40e+00): 8.150253e-01 2.574097e-01 6.995279e-01 5.555339e-01 2.679453e-01 6.637636e-01 8.184460e-01 1.366150e+00 3.990157e-01 5.180612e-01 4.789719e-01 5.070584e-01 7.760834e-01 3.399759e-01 6.816737e-01 7.521973e-01 8.449247e-01 5.076521e-01 7.333317e+00 5.929131e-01 6.582957e-01 7.124091e-01 1.129807e-01 4.326438e+00 3.547904e-01 7.482131e-01 9.507501e-01 3.812345e-01 7.898278e-01 7.899993e-01 
F7: 2.73e+01  (4.91e+01): 2.499788e-01 1.618686e-01 2.475571e-01 1.194400e+02 2.569844e-01 4.005160e-02 1.186676e+02 4.758029e-01 1.191129e+02 4.342242e-01 4.796180e-01 5.978683e-01 2.261111e-01 8.577760e-01 1.298410e+02 8.230338e-02 4.760460e-01 1.184853e+02 4.943444e-01 9.936320e-01 1.198213e+00 1.166898e+01 1.301800e+02 2.937451e-01 1.165010e+00 7.108619e-01 1.146083e+01 6.126325e-01 1.143489e+01 3.904493e+01 
F8: 3.25e+01  (4.00e+01): 2.424676e+01 0.000000e+00 1.000000e+02 0.000000e+00 0.000000e+00 3.685195e+01 2.881539e+01 3.894333e+01 0.000000e+00 0.000000e+00 1.000000e+02 0.000000e+00 1.000000e+02 0.000000e+00 1.000000e+02 2.607296e+01 1.000000e+02 2.672703e+01 0.000000e+00 0.000000e+00 0.000000e+00 1.235677e+01 2.737124e+01 2.672703e+01 0.000000e+00 0.000000e+00 2.747090e+01 0.000000e+00 1.000000e+02 1.000000e+02 
F9: 1.13e+02  (5.54e+01): 1.000000e+02 1.000000e+02 1.000000e+02 1.000000e+02 1.000000e+02 1.000000e+02 1.000000e+02 1.000000e+02 1.000000e+02 1.000000e+02 1.000000e+02 3.896776e+02 1.000000e+02 1.000000e+02 1.000000e+02 1.000000e+02 1.000000e+02 1.000000e+02 1.000000e+02 1.000000e+02 1.000000e+02 1.000000e+02 1.000000e+02 1.000000e+02 1.000000e+02 2.000000e+02 1.000000e+02 1.000000e+02 1.000000e+02 1.000000e+02 
F10: 4.00e+02  (0.00e+00): 4.000000e+02 4.000000e+02 4.000000e+02 4.000000e+02 4.000000e+02 4.000000e+02 4.000000e+02 4.000000e+02 4.000000e+02 4.000000e+02 4.000000e+02 4.000000e+02 4.000000e+02 4.000000e+02 4.000000e+02 4.000000e+02 4.000000e+02 4.000000e+02 4.000000e+02 4.000000e+02 4.000000e+02 4.000000e+02 4.000000e+02 4.000000e+02 4.000000e+02 4.000000e+02 4.000000e+02 4.000000e+02 4.000000e+02 4.000000e+02 
op1+2+3+5
F2: 2.91e+00  (1.99e+00): 2.276701e+00 4.595039e+00 4.678313e+00 2.526525e+00 2.401613e+00 2.318338e+00 6.830102e+00 2.359975e+00 1.249122e-01 4.595039e+00 4.595039e+00 2.401613e+00 2.498244e-01 2.401613e+00 2.526525e+00 2.359975e+00 6.913377e+00 6.788464e+00 4.678313e+00 1.249122e-01 2.081870e-01 2.401613e+00 2.401613e+00 2.359975e+00 4.553401e+00 2.318338e+00 1.665496e-01 2.401613e+00 2.081870e-01 4.595039e+00 
F3: 1.57e+01  (1.88e-01): 1.556698e+01 1.556698e+01 1.556698e+01 1.556698e+01 1.564630e+01 1.564630e+01 1.556698e+01 1.556698e+01 1.556698e+01 1.574085e+01 1.564630e+01 1.556698e+01 1.574085e+01 1.570450e+01 1.564630e+01 1.556698e+01 1.574085e+01 1.618888e+01 1.556698e+01 1.556698e+01 1.578382e+01 1.556698e+01 1.626820e+01 1.594213e+01 1.582017e+01 1.570450e+01 1.556698e+01 1.556698e+01 1.602765e+01 1.556698e+01 
F4: 2.56e-01  (1.23e-01): 6.945027e-02 2.886512e-01 1.603267e-01 3.803478e-01 1.211277e-01 2.757118e-01 3.038790e-01 2.476436e-01 2.963721e-02 3.634765e-01 3.084595e-01 2.509702e-01 4.574554e-01 2.380102e-01 5.554916e-01 1.924522e-01 3.951508e-02 1.996401e-01 3.221607e-01 3.767187e-01 3.160056e-01 2.058000e-01 3.120957e-01 1.189261e-01 1.191393e-01 1.488654e-01 3.375744e-01 2.823123e-01 2.589357e-01 4.057592e-01 
F5: 9.57e+00  (5.31e+00): 1.463312e+00 1.026182e+01 2.131472e+01 1.010570e+01 2.230968e+01 7.276943e+00 7.589179e+00 1.408553e+01 2.984877e+00 1.550110e+01 1.523659e+01 5.443143e+00 5.443143e+00 3.453230e+00 5.287025e+00 4.135954e+00 1.424163e+01 1.340281e+01 1.125677e+01 7.276943e+00 1.654378e+01 1.041793e+01 1.240783e+01 1.057405e+01 6.438102e+00 4.292071e+00 5.130908e+00 6.594219e+00 1.125677e+01 5.287030e+00 
F6: 1.66e+00  (2.24e+00): 7.247474e-01 6.566084e-01 5.613137e-01 1.171335e+00 6.710278e-01 6.095117e-01 6.689504e-01 7.218554e+00 7.531252e-01 6.999063e-01 6.628973e-01 8.278991e-01 6.644172e-01 8.082875e-01 1.236694e+00 1.010945e+00 7.065048e-01 8.698239e-01 7.278058e+00 8.256514e-01 7.080785e-01 8.446044e-01 7.021777e-01 6.019912e-01 1.026994e+00 8.263304e-01 7.727425e-01 1.037958e+00 7.113358e+00 7.426324e+00 
F7: 3.41e-01  (1.89e-01): 4.998674e-01 9.311776e-02 2.281525e-01 2.467065e-01 4.384358e-01 3.483194e-01 4.787016e-01 3.102759e-02 6.671687e-01 6.248523e-01 2.824528e-01 4.676813e-01 4.369346e-01 5.013185e-01 5.517146e-01 1.006841e-01 2.235506e-01 7.081367e-01 2.159505e-01 9.929908e-02 4.101920e-02 3.384072e-01 3.095898e-01 2.695015e-01 3.771660e-01 4.363432e-01 4.735977e-01 1.764760e-02 2.931940e-01 4.444179e-01 
F8: 6.60e+00  (1.05e+01): 0.000000e+00 2.150024e+01 2.150024e+01 2.571627e+01 2.501174e+01 0.000000e+00 0.000000e+00 0.000000e+00 0.000000e+00 0.000000e+00 0.000000e+00 2.090357e+01 0.000000e+00 2.090357e+01 0.000000e+00 0.000000e+00 2.508237e+01 0.000000e+00 0.000000e+00 0.000000e+00 0.000000e+00 0.000000e+00 0.000000e+00 0.000000e+00 0.000000e+00 1.235677e+01 0.000000e+00 2.501174e+01 0.000000e+00 0.000000e+00 
F9: 1.00e+02  (3.09e-13): 1.000000e+02 1.000000e+02 1.000000e+02 1.000000e+02 1.000000e+02 1.000000e+02 1.000000e+02 1.000000e+02 1.000000e+02 1.000000e+02 1.000000e+02 1.000000e+02 1.000000e+02 1.000000e+02 1.000000e+02 1.000000e+02 1.000000e+02 1.000000e+02 1.000000e+02 1.000000e+02 1.000000e+02 1.000000e+02 1.000000e+02 1.000000e+02 1.000000e+02 1.000000e+02 1.000000e+02 1.000000e+02 1.000000e+02 1.000000e+02 
F10: 4.00e+02  (0.00e+00): 4.000000e+02 4.000000e+02 4.000000e+02 4.000000e+02 4.000000e+02 4.000000e+02 4.000000e+02 4.000000e+02 4.000000e+02 4.000000e+02 4.000000e+02 4.000000e+02 4.000000e+02 4.000000e+02 4.000000e+02 4.000000e+02 4.000000e+02 4.000000e+02 4.000000e+02 4.000000e+02 4.000000e+02 4.000000e+02 4.000000e+02 4.000000e+02 4.000000e+02 4.000000e+02 4.000000e+02 4.000000e+02 4.000000e+02 4.000000e+02 

op1+2+3+6
F2: 1.93e+00  (1.71e+00): 2.359975e+00 2.318338e+00 2.081870e-01 2.081870e-01 2.568162e+00 2.401613e+00 2.318338e+00 2.276701e+00 1.665496e-01 2.443250e+00 2.401613e+00 2.498244e-01 2.484888e+00 2.498244e-01 2.318338e+00 2.914618e-01 2.498244e-01 4.595039e+00 2.081870e-01 2.401613e+00 2.081870e-01 7.750683e+00 4.636676e+00 2.443250e+00 1.249122e-01 2.484888e+00 1.665496e-01 2.401613e+00 2.443250e+00 2.484888e+00 
F3: 1.58e+01  (2.10e-01): 1.574085e+01 1.626820e+01 1.578382e+01 1.595769e+01 1.605784e+01 1.601032e+01 1.607965e+01 1.582017e+01 1.578382e+01 1.601032e+01 1.564630e+01 1.613588e+01 1.582017e+01 1.605784e+01 1.564630e+01 1.578382e+01 1.570450e+01 1.574085e+01 1.602145e+01 1.570450e+01 1.556698e+01 1.597852e+01 1.564630e+01 1.556698e+01 1.556698e+01 1.556698e+01 1.616024e+01 1.607965e+01 1.570450e+01 1.556698e+01 
F4: 2.28e-01  (8.14e-02): 3.344858e-01 1.776342e-01 1.878785e-01 1.381280e-01 2.198643e-01 1.878299e-01 2.381238e-01 2.385866e-01 1.976654e-01 8.878612e-02 3.650680e-01 2.481163e-01 3.073662e-01 2.051154e-01 2.959402e-01 1.690342e-01 2.811636e-01 2.466811e-01 2.700318e-01 5.924913e-02 2.089174e-01 2.872700e-01 2.638361e-01 1.688725e-01 3.835466e-01 8.925320e-02 2.916804e-01 1.489367e-01 1.789249e-01 3.472640e-01 
F5: 2.90e+00  (1.39e+00): 2.302155e+00 1.307199e+00 1.463331e+00 2.146045e+00 4.292071e+00 3.297132e+00 3.297132e+00 6.438121e+00 3.140995e+00 2.146055e+00 3.453249e+00 3.141014e+00 1.151077e+00 3.140995e+00 1.463312e+00 3.297132e+00 6.282001e+00 2.146036e+00 6.281984e+00 1.307213e+00 3.140996e+00 2.302153e+00 2.302154e+00 3.140995e+00 3.453249e+00 2.302157e+00 2.302173e+00 2.146037e+00 2.146055e+00 2.302173e+00 
F6: 2.31e+00  (2.62e+00): 8.928613e-01 5.449617e-01 1.685662e+00 8.235231e-01 1.059250e+00 1.701215e+00 1.750973e+00 7.349104e+00 1.031999e+00 7.407058e-01 8.717055e-01 1.034843e+00 7.230206e+00 9.098520e-01 7.240469e-01 7.759459e-01 8.773956e-01 8.205796e-01 1.643226e+00 6.342343e-01 1.194004e+00 7.492076e+00 7.403199e+00 7.678136e+00 1.033338e+00 7.340217e+00 1.074338e+00 7.849692e-01 8.975478e-01 1.285974e+00 
F7: 5.47e-01  (1.01e-01): 6.509190e-01 4.292569e-01 4.284764e-01 4.705789e-01 5.689708e-01 4.915033e-01 7.659133e-01 6.741491e-01 5.232952e-01 5.516101e-01 4.798030e-01 7.081430e-01 7.286667e-01 6.452462e-01 4.662066e-01 6.273953e-01 4.745022e-01 4.947150e-01 5.343975e-01 4.237856e-01 5.598751e-01 5.090864e-01 4.265356e-01 5.996379e-01 5.981333e-01 4.563813e-01 7.081430e-01 4.642655e-01 4.733540e-01 4.688978e-01 
F8: 4.47e+00  (9.87e+00): 0.000000e+00 0.000000e+00 0.000000e+00 0.000000e+00 2.672703e+01 2.501174e+01 1.235677e+01 0.000000e+00 0.000000e+00 0.000000e+00 0.000000e+00 0.000000e+00 0.000000e+00 0.000000e+00 0.000000e+00 3.664549e+01 0.000000e+00 0.000000e+00 0.000000e+00 0.000000e+00 1.235677e+01 0.000000e+00 0.000000e+00 0.000000e+00 0.000000e+00 2.090357e+01 0.000000e+00 0.000000e+00 0.000000e+00 0.000000e+00 
F9: 9.33e+01  (2.54e+01): 1.000000e+02 1.000000e+02 1.000000e+02 1.000000e+02 1.000000e+02 1.000000e+02 1.000000e+02 1.000000e+02 1.181331e-05 1.000000e+02 1.000000e+02 1.000000e+02 1.000000e+02 1.000000e+02 1.000000e+02 1.000000e+02 1.000000e+02 1.000000e+02 1.000000e+02 3.397946e-05 1.000000e+02 1.000000e+02 1.000000e+02 1.000000e+02 1.000000e+02 1.000000e+02 1.000000e+02 1.000000e+02 1.000000e+02 1.000000e+02 
F10: 4.00e+02  (0.00e+00): 4.000000e+02 4.000000e+02 4.000000e+02 4.000000e+02 4.000000e+02 4.000000e+02 4.000000e+02 4.000000e+02 4.000000e+02 4.000000e+02 4.000000e+02 4.000000e+02 4.000000e+02 4.000000e+02 4.000000e+02 4.000000e+02 4.000000e+02 4.000000e+02 4.000000e+02 4.000000e+02 4.000000e+02 4.000000e+02 4.000000e+02 4.000000e+02 4.000000e+02 4.000000e+02 4.000000e+02 4.000000e+02 4.000000e+02 4.000000e+02 

op1+2+3+6+7
F2: 2.10e+00  (1.61e+00): 2.443250e+00 4.595039e+00 8.327479e-02 2.443250e+00 1.665496e-01 2.484888e+00 4.511764e+00 2.276701e+00 1.665496e-01 2.081870e-01 1.665496e-01 2.081870e-01 4.636676e+00 4.595039e+00 2.526525e+00 2.443250e+00 2.401613e+00 2.318338e+00 2.401613e+00 2.498244e-01 4.595039e+00 2.359975e+00 2.359975e+00 2.081870e-01 2.359975e+00 1.665496e-01 2.568162e+00 2.318338e+00 4.470126e+00 2.081870e-01 
F3: 1.60e+01  (2.78e-01): 1.603519e+01 1.607741e+01 1.595769e+01 1.601500e+01 1.556698e+01 1.629425e+01 1.602765e+01 1.556698e+01 1.597852e+01 1.594213e+01 1.625844e+01 1.570450e+01 1.556698e+01 1.556698e+01 1.655934e+01 1.578382e+01 1.607965e+01 1.652755e+01 1.608964e+01 1.615897e+01 1.582017e+01 1.608964e+01 1.556698e+01 1.621520e+01 1.611601e+01 1.556698e+01 1.608092e+01 1.601032e+01 1.602145e+01 1.564630e+01 
F4: 2.53e-01  (1.15e-01): 7.904375e-02 1.679771e-01 1.677188e-01 4.221167e-01 1.386532e-01 3.652876e-01 2.782643e-01 2.175255e-01 2.819276e-01 3.919516e-01 7.894908e-02 2.624065e-01 2.790978e-01 2.286494e-01 8.907571e-02 1.981557e-01 7.904944e-02 5.140709e-01 9.876273e-02 1.906215e-01 3.298213e-01 3.460992e-01 2.785820e-01 2.779162e-01 2.112508e-01 3.573871e-01 4.258123e-01 3.441706e-01 1.790792e-01 3.177558e-01 
F5: 3.47e+00  (2.14e+00): 4.448195e+00 2.984897e+00 2.302173e+00 2.302156e+00 2.302164e+00 5.443148e+00 1.307213e+00 3.141014e+00 1.463331e+00 3.141013e+00 6.281992e+00 1.463331e+00 3.453232e+00 7.589179e+00 1.463331e+00 2.146055e+00 3.141014e+00 4.292077e+00 1.307194e+00 2.302173e+00 2.458290e+00 2.302171e+00 6.438121e+00 1.151096e+00 3.297113e+00 4.135973e+00 4.135963e+00 1.094456e+01 3.453249e+00 3.609347e+00 
F6: 2.37e+00  (2.67e+00): 8.353950e-01 1.511318e+00 8.909036e-01 9.077046e-01 1.021131e+00 9.263834e+00 1.031217e+00 1.141143e+00 5.423556e-01 7.561097e+00 1.111757e+00 1.077485e+00 2.234893e+00 7.236593e+00 1.048123e+00 1.057178e+00 7.588089e-01 7.833192e+00 1.669207e+00 7.947603e+00 4.764922e+00 5.684665e-01 1.749757e+00 9.706103e-01 8.285465e-01 9.454500e-01 1.630135e+00 1.007490e+00 7.692452e-01 1.260739e+00 
F7: 5.30e-01  (1.61e-01): 4.230649e-01 4.815718e-01 4.313083e-01 7.288300e-01 6.773978e-01 2.781013e-01 6.874745e-01 4.999540e-01 4.092100e-01 4.650643e-01 3.833106e-01 5.630813e-01 8.157552e-01 4.294114e-01 3.417032e-01 3.162680e-01 6.187766e-01 4.489934e-01 4.861640e-01 1.162425e-01 7.695562e-01 7.073463e-01 7.077678e-01 6.107375e-01 5.271428e-01 5.044822e-01 5.519560e-01 7.081386e-01 5.565356e-01 6.411559e-01 
F8: 2.02e+00  (6.43e+00): 0.000000e+00 0.000000e+00 0.000000e+00 0.000000e+00 0.000000e+00 0.000000e+00 0.000000e+00 0.000000e+00 0.000000e+00 0.000000e+00 0.000000e+00 0.000000e+00 0.000000e+00 0.000000e+00 0.000000e+00 2.501174e+01 0.000000e+00 0.000000e+00 0.000000e+00 0.000000e+00 1.235677e+01 0.000000e+00 0.000000e+00 0.000000e+00 0.000000e+00 2.334599e+01 0.000000e+00 0.000000e+00 0.000000e+00 0.000000e+00 
F9: 9.67e+01  (1.83e+01): 1.000000e+02 1.000000e+02 1.000000e+02 1.000000e+02 1.000000e+02 1.000000e+02 1.000000e+02 1.000000e+02 1.251588e-05 1.000000e+02 1.000000e+02 1.000000e+02 1.000000e+02 1.000000e+02 1.000000e+02 1.000000e+02 1.000000e+02 1.000000e+02 1.000000e+02 1.000000e+02 1.000000e+02 1.000000e+02 1.000000e+02 1.000000e+02 1.000000e+02 1.000000e+02 1.000000e+02 1.000000e+02 1.000000e+02 1.000000e+02 
F10: 4.00e+02  (0.00e+00): 4.000000e+02 4.000000e+02 4.000000e+02 4.000000e+02 4.000000e+02 4.000000e+02 4.000000e+02 4.000000e+02 4.000000e+02 4.000000e+02 4.000000e+02 4.000000e+02 4.000000e+02 4.000000e+02 4.000000e+02 4.000000e+02 4.000000e+02 4.000000e+02 4.000000e+02 4.000000e+02 4.000000e+02 4.000000e+02 4.000000e+02 4.000000e+02 4.000000e+02 4.000000e+02 4.000000e+02 4.000000e+02 4.000000e+02 4.000000e+02 

1324

F2: 2.10e+00  (2.94e+00): 2.401613e+00 2.318338e+00 2.401613e+00 2.081870e-01 2.359975e+00 1.564820e+01 2.401613e+00 2.498244e-01 1.665496e-01 6.788464e+00 2.359975e+00 2.359975e+00 2.081870e-01 4.163739e-02 2.498244e-01 2.359975e+00 1.665496e-01 2.484888e+00 1.665496e-01 2.443250e+00 8.327479e-02 2.443250e+00 2.401613e+00 2.401613e+00 2.359975e+00 2.081870e-01 2.914618e-01 2.401613e+00 2.401613e+00 2.081870e-01 
F3: 1.59e+01  (3.28e-01): 1.578382e+01 1.556698e+01 1.643300e+01 1.582017e+01 1.613347e+01 1.564630e+01 1.556698e+01 1.633411e+01 1.556698e+01 1.582017e+01 1.608964e+01 1.611451e+01 1.625844e+01 1.667040e+01 1.638880e+01 1.564630e+01 1.618888e+01 1.564630e+01 1.621520e+01 1.556698e+01 1.597852e+01 1.578382e+01 1.564630e+01 1.556698e+01 1.578382e+01 1.564630e+01 1.564630e+01 1.643357e+01 1.608964e+01 1.564630e+01 
F4: 2.26e-01  (8.62e-02): 3.423808e-01 2.270448e-01 2.687359e-01 1.285925e-01 2.928461e-01 3.570583e-01 3.142845e-01 1.505635e-01 2.964064e-01 1.589310e-01 1.480989e-01 4.421389e-01 3.378166e-01 1.185881e-01 2.468539e-01 1.381364e-01 1.584305e-01 1.578616e-01 2.581072e-01 1.282503e-01 2.171365e-01 3.100992e-01 3.082501e-01 2.269290e-01 2.278500e-01 1.974799e-01 9.878087e-02 1.688870e-01 1.924608e-01 1.490511e-01 
F5: 3.42e+00  (1.77e+00): 3.453230e+00 7.120845e+00 3.453230e+00 9.949783e-01 1.307214e+00 1.463325e+00 3.979848e+00 6.282003e+00 2.146037e+00 1.307213e+00 4.448208e+00 3.141009e+00 3.297114e+00 9.949599e-01 4.292071e+00 5.443162e+00 4.135967e+00 2.302173e+00 6.281984e+00 2.302159e+00 4.683721e-01 2.614407e+00 6.438121e+00 3.297131e+00 4.292091e+00 4.448208e+00 3.140995e+00 5.130911e+00 2.302165e+00 2.458290e+00 
F6: 2.79e+00  (3.09e+00): 8.443368e-01 9.849012e-01 7.557828e+00 7.329926e+00 2.232581e+00 9.104228e-01 9.817923e-01 1.495061e+00 6.411785e-01 1.500475e+00 9.682711e-01 6.779721e-01 7.418534e+00 7.716920e-01 7.562097e-01 1.658424e+00 8.683482e+00 6.254019e-01 6.703754e-01 7.642312e+00 7.194430e-01 7.576546e+00 9.603775e-01 8.926193e-01 7.735554e+00 7.480391e-01 7.798367e-01 8.142594e-01 8.278046e+00 7.221264e-01 
F7: 4.75e-01  (1.35e-01): 5.258862e-01 6.652446e-01 4.916762e-01 6.319788e-01 4.035867e-01 3.846420e-01 4.517180e-01 3.113068e-01 4.481800e-01 8.217794e-01 4.999978e-01 4.958368e-01 4.871506e-01 3.504432e-01 5.291415e-01 3.533369e-01 3.612097e-01 3.958974e-01 4.171669e-01 4.882143e-01 5.394310e-01 5.552465e-01 7.073937e-01 1.011621e-01 5.268304e-01 3.992678e-01 4.058277e-01 4.591339e-01 6.328670e-01 4.149796e-01 
F8: 1.54e+00  (4.90e+00): 0.000000e+00 0.000000e+00 0.000000e+00 0.000000e+00 0.000000e+00 0.000000e+00 0.000000e+00 0.000000e+00 1.235677e+01 0.000000e+00 0.000000e+00 0.000000e+00 0.000000e+00 0.000000e+00 0.000000e+00 2.150024e+01 0.000000e+00 1.235677e+01 0.000000e+00 0.000000e+00 0.000000e+00 0.000000e+00 0.000000e+00 0.000000e+00 0.000000e+00 0.000000e+00 0.000000e+00 0.000000e+00 0.000000e+00 0.000000e+00 
F9: 8.67e+01  (3.46e+01): 1.000000e+02 1.000000e+02 1.000000e+02 1.000000e+02 1.000000e+02 1.000000e+02 1.000000e+02 7.968382e-06 0.000000e+00 1.000000e+02 1.000000e+02 1.000000e+02 1.000000e+02 1.000000e+02 1.000000e+02 1.000000e+02 1.000000e+02 1.000000e+02 1.000000e+02 1.467100e-04 1.000000e+02 1.000000e+02 1.000000e+02 1.000000e+02 1.000000e+02 1.000000e+02 1.000000e+02 1.725381e-04 1.000000e+02 1.000000e+02 
F10: 4.00e+02  (0.00e+00): 4.000000e+02 4.000000e+02 4.000000e+02 4.000000e+02 4.000000e+02 4.000000e+02 4.000000e+02 4.000000e+02 4.000000e+02 4.000000e+02 4.000000e+02 4.000000e+02 4.000000e+02 4.000000e+02 4.000000e+02 4.000000e+02 4.000000e+02 4.000000e+02 4.000000e+02 4.000000e+02 4.000000e+02 4.000000e+02 4.000000e+02 4.000000e+02 4.000000e+02 4.000000e+02 4.000000e+02 4.000000e+02 4.000000e+02 4.000000e+02 

1432

F2: 2.26e+00  (1.52e+00): 2.401613e+00 2.443250e+00 2.359975e+00 2.484888e+00 2.498244e-01 2.081870e-01 2.498244e-01 2.359975e+00 2.443250e+00 2.401613e+00 2.443250e+00 2.443250e+00 2.081870e-01 2.276701e+00 2.526525e+00 2.401613e+00 8.327479e-02 2.484888e+00 2.401613e+00 2.359975e+00 4.595039e+00 2.081870e-01 2.401613e+00 2.081870e-01 2.359975e+00 2.401613e+00 4.553401e+00 2.318338e+00 4.636676e+00 6.788464e+00 
F3: 1.59e+01  (2.14e-01): 1.594213e+01 1.639013e+01 1.556698e+01 1.611451e+01 1.564630e+01 1.597852e+01 1.574085e+01 1.556698e+01 1.615240e+01 1.615673e+01 1.595769e+01 1.582017e+01 1.574085e+01 1.594213e+01 1.578382e+01 1.556698e+01 1.570450e+01 1.601032e+01 1.607965e+01 1.564630e+01 1.574085e+01 1.594213e+01 1.601500e+01 1.564630e+01 1.582017e+01 1.556698e+01 1.556698e+01 1.587837e+01 1.597852e+01 1.595769e+01 
F4: 2.62e-01  (9.41e-02): 2.692455e-01 2.705032e-01 1.488208e-01 1.579250e-01 4.935605e-02 3.501528e-01 2.007889e-01 3.503340e-01 9.880421e-02 2.572935e-01 1.790528e-01 2.303430e-01 3.689031e-01 1.678761e-01 3.471055e-01 2.407087e-01 3.560109e-01 3.470215e-01 2.888922e-01 3.659710e-01 1.683027e-01 3.359683e-01 4.386936e-01 2.895204e-01 3.548506e-01 3.038773e-01 2.096999e-01 1.387766e-01 2.471372e-01 3.238037e-01 
F5: 3.15e+00  (1.73e+00): 2.302172e+00 2.146055e+00 2.146036e+00 1.307194e+00 3.453230e+00 2.302173e+00 4.448189e+00 2.458271e+00 6.282004e+00 2.146036e+00 2.146036e+00 2.302171e+00 2.302172e+00 5.443143e+00 3.453230e+00 2.458275e+00 1.151096e+00 4.135972e+00 1.307211e+00 2.458290e+00 5.969749e+00 2.458290e+00 2.458273e+00 8.271903e+00 2.984897e+00 6.438121e+00 3.141004e+00 1.307214e+00 2.984884e+00 2.458286e+00 
F6: 2.09e+00  (2.44e+00): 1.172864e+00 1.804801e+00 9.828660e-01 7.808119e+00 9.557327e-01 7.976499e-01 4.975840e+00 9.755577e-01 8.219916e-01 1.141024e+00 7.594001e+00 4.414460e+00 7.748565e+00 8.734089e-01 1.054520e+00 7.619482e-01 8.554217e-01 1.345160e-01 7.284677e-01 5.386712e-01 7.436519e+00 5.987040e-01 1.412831e+00 6.575328e-01 7.775689e-01 7.920396e-01 7.699642e-01 1.097085e+00 1.107777e+00 1.957756e+00 
F7: 4.96e-01  (1.34e-01): 4.724843e-01 6.092589e-01 5.062865e-01 7.080394e-01 2.953478e-01 4.848492e-01 4.239365e-01 4.381105e-01 4.933818e-01 6.858923e-01 4.397028e-01 3.318950e-01 7.075587e-01 2.804369e-01 6.843472e-01 4.272829e-01 5.486134e-01 4.211886e-01 4.352566e-01 4.090354e-01 5.359096e-01 6.815203e-01 3.661562e-01 6.999105e-01 4.952476e-01 6.524709e-01 2.679977e-01 4.024571e-01 5.674088e-01 4.078540e-01 
F8: 2.74e+00  (7.36e+00): 1.980324e+01 0.000000e+00 0.000000e+00 0.000000e+00 0.000000e+00 0.000000e+00 0.000000e+00 0.000000e+00 0.000000e+00 0.000000e+00 1.235677e+01 0.000000e+00 0.000000e+00 0.000000e+00 0.000000e+00 0.000000e+00 0.000000e+00 0.000000e+00 0.000000e+00 0.000000e+00 0.000000e+00 0.000000e+00 2.508237e+01 0.000000e+00 0.000000e+00 0.000000e+00 0.000000e+00 0.000000e+00 2.496549e+01 0.000000e+00 
F9: 8.67e+01  (3.46e+01): 8.076293e-05 1.000000e+02 1.000000e+02 1.000000e+02 1.000000e+02 1.000000e+02 1.000000e+02 1.000000e+02 1.000000e+02 1.000000e+02 1.000000e+02 1.000000e+02 1.000000e+02 1.000000e+02 1.693273e-04 1.000000e+02 1.000000e+02 1.000000e+02 1.000000e+02 3.382337e-06 1.000000e+02 1.000000e+02 1.000000e+02 1.000000e+02 1.000000e+02 1.000000e+02 1.000000e+02 5.953336e-06 1.000000e+02 1.000000e+02 
F10: 4.00e+02  (0.00e+00): 4.000000e+02 4.000000e+02 4.000000e+02 4.000000e+02 4.000000e+02 4.000000e+02 4.000000e+02 4.000000e+02 4.000000e+02 4.000000e+02 4.000000e+02 4.000000e+02 4.000000e+02 4.000000e+02 4.000000e+02 4.000000e+02 4.000000e+02 4.000000e+02 4.000000e+02 4.000000e+02 4.000000e+02 4.000000e+02 4.000000e+02 4.000000e+02 4.000000e+02 4.000000e+02 4.000000e+02 4.000000e+02 4.000000e+02 4.000000e+02 

1 3 4 2
F2: 2.73e+00  (2.68e+00): 2.359975e+00 2.401613e+00 2.401613e+00 2.081870e-01 2.081870e-01 1.665496e-01 2.089819e-01 2.443250e+00 2.401613e+00 2.081870e-01 2.318338e+00 2.443250e+00 2.081870e-01 2.401613e+00 9.023528e+00 6.871739e+00 1.016326e+01 1.665496e-01 2.359975e+00 2.359975e+00 4.595039e+00 6.830102e+00 2.914618e-01 2.081870e-01 2.443250e+00 4.511764e+00 2.276701e+00 4.595039e+00 4.636676e+00 2.081870e-01 
F3: 1.60e+01  (3.73e-01): 1.594213e+01 1.570450e+01 1.623172e+01 1.621560e+01 1.578382e+01 1.601500e+01 1.601500e+01 1.564630e+01 1.564630e+01 1.700921e+01 1.662467e+01 1.564630e+01 1.686411e+01 1.587837e+01 1.556698e+01 1.556698e+01 1.595769e+01 1.595769e+01 1.608964e+01 1.578382e+01 1.620152e+01 1.621520e+01 1.564630e+01 1.570450e+01 1.651104e+01 1.615240e+01 1.616024e+01 1.643357e+01 1.619533e+01 1.582017e+01 
F4: 2.55e-01  (1.09e-01): 2.764020e-01 5.929602e-02 2.655561e-01 1.196653e-01 2.675795e-01 3.613629e-01 2.615124e-01 2.368587e-01 2.872703e-01 1.185462e-01 2.991637e-01 2.124091e-01 3.299023e-01 3.680943e-01 3.505631e-01 3.076731e-01 3.907238e-01 4.049718e-01 3.262775e-01 1.282691e-01 3.282658e-01 2.183235e-01 1.091256e-01 6.937480e-02 3.751943e-01 2.693323e-01 2.087868e-01 4.367595e-01 4.954958e-02 2.028621e-01 
F5: 3.68e+00  (2.09e+00): 6.244895e-01 8.271903e+00 1.989937e+00 3.453249e+00 2.458290e+00 2.302173e+00 4.135954e+00 5.130908e+00 1.151077e+00 2.614391e+00 2.458290e+00 2.458289e+00 9.579092e+00 6.125867e+00 2.302171e+00 5.287050e+00 4.604326e+00 1.151096e+00 3.297131e+00 5.287045e+00 1.307212e+00 3.453230e+00 1.307194e+00 4.135964e+00 4.448208e+00 4.448189e+00 5.443144e+00 2.146036e+00 5.599264e+00 3.297123e+00 
F6: 2.65e+00  (2.90e+00): 8.861763e-01 8.220811e+00 1.059915e+00 1.666220e+00 7.633325e+00 2.101691e+00 1.186882e+00 6.943446e-01 7.343213e-01 7.526555e-01 9.048834e-01 7.417710e+00 5.644073e-01 1.243381e+00 9.247044e-01 8.596655e-01 9.742024e-01 1.174187e+00 6.231124e-01 7.884100e-01 6.976045e-01 7.438466e+00 7.306017e+00 5.196422e+00 6.391396e-01 1.243201e+00 7.553963e+00 7.650426e+00 8.905620e-01 5.649601e-01 
F7: 4.25e-01  (1.57e-01): 4.808549e-01 3.348720e-01 4.046176e-01 5.273633e-01 3.457454e-01 3.310259e-01 6.286163e-01 3.436191e-01 5.805712e-01 6.507082e-01 3.899009e-02 4.672868e-01 3.795095e-01 5.633739e-01 6.155596e-01 2.586109e-01 3.408021e-01 4.701121e-01 4.618296e-01 1.878538e-01 3.639179e-01 7.059266e-01 3.489884e-01 3.844650e-01 3.048790e-01 7.688690e-01 3.346249e-01 4.306983e-01 2.729830e-01 4.283093e-01 
F8: 4.26e+00  (9.94e+00): 2.672703e+01 0.000000e+00 0.000000e+00 3.486488e+01 0.000000e+00 0.000000e+00 0.000000e+00 2.150024e+01 0.000000e+00 0.000000e+00 0.000000e+00 1.980324e+01 0.000000e+00 0.000000e+00 0.000000e+00 0.000000e+00 0.000000e+00 0.000000e+00 0.000000e+00 0.000000e+00 2.501174e+01 0.000000e+00 0.000000e+00 0.000000e+00 0.000000e+00 0.000000e+00 0.000000e+00 0.000000e+00 0.000000e+00 0.000000e+00 
F9: 9.67e+01  (1.83e+01): 1.000000e+02 1.000000e+02 1.000000e+02 1.000000e+02 1.000000e+02 1.000000e+02 1.000000e+02 1.000000e+02 1.000000e+02 1.000000e+02 1.000000e+02 1.000000e+02 1.000000e+02 1.000000e+02 1.000000e+02 1.000000e+02 1.000000e+02 1.000000e+02 1.000000e+02 9.263837e-06 1.000000e+02 1.000000e+02 1.000000e+02 1.000000e+02 1.000000e+02 1.000000e+02 1.000000e+02 1.000000e+02 1.000000e+02 1.000000e+02 
F10: 4.00e+02  (0.00e+00): 4.000000e+02 4.000000e+02 4.000000e+02 4.000000e+02 4.000000e+02 4.000000e+02 4.000000e+02 4.000000e+02 4.000000e+02 4.000000e+02 4.000000e+02 4.000000e+02 4.000000e+02 4.000000e+02 4.000000e+02 4.000000e+02 4.000000e+02 4.000000e+02 4.000000e+02 4.000000e+02 4.000000e+02 4.000000e+02 4.000000e+02 4.000000e+02 4.000000e+02 4.000000e+02 4.000000e+02 4.000000e+02 4.000000e+02 4.000000e+02 

1 4 2 3
F2: 2.78e+00  (2.54e+00): 2.318338e+00 1.665496e-01 4.719951e+00 4.678313e+00 2.318338e+00 1.249122e-01 4.761588e+00 9.065165e+00 1.665496e-01 4.636676e+00 2.401613e+00 6.746827e+00 6.788464e+00 2.498244e-01 2.401613e+00 2.443250e+00 1.665496e-01 2.443250e+00 6.830102e+00 2.359975e+00 1.665496e-01 1.665496e-01 2.484888e+00 1.665496e-01 2.914618e-01 2.498244e-01 2.359975e+00 2.338328e+00 2.443250e+00 6.830102e+00 
F3: 1.59e+01  (2.62e-01): 1.607741e+01 1.610697e+01 1.574085e+01 1.582017e+01 1.556698e+01 1.582017e+01 1.597852e+01 1.570450e+01 1.595769e+01 1.574085e+01 1.556698e+01 1.629776e+01 1.621466e+01 1.564630e+01 1.603519e+01 1.556698e+01 1.640280e+01 1.556698e+01 1.564630e+01 1.601500e+01 1.556698e+01 1.643062e+01 1.595769e+01 1.556698e+01 1.602145e+01 1.594213e+01 1.556698e+01 1.611451e+01 1.601500e+01 1.582017e+01 
F4: 2.30e-01  (9.51e-02): 1.085705e-01 1.910612e-01 2.281700e-01 1.677384e-01 2.223924e-01 2.956321e-01 3.533357e-01 2.717309e-01 2.623869e-01 1.886482e-01 1.382627e-01 2.666567e-01 2.238647e-01 3.519136e-01 3.946767e-01 2.096776e-01 2.271215e-01 2.397563e-01 5.921188e-02 4.759342e-01 5.929702e-02 2.521117e-01 2.293069e-01 3.075487e-01 1.188678e-01 2.189075e-01 2.378808e-01 3.354107e-01 1.381935e-01 1.383002e-01 
F5: 3.27e+00  (1.74e+00): 2.302173e+00 2.146043e+00 3.297112e+00 1.307214e+00 5.287045e+00 3.979847e+00 3.609367e+00 3.297132e+00 2.302156e+00 3.297125e+00 1.989919e+00 3.140995e+00 4.448190e+00 1.561175e-01 3.297112e+00 4.135949e+00 1.307214e+00 4.292088e+00 4.292086e+00 7.120826e+00 1.151077e+00 3.453248e+00 1.307194e+00 4.135972e+00 7.276963e+00 1.561334e-01 3.297132e+00 5.599280e+00 2.302153e+00 4.292071e+00 
F6: 2.00e+00  (2.42e+00): 1.139773e+00 8.027979e-01 7.642941e+00 7.246998e+00 1.923982e+00 4.482382e-01 1.236760e+00 4.684637e-01 5.135169e+00 7.659483e-01 6.788225e-01 1.209593e+00 7.692266e+00 6.383193e-01 1.209080e+00 8.138778e-01 1.195645e+00 8.781691e-01 1.063662e+00 6.656481e-01 1.216003e+00 8.969901e-01 7.715008e-01 9.443469e-01 1.136955e+00 1.173360e+00 6.505003e-01 1.231203e+00 8.240999e+00 9.362000e-01 
F7: 4.53e-01  (1.25e-01): 7.709993e-01 3.543657e-01 4.999212e-01 5.114729e-01 3.634219e-01 5.120483e-01 4.986401e-01 4.130039e-01 4.482616e-01 4.922519e-01 2.267448e-01 6.801419e-01 4.797735e-01 3.276669e-01 4.998993e-01 3.914303e-01 4.207091e-01 3.308633e-01 3.808738e-01 7.067331e-01 2.995099e-01 5.454875e-01 3.374134e-01 4.394486e-01 6.084962e-01 4.600131e-01 3.468818e-01 4.513120e-01 4.910531e-01 2.936703e-01 
F8: 4.91e+00  (9.51e+00): 2.672703e+01 0.000000e+00 0.000000e+00 0.000000e+00 0.000000e+00 0.000000e+00 2.672703e+01 1.235677e+01 2.150024e+01 2.672703e+01 0.000000e+00 2.090357e+01 0.000000e+00 0.000000e+00 0.000000e+00 0.000000e+00 0.000000e+00 0.000000e+00 0.000000e+00 0.000000e+00 0.000000e+00 0.000000e+00 0.000000e+00 0.000000e+00 0.000000e+00 0.000000e+00 0.000000e+00 1.235677e+01 0.000000e+00 0.000000e+00 
F9: 9.40e+01  (2.29e+01): 1.000000e+02 1.000000e+02 1.000000e+02 1.000000e+02 1.000000e+02 1.000000e+02 1.000000e+02 1.000000e+02 2.069537e+01 1.000000e+02 1.000000e+02 1.000000e+02 1.000000e+02 1.000000e+02 1.000000e+02 1.000000e+02 1.000000e+02 1.000000e+02 1.000000e+02 3.407645e-04 1.000000e+02 1.000000e+02 1.000000e+02 1.000000e+02 1.000000e+02 1.000000e+02 1.000000e+02 1.000000e+02 1.000000e+02 1.000000e+02 
F10: 4.00e+02  (0.00e+00): 4.000000e+02 4.000000e+02 4.000000e+02 4.000000e+02 4.000000e+02 4.000000e+02 4.000000e+02 4.000000e+02 4.000000e+02 4.000000e+02 4.000000e+02 4.000000e+02 4.000000e+02 4.000000e+02 4.000000e+02 4.000000e+02 4.000000e+02 4.000000e+02 4.000000e+02 4.000000e+02 4.000000e+02 4.000000e+02 4.000000e+02 4.000000e+02 4.000000e+02 4.000000e+02 4.000000e+02 4.000000e+02 4.000000e+02 4.000000e+02 

1 2 4 3
F2: 1.98e+00  (2.06e+00): 2.914618e-01 2.498244e-01 2.498244e-01 2.484888e+00 1.249122e-01 2.401613e+00 2.914618e-01 4.636676e+00 2.401613e+00 1.665496e-01 8.327479e-02 2.443250e+00 1.249122e-01 4.595039e+00 2.081870e-01 2.914618e-01 2.443250e+00 2.318338e+00 6.871739e+00 4.678313e+00 2.081870e-01 2.498244e-01 4.678313e+00 1.665496e-01 4.678313e+00 4.553401e+00 1.665496e-01 8.327479e-02 2.443250e+00 4.678313e+00 
F3: 1.59e+01  (3.14e-01): 1.629425e+01 1.594213e+01 1.587837e+01 1.587837e+01 1.564630e+01 1.582017e+01 1.594213e+01 1.570450e+01 1.605415e+01 1.556698e+01 1.556698e+01 1.556698e+01 1.620152e+01 1.605784e+01 1.556698e+01 1.564630e+01 1.633776e+01 1.564630e+01 1.564630e+01 1.556698e+01 1.564630e+01 1.597852e+01 1.570450e+01 1.648895e+01 1.643231e+01 1.574085e+01 1.671546e+01 1.610697e+01 1.601500e+01 1.609433e+01 
F4: 2.41e-01  (9.39e-02): 2.896059e-01 3.895689e-01 3.743485e-01 1.480289e-01 1.776391e-01 2.874609e-01 1.889371e-01 1.798304e-01 3.579589e-01 3.453727e-01 1.781109e-01 2.411756e-01 3.854760e-01 1.286617e-01 3.306438e-01 1.402532e-01 1.885240e-01 1.994863e-01 3.291436e-01 1.590020e-01 2.699828e-01 1.289511e-01 2.578558e-01 1.096209e-01 1.480628e-01 9.910493e-02 3.631686e-01 2.480001e-01 2.214400e-01 3.754778e-01 
F5: 3.47e+00  (2.02e+00): 5.287025e+00 5.287025e+00 6.438102e+00 1.307211e+00 2.458271e+00 2.458284e+00 2.458271e+00 7.589181e+00 3.141014e+00 2.146053e+00 5.969765e+00 3.141013e+00 9.949591e-01 2.302169e+00 2.146044e+00 2.146055e+00 8.271897e+00 3.453249e+00 2.458271e+00 6.244896e-01 3.297112e+00 4.604326e+00 5.287044e+00 1.151085e+00 2.458288e+00 1.151094e+00 1.619447e+00 5.287045e+00 4.135955e+00 5.130908e+00 
F6: 3.11e+00  (3.55e+00): 7.724407e-01 5.027935e+00 6.501390e-01 1.396200e+01 4.763303e+00 1.238224e+00 3.932246e-01 4.778006e+00 9.228806e-01 5.956721e-01 7.348037e+00 9.282837e-01 1.161539e+01 1.888447e+00 7.373715e+00 7.626210e+00 1.973128e+00 9.697187e-01 7.466755e+00 9.399753e-01 8.788650e-01 7.937699e-01 9.321440e-01 8.630813e-01 7.880288e-01 3.010061e+00 1.411273e+00 1.567397e+00 7.940536e-01 8.999627e-01 
F7: 4.85e-01  (1.53e-01): 4.484037e-01 7.686043e-01 2.927361e-03 5.766456e-01 4.660048e-01 4.365041e-01 7.295558e-01 3.950743e-01 4.371487e-01 3.626632e-01 5.195938e-01 4.971242e-01 4.811778e-01 3.668292e-01 5.553285e-01 5.527823e-01 4.392760e-01 6.772760e-01 4.980215e-01 4.872979e-01 4.170532e-01 4.456700e-01 4.716110e-01 3.840615e-01 5.148920e-01 8.799588e-01 3.746958e-01 4.965685e-01 3.610686e-01 4.996002e-01 
F8: 2.90e+00  (7.81e+00): 0.000000e+00 0.000000e+00 0.000000e+00 0.000000e+00 0.000000e+00 0.000000e+00 0.000000e+00 0.000000e+00 0.000000e+00 0.000000e+00 0.000000e+00 2.662930e+01 0.000000e+00 1.235677e+01 0.000000e+00 0.000000e+00 0.000000e+00 0.000000e+00 2.643501e+01 0.000000e+00 0.000000e+00 0.000000e+00 0.000000e+00 0.000000e+00 0.000000e+00 0.000000e+00 0.000000e+00 2.150024e+01 0.000000e+00 0.000000e+00 
F9: 9.33e+01  (2.54e+01): 1.000000e+02 1.000000e+02 1.000000e+02 1.000000e+02 1.000000e+02 1.000000e+02 1.000000e+02 1.000000e+02 1.000000e+02 1.000000e+02 1.000000e+02 1.000000e+02 1.000000e+02 1.000000e+02 1.000000e+02 1.000000e+02 1.000000e+02 5.606731e-05 1.000000e+02 2.629590e-04 1.000000e+02 1.000000e+02 1.000000e+02 1.000000e+02 1.000000e+02 1.000000e+02 1.000000e+02 1.000000e+02 1.000000e+02 1.000000e+02 
F10: 4.00e+02  (0.00e+00): 4.000000e+02 4.000000e+02 4.000000e+02 4.000000e+02 4.000000e+02 4.000000e+02 4.000000e+02 4.000000e+02 4.000000e+02 4.000000e+02 4.000000e+02 4.000000e+02 4.000000e+02 4.000000e+02 4.000000e+02 4.000000e+02 4.000000e+02 4.000000e+02 4.000000e+02 4.000000e+02 4.000000e+02 4.000000e+02 4.000000e+02 4.000000e+02 4.000000e+02 4.000000e+02 4.000000e+02 4.000000e+02 4.000000e+02 4.000000e+02 

F1: 0.00e+00  (0.00e+00): 0.000000e+00 0.000000e+00 0.000000e+00 0.000000e+00 0.000000e+00 0.000000e+00 0.000000e+00 0.000000e+00 0.000000e+00 0.000000e+00 0.000000e+00 0.000000e+00 0.000000e+00 0.000000e+00 0.000000e+00 0.000000e+00 0.000000e+00 0.000000e+00 0.000000e+00 0.000000e+00 0.000000e+00 0.000000e+00 0.000000e+00 0.000000e+00 0.000000e+00 0.000000e+00 0.000000e+00 0.000000e+00 0.000000e+00 0.000000e+00 
F2: 4.13e+00  (3.12e+00): 1.020490e+01 4.553401e+00 2.359975e+00 4.636676e+00 1.007998e+01 2.436711e-01 2.081870e-01 2.443250e+00 4.595039e+00 7.886558e+00 2.401613e+00 2.401613e+00 7.886558e+00 4.636676e+00 4.636676e+00 4.553401e+00 4.636676e+00 4.511764e+00 2.359975e+00 4.636676e+00 1.249122e-01 2.443250e+00 2.081870e-01 1.235668e+01 2.401613e+00 2.526525e+00 4.595039e+00 1.665496e-01 2.359975e+00 6.871739e+00 
F3: 1.61e+01  (3.53e-01): 1.601032e+01 1.574085e+01 1.680747e+01 1.629776e+01 1.574085e+01 1.623172e+01 1.620906e+01 1.605784e+01 1.621493e+01 1.671962e+01 1.605784e+01 1.564630e+01 1.611601e+01 1.578382e+01 1.658982e+01 1.594213e+01 1.659061e+01 1.694316e+01 1.574085e+01 1.602145e+01 1.582017e+01 1.570450e+01 1.597852e+01 1.595769e+01 1.594213e+01 1.601032e+01 1.574085e+01 1.608964e+01 1.564630e+01 1.637733e+01 
F4: 3.72e-01  (9.17e-02): 4.200370e-01 3.325673e-01 3.833140e-01 3.880034e-01 3.853614e-01 5.861037e-01 3.674689e-01 2.180887e-01 3.758353e-01 4.372968e-01 4.018033e-01 3.076454e-01 5.288430e-01 3.556398e-01 3.268983e-01 3.052400e-01 4.448435e-01 2.269141e-01 5.121115e-01 3.554123e-01 3.516697e-01 1.578561e-01 4.340459e-01 2.776100e-01 3.798500e-01 4.631392e-01 3.181680e-01 2.780338e-01 4.249048e-01 4.025405e-01 
F5: 8.11e+00  (3.66e+00): 9.422993e+00 2.458290e+00 7.276963e+00 1.026181e+01 8.271922e+00 6.282004e+00 7.276963e+00 1.110066e+01 2.458290e+00 4.448207e+00 5.969760e+00 3.141014e+00 1.439776e+01 7.120845e+00 7.433080e+00 7.120845e+00 1.110068e+01 1.581335e+01 6.125886e+00 1.125677e+01 5.599280e+00 8.115804e+00 1.408555e+01 1.026183e+01 1.094454e+01 1.324671e+01 4.292091e+00 1.041795e+01 4.292091e+00 3.453249e+00 
F6: 5.79e+00  (3.18e+00): 1.795630e+00 7.427555e+00 4.737229e+00 7.464690e+00 7.799746e+00 1.498329e+00 1.898920e+00 7.845317e+00 7.306070e+00 7.525540e+00 7.365815e+00 8.057390e+00 1.579287e+00 8.207099e-01 7.629878e+00 1.217183e+01 8.598301e-01 4.837097e+00 7.608789e+00 7.658833e+00 5.217553e+00 2.869589e+00 8.877514e+00 2.332956e+00 1.104280e+00 4.740458e+00 1.154280e+01 7.977627e+00 7.435552e+00 7.724159e+00 
F7: 6.30e-01  (2.24e-01): 6.948899e-01 1.210478e+00 6.559836e-01 2.262401e-01 1.009732e+00 6.762159e-01 5.019701e-01 8.327513e-01 5.500684e-01 6.768475e-01 4.964029e-01 4.994304e-01 3.499790e-01 5.176432e-01 5.371787e-01 7.787597e-01 4.647862e-01 8.607201e-01 7.655802e-01 4.988149e-01 4.216137e-01 3.332961e-01 7.968374e-01 9.103433e-01 4.186408e-01 4.811992e-01 6.435590e-01 9.106306e-01 3.940167e-01 7.745049e-01 
F8: 7.51e-01  (4.11e+00): 0.000000e+00 0.000000e+00 0.000000e+00 0.000000e+00 0.000000e+00 0.000000e+00 0.000000e+00 0.000000e+00 0.000000e+00 0.000000e+00 0.000000e+00 0.000000e+00 0.000000e+00 0.000000e+00 0.000000e+00 0.000000e+00 0.000000e+00 0.000000e+00 0.000000e+00 0.000000e+00 0.000000e+00 0.000000e+00 0.000000e+00 0.000000e+00 0.000000e+00 2.252101e+01 0.000000e+00 0.000000e+00 0.000000e+00 0.000000e+00 
F9: 9.67e+01  (1.83e+01): 1.000000e+02 1.000000e+02 1.000000e+02 1.000000e+02 1.000000e+02 1.000000e+02 1.000000e+02 1.000000e+02 1.000000e+02 1.000000e+02 1.000000e+02 1.000000e+02 1.000000e+02 1.000000e+02 1.000000e+02 1.000000e+02 1.000000e+02 1.000000e+02 1.000000e+02 3.102659e-04 1.000000e+02 1.000000e+02 1.000000e+02 1.000000e+02 1.000000e+02 1.000000e+02 1.000000e+02 1.000000e+02 1.000000e+02 1.000000e+02 
F10: 4.00e+02  (0.00e+00): 4.000000e+02 4.000000e+02 4.000000e+02 4.000000e+02 4.000000e+02 4.000000e+02 4.000000e+02 4.000000e+02 4.000000e+02 4.000000e+02 4.000000e+02 4.000000e+02 4.000000e+02 4.000000e+02 4.000000e+02 4.000000e+02 4.000000e+02 4.000000e+02 4.000000e+02 4.000000e+02 4.000000e+02 4.000000e+02 4.000000e+02 4.000000e+02 4.000000e+02 4.000000e+02 4.000000e+02 4.000000e+02 4.000000e+02 4.000000e+02 

F1: 0.00e+00  (0.00e+00): 0.000000e+00 0.000000e+00 0.000000e+00 0.000000e+00 0.000000e+00 0.000000e+00 0.000000e+00 0.000000e+00 0.000000e+00 0.000000e+00 0.000000e+00 0.000000e+00 0.000000e+00 0.000000e+00 0.000000e+00 0.000000e+00 0.000000e+00 0.000000e+00 0.000000e+00 0.000000e+00 0.000000e+00 0.000000e+00 0.000000e+00 0.000000e+00 0.000000e+00 0.000000e+00 0.000000e+00 0.000000e+00 0.000000e+00 0.000000e+00 
F2: 2.10e+00  (2.94e+00): 2.401613e+00 2.318338e+00 2.401613e+00 2.081870e-01 2.359975e+00 1.564820e+01 2.401613e+00 2.498244e-01 1.665496e-01 6.788464e+00 2.359975e+00 2.359975e+00 2.081870e-01 4.163739e-02 2.498244e-01 2.359975e+00 1.665496e-01 2.484888e+00 1.665496e-01 2.443250e+00 8.327479e-02 2.443250e+00 2.401613e+00 2.401613e+00 2.359975e+00 2.081870e-01 2.914618e-01 2.401613e+00 2.401613e+00 2.081870e-01 
F3: 1.59e+01  (3.28e-01): 1.578382e+01 1.556698e+01 1.643300e+01 1.582017e+01 1.613347e+01 1.564630e+01 1.556698e+01 1.633411e+01 1.556698e+01 1.582017e+01 1.608964e+01 1.611451e+01 1.625844e+01 1.667040e+01 1.638880e+01 1.564630e+01 1.618888e+01 1.564630e+01 1.621520e+01 1.556698e+01 1.597852e+01 1.578382e+01 1.564630e+01 1.556698e+01 1.578382e+01 1.564630e+01 1.564630e+01 1.643357e+01 1.608964e+01 1.564630e+01 
F4: 2.26e-01  (8.62e-02): 3.423808e-01 2.270448e-01 2.687359e-01 1.285925e-01 2.928461e-01 3.570583e-01 3.142845e-01 1.505635e-01 2.964064e-01 1.589310e-01 1.480989e-01 4.421389e-01 3.378166e-01 1.185881e-01 2.468539e-01 1.381364e-01 1.584305e-01 1.578616e-01 2.581072e-01 1.282503e-01 2.171365e-01 3.100992e-01 3.082501e-01 2.269290e-01 2.278500e-01 1.974799e-01 9.878087e-02 1.688870e-01 1.924608e-01 1.490511e-01 
F5: 3.42e+00  (1.77e+00): 3.453230e+00 7.120845e+00 3.453230e+00 9.949783e-01 1.307214e+00 1.463325e+00 3.979848e+00 6.282003e+00 2.146037e+00 1.307213e+00 4.448208e+00 3.141009e+00 3.297114e+00 9.949599e-01 4.292071e+00 5.443162e+00 4.135967e+00 2.302173e+00 6.281984e+00 2.302159e+00 4.683721e-01 2.614407e+00 6.438121e+00 3.297131e+00 4.292091e+00 4.448208e+00 3.140995e+00 5.130911e+00 2.302165e+00 2.458290e+00 
F6: 2.79e+00  (3.09e+00): 8.443368e-01 9.849012e-01 7.557828e+00 7.329926e+00 2.232581e+00 9.104228e-01 9.817923e-01 1.495061e+00 6.411785e-01 1.500475e+00 9.682711e-01 6.779721e-01 7.418534e+00 7.716920e-01 7.562097e-01 1.658424e+00 8.683482e+00 6.254019e-01 6.703754e-01 7.642312e+00 7.194430e-01 7.576546e+00 9.603775e-01 8.926193e-01 7.735554e+00 7.480391e-01 7.798367e-01 8.142594e-01 8.278046e+00 7.221264e-01 
F7: 4.75e-01  (1.35e-01): 5.258862e-01 6.652446e-01 4.916762e-01 6.319788e-01 4.035867e-01 3.846420e-01 4.517180e-01 3.113068e-01 4.481800e-01 8.217794e-01 4.999978e-01 4.958368e-01 4.871506e-01 3.504432e-01 5.291415e-01 3.533369e-01 3.612097e-01 3.958974e-01 4.171669e-01 4.882143e-01 5.394310e-01 5.552465e-01 7.073937e-01 1.011621e-01 5.268304e-01 3.992678e-01 4.058277e-01 4.591339e-01 6.328670e-01 4.149796e-01 
F8: 1.54e+00  (4.90e+00): 0.000000e+00 0.000000e+00 0.000000e+00 0.000000e+00 0.000000e+00 0.000000e+00 0.000000e+00 0.000000e+00 1.235677e+01 0.000000e+00 0.000000e+00 0.000000e+00 0.000000e+00 0.000000e+00 0.000000e+00 2.150024e+01 0.000000e+00 1.235677e+01 0.000000e+00 0.000000e+00 0.000000e+00 0.000000e+00 0.000000e+00 0.000000e+00 0.000000e+00 0.000000e+00 0.000000e+00 0.000000e+00 0.000000e+00 0.000000e+00 
F9: 8.67e+01  (3.46e+01): 1.000000e+02 1.000000e+02 1.000000e+02 1.000000e+02 1.000000e+02 1.000000e+02 1.000000e+02 7.968382e-06 0.000000e+00 1.000000e+02 1.000000e+02 1.000000e+02 1.000000e+02 1.000000e+02 1.000000e+02 1.000000e+02 1.000000e+02 1.000000e+02 1.000000e+02 1.467100e-04 1.000000e+02 1.000000e+02 1.000000e+02 1.000000e+02 1.000000e+02 1.000000e+02 1.000000e+02 1.725381e-04 1.000000e+02 1.000000e+02 
F10: 4.00e+02  (0.00e+00): 4.000000e+02 4.000000e+02 4.000000e+02 4.000000e+02 4.000000e+02 4.000000e+02 4.000000e+02 4.000000e+02 4.000000e+02 4.000000e+02 4.000000e+02 4.000000e+02 4.000000e+02 4.000000e+02 4.000000e+02 4.000000e+02 4.000000e+02 4.000000e+02 4.000000e+02 4.000000e+02 4.000000e+02 4.000000e+02 4.000000e+02 4.000000e+02 4.000000e+02 4.000000e+02 4.000000e+02 4.000000e+02 4.000000e+02 4.000000e+02 
F1: 0.00e+00  (0.00e+00): 0.000000e+00 0.000000e+00 0.000000e+00 0.000000e+00 0.000000e+00 0.000000e+00 0.000000e+00 0.000000e+00 0.000000e+00 0.000000e+00 0.000000e+00 0.000000e+00 0.000000e+00 0.000000e+00 0.000000e+00 0.000000e+00 0.000000e+00 0.000000e+00 0.000000e+00 0.000000e+00 0.000000e+00 0.000000e+00 0.000000e+00 0.000000e+00 0.000000e+00 0.000000e+00 0.000000e+00 0.000000e+00 0.000000e+00 0.000000e+00 
F2: 9.25e-01  (1.33e+00): 2.081870e-01 1.665496e-01 2.498244e-01 2.498244e-01 2.081870e-01 4.553401e+00 2.081870e-01 2.081870e-01 2.914618e-01 2.498244e-01 2.401613e+00 2.081870e-01 2.081870e-01 1.665496e-01 1.249122e-01 2.081870e-01 2.526525e+00 1.665496e-01 8.327479e-02 1.665496e-01 1.665496e-01 4.595039e+00 2.359975e+00 1.249122e-01 1.249122e-01 2.318338e+00 2.914618e-01 2.359975e+00 2.443250e+00 1.249122e-01 
F3: 1.55e+01  (2.42e+00): 1.556698e+01 1.564630e+01 1.619533e+01 1.621520e+01 2.862942e+00 1.570450e+01 1.611601e+01 1.636301e+01 1.594213e+01 1.601032e+01 1.564630e+01 1.582017e+01 1.556698e+01 1.556698e+01 1.629425e+01 1.564630e+01 1.564630e+01 1.582017e+01 1.609433e+01 1.574085e+01 1.655149e+01 1.564630e+01 1.622802e+01 1.602145e+01 1.669341e+01 1.618888e+01 1.594213e+01 1.641370e+01 1.595769e+01 1.620906e+01 
F4: 2.66e-01  (9.23e-02): 2.473207e-01 2.896172e-01 1.193981e-01 3.354088e-01 7.902713e-02 2.590925e-01 1.578495e-01 3.004569e-01 2.663902e-01 2.189689e-01 1.992808e-01 3.576301e-01 4.015777e-01 1.978434e-01 4.325594e-01 2.496756e-01 3.754970e-01 2.596627e-01 1.580215e-01 1.973646e-01 3.274976e-01 2.174019e-01 4.151663e-01 3.819795e-01 3.466807e-01 2.695826e-01 2.784565e-01 2.477569e-01 2.942506e-01 9.938860e-02 
F5: 4.12e+00  (1.98e+00): 3.453249e+00 4.135967e+00 2.302172e+00 3.141014e+00 7.120844e+00 2.458280e+00 3.979855e+00 4.604325e+00 7.276959e+00 3.609365e+00 2.458278e+00 8.954624e+00 2.302171e+00 2.458290e+00 3.141013e+00 8.428039e+00 2.302172e+00 2.146055e+00 3.141009e+00 5.443162e+00 2.302172e+00 2.146036e+00 3.297124e+00 3.141010e+00 5.287037e+00 6.282001e+00 4.292086e+00 5.130928e+00 2.302154e+00 6.438112e+00 
F6: 2.45e+00  (2.68e+00): 1.380105e+00 8.618514e-01 7.395557e+00 2.245158e+00 8.096629e-01 4.196028e-01 8.758703e-01 7.565540e+00 7.593008e+00 9.894379e-01 5.038608e-01 9.175038e-01 6.072049e-01 9.562398e-01 2.204637e+00 7.768124e-01 9.394767e-01 7.323701e+00 5.059405e+00 7.442674e+00 8.739896e-01 8.823225e-01 9.315498e-01 9.555545e-01 1.050313e+00 9.118425e-01 1.017367e+00 1.943295e+00 7.371411e-01 7.392656e+00 
F7: 2.17e-01  (1.16e-01): 6.934081e-02 2.087262e-01 1.233360e-01 2.873530e-01 4.390412e-02 2.106199e-01 1.651224e-01 1.153376e-01 2.301948e-01 2.017872e-01 2.425198e-01 3.046715e-01 3.731646e-01 1.799754e-01 2.905918e-01 3.626905e-01 1.164579e-01 4.729804e-01 3.094739e-02 1.129869e-01 3.240171e-01 2.356558e-01 6.317445e-02 2.514015e-01 4.345733e-01 1.130364e-01 2.329478e-01 8.236103e-02 3.386370e-01 2.813173e-01 
F8: 3.66e+00  (7.27e+00): 1.235677e+01 1.235677e+01 0.000000e+00 0.000000e+00 1.235677e+01 0.000000e+00 0.000000e+00 0.000000e+00 0.000000e+00 0.000000e+00 0.000000e+00 2.150024e+01 0.000000e+00 0.000000e+00 0.000000e+00 1.235677e+01 0.000000e+00 0.000000e+00 0.000000e+00 1.235677e+01 0.000000e+00 0.000000e+00 0.000000e+00 0.000000e+00 2.662930e+01 0.000000e+00 0.000000e+00 0.000000e+00 0.000000e+00 0.000000e+00 
F9: 9.67e+01  (1.83e+01): 1.000000e+02 1.000000e+02 1.000000e+02 1.000000e+02 1.000000e+02 1.000000e+02 1.000000e+02 3.063685e-05 1.000000e+02 1.000000e+02 1.000000e+02 1.000000e+02 1.000000e+02 1.000000e+02 1.000000e+02 1.000000e+02 1.000000e+02 1.000000e+02 1.000000e+02 1.000000e+02 1.000000e+02 1.000000e+02 1.000000e+02 1.000000e+02 1.000000e+02 1.000000e+02 1.000000e+02 1.000000e+02 1.000000e+02 1.000000e+02 
F10: 2.40e+02  (1.28e+02): 3.000000e+02 1.000002e+02 1.000001e+02 4.000000e+02 2.000000e+02 3.000000e+02 3.000000e+02 3.000000e+02 1.000002e+02 4.000000e+02 1.000002e+02 1.000002e+02 1.000001e+02 1.000002e+02 1.000001e+02 1.000001e+02 4.000000e+02 4.000000e+02 4.000000e+02 4.000000e+02 1.000002e+02 3.000000e+02 4.000000e+02 3.000000e+02 1.000002e+02 1.000001e+02 4.000000e+02 3.000000e+02 2.000000e+02 3.000000e+02 
