F1: 0.00e+00  (0.00e+00): 0.000000e+00 0.000000e+00 0.000000e+00 0.000000e+00 0.000000e+00 0.000000e+00 0.000000e+00 0.000000e+00 0.000000e+00 0.000000e+00 0.000000e+00 0.000000e+00 0.000000e+00 0.000000e+00 0.000000e+00 0.000000e+00 0.000000e+00 0.000000e+00 0.000000e+00 0.000000e+00 0.000000e+00 0.000000e+00 0.000000e+00 0.000000e+00 0.000000e+00 0.000000e+00 0.000000e+00 0.000000e+00 0.000000e+00 0.000000e+00 
F2: 0.00e+00  (0.00e+00): 0.000000e+00 0.000000e+00 0.000000e+00 0.000000e+00 0.000000e+00 0.000000e+00 0.000000e+00 0.000000e+00 0.000000e+00 0.000000e+00 0.000000e+00 0.000000e+00 0.000000e+00 0.000000e+00 0.000000e+00 0.000000e+00 0.000000e+00 0.000000e+00 0.000000e+00 0.000000e+00 0.000000e+00 0.000000e+00 0.000000e+00 0.000000e+00 0.000000e+00 0.000000e+00 0.000000e+00 0.000000e+00 0.000000e+00 0.000000e+00 
F3: 0.00e+00  (0.00e+00): 0.000000e+00 0.000000e+00 0.000000e+00 0.000000e+00 0.000000e+00 0.000000e+00 0.000000e+00 0.000000e+00 0.000000e+00 0.000000e+00 0.000000e+00 0.000000e+00 0.000000e+00 0.000000e+00 0.000000e+00 0.000000e+00 0.000000e+00 0.000000e+00 0.000000e+00 0.000000e+00 0.000000e+00 0.000000e+00 0.000000e+00 0.000000e+00 0.000000e+00 0.000000e+00 0.000000e+00 0.000000e+00 0.000000e+00 0.000000e+00 
F4: 6.67e+00  (1.98e+00): 4.974795e+00 4.974795e+00 1.094454e+01 5.969754e+00 7.959672e+00 8.954626e+00 4.974795e+00 6.964713e+00 7.959672e+00 5.969754e+00 4.974795e+00 7.959667e+00 7.959667e+00 4.974795e+00 4.974795e+00 4.974795e+00 7.959672e+00 4.974795e+00 5.969754e+00 4.974795e+00 9.949580e+00 3.979836e+00 4.974795e+00 8.954626e+00 7.959667e+00 7.959667e+00 9.949586e+00 6.964713e+00 6.964708e+00 2.984877e+00 
F5: 0.00e+00  (0.00e+00): 0.000000e+00 0.000000e+00 0.000000e+00 0.000000e+00 0.000000e+00 0.000000e+00 0.000000e+00 0.000000e+00 0.000000e+00 0.000000e+00 0.000000e+00 0.000000e+00 0.000000e+00 0.000000e+00 0.000000e+00 0.000000e+00 0.000000e+00 0.000000e+00 0.000000e+00 0.000000e+00 0.000000e+00 0.000000e+00 0.000000e+00 0.000000e+00 0.000000e+00 0.000000e+00 0.000000e+00 0.000000e+00 0.000000e+00 0.000000e+00 
F6: 9.24e-02  (9.28e-02): 6.982638e-02 3.037108e-03 1.479354e-02 1.420771e-01 3.428281e-02 1.396610e-02 2.083649e-01 5.463168e-02 7.297799e-03 3.329760e-02 1.384322e-02 1.835601e-01 4.737943e-02 2.975011e-01 1.737605e-02 7.992901e-02 2.445029e-01 2.765792e-02 9.077933e-04 3.335299e-01 2.512090e-01 5.229476e-02 4.877322e-02 6.511690e-02 4.494809e-02 5.069519e-02 1.327590e-01 1.294719e-01 4.788513e-02 1.211493e-01 
F7: 0.00e+00  (0.00e+00): 0.000000e+00 0.000000e+00 0.000000e+00 0.000000e+00 0.000000e+00 0.000000e+00 0.000000e+00 0.000000e+00 0.000000e+00 0.000000e+00 0.000000e+00 0.000000e+00 0.000000e+00 0.000000e+00 0.000000e+00 0.000000e+00 0.000000e+00 0.000000e+00 0.000000e+00 0.000000e+00 0.000000e+00 0.000000e+00 0.000000e+00 0.000000e+00 0.000000e+00 0.000000e+00 0.000000e+00 0.000000e+00 0.000000e+00 0.000000e+00 
F8: 3.08e-02  (1.13e-01): 1.637450e-03 4.131948e-03 8.552349e-03 1.469566e-03 4.833373e-03 2.266011e-02 6.286336e-01 1.002213e-02 2.521168e-03 1.465446e-02 6.334669e-03 4.772632e-03 3.151046e-03 6.382999e-03 2.719099e-03 1.942789e-02 2.594492e-03 3.096553e-03 4.665533e-03 9.638351e-03 3.855274e-03 4.702012e-03 1.855923e-02 1.752041e-02 2.930887e-02 1.979896e-02 9.196953e-03 1.445200e-02 3.115387e-03 4.256276e-02 
F9: 2.29e+02  (0.00e+00): 2.292844e+02 2.292844e+02 2.292844e+02 2.292844e+02 2.292844e+02 2.292844e+02 2.292844e+02 2.292844e+02 2.292844e+02 2.292844e+02 2.292844e+02 2.292844e+02 2.292844e+02 2.292844e+02 2.292844e+02 2.292844e+02 2.292844e+02 2.292844e+02 2.292844e+02 2.292844e+02 2.292844e+02 2.292844e+02 2.292844e+02 2.292844e+02 2.292844e+02 2.292844e+02 2.292844e+02 2.292844e+02 2.292844e+02 2.292844e+02 
F10: 1.09e+01  (3.03e+01): 0.000000e+00 0.000000e+00 0.000000e+00 0.000000e+00 0.000000e+00 0.000000e+00 0.000000e+00 0.000000e+00 3.352731e+00 0.000000e+00 3.352731e+00 0.000000e+00 3.352731e+00 0.000000e+00 0.000000e+00 1.001551e+02 3.352731e+00 0.000000e+00 3.352731e+00 3.352731e+00 1.001324e+02 0.000000e+00 0.000000e+00 0.000000e+00 3.352731e+00 1.001377e+02 0.000000e+00 0.000000e+00 3.352731e+00 0.000000e+00 
F11: 0.00e+00  (0.00e+00): 0.000000e+00 0.000000e+00 0.000000e+00 0.000000e+00 0.000000e+00 0.000000e+00 0.000000e+00 0.000000e+00 0.000000e+00 0.000000e+00 0.000000e+00 0.000000e+00 0.000000e+00 0.000000e+00 0.000000e+00 0.000000e+00 0.000000e+00 0.000000e+00 0.000000e+00 0.000000e+00 0.000000e+00 0.000000e+00 0.000000e+00 0.000000e+00 0.000000e+00 0.000000e+00 0.000000e+00 0.000000e+00 0.000000e+00 0.000000e+00 
F12: 1.59e+02  (1.05e+00): 1.586184e+02 1.614049e+02 1.593687e+02 1.614049e+02 1.614049e+02 1.586184e+02 1.593687e+02 1.586184e+02 1.593687e+02 1.586184e+02 1.593687e+02 1.586184e+02 1.593687e+02 1.593687e+02 1.593687e+02 1.586184e+02 1.614049e+02 1.593687e+02 1.586184e+02 1.593687e+02 1.586184e+02 1.614049e+02 1.593687e+02 1.593687e+02 1.586184e+02 1.586184e+02 1.586184e+02 1.586184e+02 1.586184e+02 1.614049e+02 
F1: 0.00e+00  (0.00e+00): 0.000000e+00 0.000000e+00 0.000000e+00 0.000000e+00 0.000000e+00 0.000000e+00 0.000000e+00 0.000000e+00 0.000000e+00 0.000000e+00 0.000000e+00 0.000000e+00 0.000000e+00 0.000000e+00 0.000000e+00 0.000000e+00 0.000000e+00 0.000000e+00 0.000000e+00 0.000000e+00 0.000000e+00 0.000000e+00 0.000000e+00 0.000000e+00 0.000000e+00 0.000000e+00 0.000000e+00 0.000000e+00 0.000000e+00 0.000000e+00 
F2: 0.00e+00  (0.00e+00): 0.000000e+00 0.000000e+00 0.000000e+00 0.000000e+00 0.000000e+00 0.000000e+00 0.000000e+00 0.000000e+00 0.000000e+00 0.000000e+00 0.000000e+00 0.000000e+00 0.000000e+00 0.000000e+00 0.000000e+00 0.000000e+00 0.000000e+00 0.000000e+00 0.000000e+00 0.000000e+00 0.000000e+00 0.000000e+00 0.000000e+00 0.000000e+00 0.000000e+00 0.000000e+00 0.000000e+00 0.000000e+00 0.000000e+00 0.000000e+00 
F3: 0.00e+00  (0.00e+00): 0.000000e+00 0.000000e+00 0.000000e+00 0.000000e+00 0.000000e+00 0.000000e+00 0.000000e+00 0.000000e+00 0.000000e+00 0.000000e+00 0.000000e+00 0.000000e+00 0.000000e+00 0.000000e+00 0.000000e+00 0.000000e+00 0.000000e+00 0.000000e+00 0.000000e+00 0.000000e+00 0.000000e+00 0.000000e+00 0.000000e+00 0.000000e+00 0.000000e+00 0.000000e+00 0.000000e+00 0.000000e+00 0.000000e+00 0.000000e+00 
F4: 6.67e+00  (1.98e+00): 4.974795e+00 4.974795e+00 1.094454e+01 5.969754e+00 7.959672e+00 8.954626e+00 4.974795e+00 6.964713e+00 7.959672e+00 5.969754e+00 4.974795e+00 7.959667e+00 7.959667e+00 4.974795e+00 4.974795e+00 4.974795e+00 7.959672e+00 4.974795e+00 5.969754e+00 4.974795e+00 9.949580e+00 3.979836e+00 4.974795e+00 8.954626e+00 7.959667e+00 7.959667e+00 9.949586e+00 6.964713e+00 6.964708e+00 2.984877e+00 
F5: 0.00e+00  (0.00e+00): 0.000000e+00 0.000000e+00 0.000000e+00 0.000000e+00 0.000000e+00 0.000000e+00 0.000000e+00 0.000000e+00 0.000000e+00 0.000000e+00 0.000000e+00 0.000000e+00 0.000000e+00 0.000000e+00 0.000000e+00 0.000000e+00 0.000000e+00 0.000000e+00 0.000000e+00 0.000000e+00 0.000000e+00 0.000000e+00 0.000000e+00 0.000000e+00 0.000000e+00 0.000000e+00 0.000000e+00 0.000000e+00 0.000000e+00 0.000000e+00 
F6: 9.18e-02  (9.31e-02): 6.993599e-02 2.004969e-03 5.142787e-03 1.423291e-01 3.511049e-02 1.397247e-02 2.083593e-01 5.510816e-02 7.297886e-03 3.469598e-02 1.397978e-02 1.832169e-01 4.742544e-02 2.961662e-01 1.766790e-02 7.921262e-02 2.444341e-01 2.771105e-02 1.060903e-03 3.337551e-01 2.515652e-01 5.241659e-02 4.891423e-02 6.621356e-02 4.209999e-02 4.013725e-02 1.327675e-01 1.294934e-01 5.073557e-02 1.209521e-01 
F7: 0.00e+00  (0.00e+00): 0.000000e+00 0.000000e+00 0.000000e+00 0.000000e+00 0.000000e+00 0.000000e+00 0.000000e+00 0.000000e+00 0.000000e+00 0.000000e+00 0.000000e+00 0.000000e+00 0.000000e+00 0.000000e+00 0.000000e+00 0.000000e+00 0.000000e+00 0.000000e+00 0.000000e+00 0.000000e+00 0.000000e+00 0.000000e+00 0.000000e+00 0.000000e+00 0.000000e+00 0.000000e+00 0.000000e+00 0.000000e+00 0.000000e+00 0.000000e+00 
F8: 2.93e-02  (1.16e-01): 6.216188e-04 9.439803e-03 2.202128e-03 1.536975e-02 1.255911e-02 1.534954e-02 6.445094e-01 1.590654e-02 3.031714e-03 2.000968e-02 1.660425e-02 2.743252e-03 1.104287e-02 1.426502e-02 3.622602e-03 9.680847e-03 1.350741e-03 1.431412e-02 3.771351e-03 1.903613e-03 8.658506e-04 2.748591e-03 1.304316e-02 4.588042e-03 1.017865e-02 5.260927e-05 3.753728e-03 5.536076e-03 1.333506e-02 7.165102e-03 
F9: 2.29e+02  (0.00e+00): 2.292844e+02 2.292844e+02 2.292844e+02 2.292844e+02 2.292844e+02 2.292844e+02 2.292844e+02 2.292844e+02 2.292844e+02 2.292844e+02 2.292844e+02 2.292844e+02 2.292844e+02 2.292844e+02 2.292844e+02 2.292844e+02 2.292844e+02 2.292844e+02 2.292844e+02 2.292844e+02 2.292844e+02 2.292844e+02 2.292844e+02 2.292844e+02 2.292844e+02 2.292844e+02 2.292844e+02 2.292844e+02 2.292844e+02 2.292844e+02 
F10: 1.09e+01  (3.03e+01): 0.000000e+00 0.000000e+00 0.000000e+00 0.000000e+00 0.000000e+00 0.000000e+00 0.000000e+00 0.000000e+00 3.352731e+00 0.000000e+00 3.352731e+00 0.000000e+00 3.352731e+00 0.000000e+00 0.000000e+00 1.001549e+02 3.352731e+00 0.000000e+00 3.352731e+00 3.352731e+00 1.001256e+02 0.000000e+00 0.000000e+00 0.000000e+00 3.352731e+00 1.001574e+02 0.000000e+00 0.000000e+00 3.352731e+00 0.000000e+00 
F11: 0.00e+00  (0.00e+00): 0.000000e+00 0.000000e+00 0.000000e+00 0.000000e+00 0.000000e+00 0.000000e+00 0.000000e+00 0.000000e+00 0.000000e+00 0.000000e+00 0.000000e+00 0.000000e+00 0.000000e+00 0.000000e+00 0.000000e+00 0.000000e+00 0.000000e+00 0.000000e+00 0.000000e+00 0.000000e+00 0.000000e+00 0.000000e+00 0.000000e+00 0.000000e+00 0.000000e+00 0.000000e+00 0.000000e+00 0.000000e+00 0.000000e+00 0.000000e+00 
F12: 1.59e+02  (1.05e+00): 1.586184e+02 1.614049e+02 1.593687e+02 1.614049e+02 1.614049e+02 1.586184e+02 1.593687e+02 1.586184e+02 1.593687e+02 1.586184e+02 1.593687e+02 1.586184e+02 1.593687e+02 1.593687e+02 1.593687e+02 1.586184e+02 1.614049e+02 1.593687e+02 1.586184e+02 1.593687e+02 1.586184e+02 1.614049e+02 1.593687e+02 1.593687e+02 1.586184e+02 1.586184e+02 1.586184e+02 1.586184e+02 1.586184e+02 1.614049e+02 

F1: 0.00e+00  (0.00e+00): 0.000000e+00 0.000000e+00 0.000000e+00 0.000000e+00 0.000000e+00 0.000000e+00 0.000000e+00 0.000000e+00 0.000000e+00 0.000000e+00 0.000000e+00 0.000000e+00 0.000000e+00 0.000000e+00 0.000000e+00 0.000000e+00 0.000000e+00 0.000000e+00 0.000000e+00 0.000000e+00 0.000000e+00 0.000000e+00 0.000000e+00 0.000000e+00 0.000000e+00 0.000000e+00 0.000000e+00 0.000000e+00 0.000000e+00 0.000000e+00 
F2: 0.00e+00  (0.00e+00): 0.000000e+00 0.000000e+00 0.000000e+00 0.000000e+00 0.000000e+00 0.000000e+00 0.000000e+00 0.000000e+00 0.000000e+00 0.000000e+00 0.000000e+00 0.000000e+00 0.000000e+00 0.000000e+00 0.000000e+00 0.000000e+00 0.000000e+00 0.000000e+00 0.000000e+00 0.000000e+00 0.000000e+00 0.000000e+00 0.000000e+00 0.000000e+00 0.000000e+00 0.000000e+00 0.000000e+00 0.000000e+00 0.000000e+00 0.000000e+00 
F3: 0.00e+00  (0.00e+00): 0.000000e+00 0.000000e+00 0.000000e+00 0.000000e+00 0.000000e+00 0.000000e+00 0.000000e+00 0.000000e+00 0.000000e+00 0.000000e+00 0.000000e+00 0.000000e+00 0.000000e+00 0.000000e+00 0.000000e+00 0.000000e+00 0.000000e+00 0.000000e+00 0.000000e+00 0.000000e+00 0.000000e+00 0.000000e+00 0.000000e+00 0.000000e+00 0.000000e+00 0.000000e+00 0.000000e+00 0.000000e+00 0.000000e+00 0.000000e+00 
F4: 7.03e+00  (1.86e+00): 9.949586e+00 7.959667e+00 8.954626e+00 4.974795e+00 7.959667e+00 7.959667e+00 1.094454e+01 6.964708e+00 4.974795e+00 6.964708e+00 8.954626e+00 7.959672e+00 7.959667e+00 5.969754e+00 4.974795e+00 5.969754e+00 3.979836e+00 9.949580e+00 7.959672e+00 3.979836e+00 7.959667e+00 4.974795e+00 7.959672e+00 5.969749e+00 5.969754e+00 6.964713e+00 3.979836e+00 6.964708e+00 5.969754e+00 8.954626e+00 
F5: 0.00e+00  (0.00e+00): 0.000000e+00 0.000000e+00 0.000000e+00 0.000000e+00 0.000000e+00 0.000000e+00 0.000000e+00 0.000000e+00 0.000000e+00 0.000000e+00 0.000000e+00 0.000000e+00 0.000000e+00 0.000000e+00 0.000000e+00 0.000000e+00 0.000000e+00 0.000000e+00 0.000000e+00 0.000000e+00 0.000000e+00 0.000000e+00 0.000000e+00 0.000000e+00 0.000000e+00 0.000000e+00 0.000000e+00 0.000000e+00 0.000000e+00 0.000000e+00 
F6: 1.89e-02  (2.23e-02): 3.993449e-02 2.544830e-03 1.752812e-02 6.682554e-03 3.669565e-02 2.081893e-03 7.074674e-03 2.131589e-02 9.039941e-04 1.416823e-03 1.867219e-02 1.449334e-02 7.822513e-03 3.025912e-02 8.340172e-03 3.854985e-02 1.811385e-02 3.438283e-02 5.345056e-03 1.596338e-02 1.616670e-02 1.315968e-02 6.666646e-03 3.409268e-03 5.693052e-03 2.882592e-02 1.175443e-01 3.328038e-02 1.693664e-03 1.346185e-02 
F7: 0.00e+00  (0.00e+00): 0.000000e+00 0.000000e+00 0.000000e+00 0.000000e+00 0.000000e+00 0.000000e+00 0.000000e+00 0.000000e+00 0.000000e+00 0.000000e+00 0.000000e+00 0.000000e+00 0.000000e+00 0.000000e+00 0.000000e+00 0.000000e+00 0.000000e+00 0.000000e+00 0.000000e+00 0.000000e+00 0.000000e+00 0.000000e+00 0.000000e+00 0.000000e+00 0.000000e+00 0.000000e+00 0.000000e+00 0.000000e+00 0.000000e+00 0.000000e+00 
F8: 4.22e-03  (5.10e-03): 1.260226e-05 1.009404e-03 5.648152e-04 3.039123e-03 1.788874e-03 9.212592e-04 6.975447e-03 5.002551e-05 2.152051e-03 1.124233e-02 1.177486e-04 1.518843e-03 3.218129e-03 2.924498e-04 7.577577e-03 3.829600e-03 1.475756e-02 1.727328e-02 1.325912e-03 9.337281e-04 1.704541e-02 5.563740e-03 8.463878e-03 3.926476e-04 1.600635e-03 9.247705e-03 1.226942e-03 1.004934e-03 1.741704e-03 1.708740e-03 
F9: 1.80e+02  (7.44e+01): 2.000000e+02 2.000000e+02 2.292844e+02 0.000000e+00 2.292844e+02 2.000000e+02 1.000000e+02 2.292844e+02 2.292844e+02 2.292844e+02 2.292844e+02 2.292844e+02 2.292844e+02 2.000000e+02 2.292844e+02 0.000000e+00 2.292844e+02 2.000000e+02 2.000000e+02 2.000000e+02 1.000000e+02 2.292844e+02 1.000000e+02 2.000000e+02 1.000000e+02 2.292844e+02 2.000000e+02 2.292844e+02 0.000000e+00 2.292844e+02 
F10: 1.06e+01  (3.04e+01): 0.000000e+00 3.352731e+00 0.000000e+00 0.000000e+00 0.000000e+00 0.000000e+00 3.352731e+00 0.000000e+00 3.352731e+00 0.000000e+00 1.001005e+02 0.000000e+00 0.000000e+00 0.000000e+00 0.000000e+00 0.000000e+00 0.000000e+00 0.000000e+00 1.001438e+02 0.000000e+00 0.000000e+00 0.000000e+00 1.001478e+02 0.000000e+00 3.352731e+00 0.000000e+00 0.000000e+00 3.352731e+00 0.000000e+00 0.000000e+00 
F11: 0.00e+00  (0.00e+00): 0.000000e+00 0.000000e+00 0.000000e+00 0.000000e+00 0.000000e+00 0.000000e+00 0.000000e+00 0.000000e+00 0.000000e+00 0.000000e+00 0.000000e+00 0.000000e+00 0.000000e+00 0.000000e+00 0.000000e+00 0.000000e+00 0.000000e+00 0.000000e+00 0.000000e+00 0.000000e+00 0.000000e+00 0.000000e+00 0.000000e+00 0.000000e+00 0.000000e+00 0.000000e+00 0.000000e+00 0.000000e+00 0.000000e+00 0.000000e+00 
F12: 1.59e+02  (5.84e-01): 1.586184e+02 1.614049e+02 1.586184e+02 1.586184e+02 1.586184e+02 1.586184e+02 1.593687e+02 1.586184e+02 1.586184e+02 1.586184e+02 1.586184e+02 1.586184e+02 1.593687e+02 1.593687e+02 1.593687e+02 1.586184e+02 1.593687e+02 1.593687e+02 1.593687e+02 1.586184e+02 1.593687e+02 1.586184e+02 1.586184e+02 1.593687e+02 1.593687e+02 1.586184e+02 1.586184e+02 1.593687e+02 1.586184e+02 1.586184e+02 


F2: 0.00e+00  (0.00e+00): 0.000000e+00 0.000000e+00 0.000000e+00 0.000000e+00 0.000000e+00 0.000000e+00 0.000000e+00 0.000000e+00 0.000000e+00 0.000000e+00 0.000000e+00 0.000000e+00 0.000000e+00 0.000000e+00 0.000000e+00 0.000000e+00 0.000000e+00 0.000000e+00 0.000000e+00 0.000000e+00 0.000000e+00 0.000000e+00 0.000000e+00 0.000000e+00 0.000000e+00 0.000000e+00 0.000000e+00 0.000000e+00 0.000000e+00 0.000000e+00 
F3: 0.00e+00  (0.00e+00): 0.000000e+00 0.000000e+00 0.000000e+00 0.000000e+00 0.000000e+00 0.000000e+00 0.000000e+00 0.000000e+00 0.000000e+00 0.000000e+00 0.000000e+00 0.000000e+00 0.000000e+00 0.000000e+00 0.000000e+00 0.000000e+00 0.000000e+00 0.000000e+00 0.000000e+00 0.000000e+00 0.000000e+00 0.000000e+00 0.000000e+00 0.000000e+00 0.000000e+00 0.000000e+00 0.000000e+00 0.000000e+00 0.000000e+00 0.000000e+00 
F4: 7.53e+00  (1.69e+00): 7.959672e+00 9.949580e+00 6.964713e+00 6.964713e+00 4.974795e+00 7.959667e+00 8.954626e+00 6.964713e+00 8.954626e+00 3.979836e+00 9.949586e+00 6.964713e+00 6.964708e+00 7.959667e+00 6.964713e+00 5.969754e+00 9.949586e+00 5.969754e+00 7.959667e+00 4.974795e+00 4.974795e+00 8.954626e+00 8.954626e+00 9.949586e+00 6.964708e+00 5.969754e+00 8.954626e+00 6.964713e+00 9.949586e+00 6.964708e+00 
F5: 0.00e+00  (0.00e+00): 0.000000e+00 0.000000e+00 0.000000e+00 0.000000e+00 0.000000e+00 0.000000e+00 0.000000e+00 0.000000e+00 0.000000e+00 0.000000e+00 0.000000e+00 0.000000e+00 0.000000e+00 0.000000e+00 0.000000e+00 0.000000e+00 0.000000e+00 0.000000e+00 0.000000e+00 0.000000e+00 0.000000e+00 0.000000e+00 0.000000e+00 0.000000e+00 0.000000e+00 0.000000e+00 0.000000e+00 0.000000e+00 0.000000e+00 0.000000e+00 
F6: 2.23e-02  (2.04e-02): 1.745204e-02 1.638285e-02 1.026225e-01 2.424045e-02 4.496452e-02 6.252675e-03 9.841631e-03 1.853918e-02 1.200368e-02 9.916692e-03 8.219384e-03 3.637105e-02 3.496669e-02 2.728497e-02 8.049542e-03 1.787091e-02 4.882031e-03 3.927097e-02 2.306416e-02 7.086618e-03 7.457521e-03 1.427702e-02 1.428373e-02 7.919608e-03 4.770596e-02 3.882304e-03 3.034219e-03 2.553646e-02 5.045766e-02 2.650434e-02 
F7: 0.00e+00  (0.00e+00): 0.000000e+00 0.000000e+00 0.000000e+00 0.000000e+00 0.000000e+00 0.000000e+00 0.000000e+00 0.000000e+00 0.000000e+00 0.000000e+00 0.000000e+00 0.000000e+00 0.000000e+00 0.000000e+00 0.000000e+00 0.000000e+00 0.000000e+00 0.000000e+00 0.000000e+00 0.000000e+00 0.000000e+00 0.000000e+00 0.000000e+00 0.000000e+00 0.000000e+00 0.000000e+00 0.000000e+00 0.000000e+00 0.000000e+00 0.000000e+00 
F8: 1.63e-02  (1.31e-02): 1.704049e-02 1.012131e-02 4.463364e-02 1.925142e-02 1.014192e-02 1.495374e-03 1.059003e-02 1.074320e-04 1.248666e-02 6.172994e-03 3.729878e-03 1.610478e-03 8.806345e-03 6.109086e-03 1.389123e-02 2.251522e-02 2.996470e-02 3.887861e-02 1.353894e-02 1.880337e-04 3.977311e-02 1.951992e-02 1.617344e-02 2.008464e-03 2.046814e-02 2.393670e-02 3.337081e-02 3.925343e-04 3.775890e-02 2.329089e-02 
F9: 1.68e+02  (9.14e+01): 0.000000e+00 2.000000e+02 2.000000e+02 0.000000e+00 2.292844e+02 2.000000e+02 2.292844e+02 2.000000e+02 2.292844e+02 0.000000e+00 2.292844e+02 2.292844e+02 0.000000e+00 2.000000e+02 2.292844e+02 2.000000e+02 2.292844e+02 2.292844e+02 1.000000e+02 2.292844e+02 0.000000e+00 2.000000e+02 2.292844e+02 2.292844e+02 1.000000e+02 2.292844e+02 2.292844e+02 2.292844e+02 0.000000e+00 2.292844e+02 
F10: 3.39e-01  (1.02e+00): 0.000000e+00 0.000000e+00 0.000000e+00 0.000000e+00 0.000000e+00 0.000000e+00 0.000000e+00 0.000000e+00 0.000000e+00 0.000000e+00 0.000000e+00 0.000000e+00 0.000000e+00 0.000000e+00 0.000000e+00 0.000000e+00 3.352731e+00 0.000000e+00 0.000000e+00 0.000000e+00 3.352731e+00 0.000000e+00 6.245538e-02 6.245538e-02 0.000000e+00 0.000000e+00 0.000000e+00 0.000000e+00 0.000000e+00 3.352731e+00 
F11: 0.00e+00  (0.00e+00): 0.000000e+00 0.000000e+00 0.000000e+00 0.000000e+00 0.000000e+00 0.000000e+00 0.000000e+00 0.000000e+00 0.000000e+00 0.000000e+00 0.000000e+00 0.000000e+00 0.000000e+00 0.000000e+00 0.000000e+00 0.000000e+00 0.000000e+00 0.000000e+00 0.000000e+00 0.000000e+00 0.000000e+00 0.000000e+00 0.000000e+00 0.000000e+00 0.000000e+00 0.000000e+00 0.000000e+00 0.000000e+00 0.000000e+00 0.000000e+00 
F12: 1.59e+02  (7.25e-01): 1.614049e+02 1.593687e+02 1.593687e+02 1.593687e+02 1.593687e+02 1.614049e+02 1.593687e+02 1.586184e+02 1.586184e+02 1.595438e+02 1.593687e+02 1.595438e+02 1.593687e+02 1.595438e+02 1.586184e+02 1.593687e+02 1.586184e+02 1.595438e+02 1.586184e+02 1.593687e+02 1.593687e+02 1.586184e+02 1.606802e+02 1.586184e+02 1.595438e+02 1.586184e+02 1.593687e+02 1.593687e+02 1.593687e+02 1.586184e+02 

op1+2+3+6
F4: 7.66e+00  (2.56e+00): 4.974795e+00 7.959672e+00 9.949586e+00 3.979836e+00 4.974795e+00 6.964713e+00 1.293444e+01 8.954626e+00 7.959667e+00 7.959667e+00 1.094454e+01 1.293444e+01 2.984877e+00 4.974795e+00 9.949586e+00 4.974795e+00 7.959667e+00 9.949586e+00 7.959672e+00 2.984877e+00 7.959672e+00 9.949586e+00 6.964713e+00 8.954626e+00 6.964713e+00 5.969754e+00 9.949586e+00 6.964713e+00 7.959667e+00 5.969754e+00 
F5: 0.00e+00  (0.00e+00): 0.000000e+00 0.000000e+00 0.000000e+00 0.000000e+00 0.000000e+00 0.000000e+00 0.000000e+00 0.000000e+00 0.000000e+00 0.000000e+00 0.000000e+00 0.000000e+00 0.000000e+00 0.000000e+00 0.000000e+00 0.000000e+00 0.000000e+00 0.000000e+00 0.000000e+00 0.000000e+00 0.000000e+00 0.000000e+00 0.000000e+00 0.000000e+00 0.000000e+00 0.000000e+00 0.000000e+00 0.000000e+00 0.000000e+00 0.000000e+00 
F6: 1.56e-02  (1.60e-02): 6.646699e-03 7.679352e-03 9.354062e-03 3.339313e-02 1.120847e-02 7.482596e-02 1.111280e-03 1.265155e-02 5.549760e-03 1.389572e-02 4.555270e-02 8.753198e-03 4.253238e-03 7.791767e-03 1.360732e-02 6.929430e-03 2.604243e-03 1.097618e-02 3.246180e-03 1.496950e-02 1.616055e-02 9.628576e-03 1.363624e-02 3.579604e-02 4.287287e-03 9.039194e-03 4.562365e-02 1.319974e-02 1.461153e-02 1.017916e-02 
F7: 0.00e+00  (0.00e+00): 0.000000e+00 0.000000e+00 0.000000e+00 0.000000e+00 0.000000e+00 0.000000e+00 0.000000e+00 0.000000e+00 0.000000e+00 0.000000e+00 0.000000e+00 0.000000e+00 0.000000e+00 0.000000e+00 0.000000e+00 0.000000e+00 0.000000e+00 0.000000e+00 0.000000e+00 0.000000e+00 0.000000e+00 0.000000e+00 0.000000e+00 0.000000e+00 0.000000e+00 0.000000e+00 0.000000e+00 0.000000e+00 0.000000e+00 0.000000e+00 
F8: 1.07e-02  (1.09e-02): 3.402940e-03 1.292886e-02 1.028977e-03 1.350466e-02 1.632496e-02 3.780378e-02 3.314611e-02 1.109204e-03 2.105681e-02 6.425505e-03 1.797073e-02 7.537047e-03 4.208931e-03 5.499507e-03 1.871931e-02 1.632115e-03 1.317426e-02 1.021243e-02 1.469876e-03 3.920727e-02 4.206184e-04 2.091071e-03 2.855564e-03 4.547738e-04 1.445961e-03 1.733703e-02 6.406216e-03 8.357943e-04 1.661745e-02 6.753348e-03 
F9: 1.72e+02  (9.33e+01): 2.000000e+02 2.292844e+02 2.292844e+02 0.000000e+00 2.292844e+02 2.292844e+02 2.292844e+02 2.292844e+02 2.000000e+02 0.000000e+00 1.000000e+02 2.292844e+02 0.000000e+00 2.292844e+02 2.292844e+02 0.000000e+00 2.292844e+02 2.292844e+02 2.000000e+02 2.292844e+02 2.292844e+02 1.000000e+02 2.292844e+02 2.292844e+02 2.292844e+02 0.000000e+00 2.292844e+02 2.292844e+02 0.000000e+00 2.292844e+02 
F10: 1.20e-01  (6.11e-01): 0.000000e+00 6.245538e-02 0.000000e+00 0.000000e+00 0.000000e+00 0.000000e+00 0.000000e+00 0.000000e+00 0.000000e+00 0.000000e+00 6.245600e-02 0.000000e+00 0.000000e+00 0.000000e+00 6.245538e-02 0.000000e+00 3.352731e+00 0.000000e+00 6.245600e-02 0.000000e+00 0.000000e+00 0.000000e+00 0.000000e+00 0.000000e+00 0.000000e+00 0.000000e+00 0.000000e+00 0.000000e+00 0.000000e+00 0.000000e+00 
F11: 0.00e+00  (0.00e+00): 0.000000e+00 0.000000e+00 0.000000e+00 0.000000e+00 0.000000e+00 0.000000e+00 0.000000e+00 0.000000e+00 0.000000e+00 0.000000e+00 0.000000e+00 0.000000e+00 0.000000e+00 0.000000e+00 0.000000e+00 0.000000e+00 0.000000e+00 0.000000e+00 0.000000e+00 0.000000e+00 0.000000e+00 0.000000e+00 0.000000e+00 0.000000e+00 0.000000e+00 0.000000e+00 0.000000e+00 0.000000e+00 0.000000e+00 0.000000e+00 
F12: 1.59e+02  (5.53e-01): 1.593687e+02 1.593687e+02 1.593687e+02 1.593687e+02 1.593687e+02 1.593687e+02 1.586184e+02 1.586184e+02 1.586184e+02 1.593687e+02 1.593687e+02 1.593687e+02 1.593687e+02 1.586184e+02 1.593687e+02 1.593687e+02 1.593687e+02 1.593687e+02 1.595438e+02 1.586184e+02 1.586184e+02 1.593687e+02 1.614049e+02 1.586184e+02 1.586184e+02 1.593687e+02 1.586184e+02 1.593687e+02 1.593687e+02 1.586184e+02 

F1: 0.00e+00  (0.00e+00): 0.000000e+00 0.000000e+00 0.000000e+00 0.000000e+00 0.000000e+00 0.000000e+00 0.000000e+00 0.000000e+00 0.000000e+00 0.000000e+00 0.000000e+00 0.000000e+00 0.000000e+00 0.000000e+00 0.000000e+00 0.000000e+00 0.000000e+00 0.000000e+00 0.000000e+00 0.000000e+00 0.000000e+00 0.000000e+00 0.000000e+00 0.000000e+00 0.000000e+00 0.000000e+00 0.000000e+00 0.000000e+00 0.000000e+00 0.000000e+00 
F2: 0.00e+00  (0.00e+00): 0.000000e+00 0.000000e+00 0.000000e+00 0.000000e+00 0.000000e+00 0.000000e+00 0.000000e+00 0.000000e+00 0.000000e+00 0.000000e+00 0.000000e+00 0.000000e+00 0.000000e+00 0.000000e+00 0.000000e+00 0.000000e+00 0.000000e+00 0.000000e+00 0.000000e+00 0.000000e+00 0.000000e+00 0.000000e+00 0.000000e+00 0.000000e+00 0.000000e+00 0.000000e+00 0.000000e+00 0.000000e+00 0.000000e+00 0.000000e+00 
F3: 0.00e+00  (0.00e+00): 0.000000e+00 0.000000e+00 0.000000e+00 0.000000e+00 0.000000e+00 0.000000e+00 0.000000e+00 0.000000e+00 0.000000e+00 0.000000e+00 0.000000e+00 0.000000e+00 0.000000e+00 0.000000e+00 0.000000e+00 0.000000e+00 0.000000e+00 0.000000e+00 0.000000e+00 0.000000e+00 0.000000e+00 0.000000e+00 0.000000e+00 0.000000e+00 0.000000e+00 0.000000e+00 0.000000e+00 0.000000e+00 0.000000e+00 0.000000e+00 
F4: 8.16e+00  (2.27e+00): 6.964708e+00 7.959672e+00 7.959667e+00 8.954626e+00 1.293446e+01 5.969754e+00 6.964713e+00 8.954626e+00 6.964708e+00 8.954626e+00 8.954626e+00 5.969754e+00 8.954626e+00 4.974795e+00 6.964708e+00 5.969754e+00 4.974795e+00 1.293444e+01 1.293446e+01 8.954626e+00 5.969754e+00 7.959667e+00 7.959667e+00 5.969754e+00 9.949586e+00 1.193950e+01 7.959667e+00 5.969754e+00 6.964713e+00 9.949586e+00 
F5: 0.00e+00  (0.00e+00): 0.000000e+00 0.000000e+00 0.000000e+00 0.000000e+00 0.000000e+00 0.000000e+00 0.000000e+00 0.000000e+00 0.000000e+00 0.000000e+00 0.000000e+00 0.000000e+00 0.000000e+00 0.000000e+00 0.000000e+00 0.000000e+00 0.000000e+00 0.000000e+00 0.000000e+00 0.000000e+00 0.000000e+00 0.000000e+00 0.000000e+00 0.000000e+00 0.000000e+00 0.000000e+00 0.000000e+00 0.000000e+00 0.000000e+00 0.000000e+00 
F6: 1.48e-02  (1.03e-02): 1.472892e-02 1.473231e-02 6.412185e-04 9.274306e-03 2.134673e-02 1.117508e-02 1.234105e-02 1.907935e-03 2.916531e-02 2.879700e-02 1.138970e-02 8.827083e-03 1.246544e-02 1.661518e-02 9.429478e-03 5.069511e-03 2.489158e-02 4.779972e-02 2.503187e-02 1.890225e-02 2.126843e-02 1.371535e-02 9.118362e-03 1.646064e-02 7.544528e-03 2.739288e-02 2.906713e-03 1.411784e-02 4.697424e-03 1.870764e-03 
F7: 0.00e+00  (0.00e+00): 0.000000e+00 0.000000e+00 0.000000e+00 0.000000e+00 0.000000e+00 0.000000e+00 0.000000e+00 0.000000e+00 0.000000e+00 0.000000e+00 0.000000e+00 0.000000e+00 0.000000e+00 0.000000e+00 0.000000e+00 0.000000e+00 0.000000e+00 0.000000e+00 0.000000e+00 0.000000e+00 0.000000e+00 0.000000e+00 0.000000e+00 0.000000e+00 0.000000e+00 0.000000e+00 0.000000e+00 0.000000e+00 0.000000e+00 0.000000e+00 
F8: 9.95e-03  (9.73e-03): 1.046875e-03 6.826273e-05 9.279615e-03 1.582045e-02 3.439668e-03 1.713848e-03 1.900801e-02 1.395460e-02 4.161449e-03 2.737198e-03 1.861114e-02 1.114171e-02 2.239911e-03 3.544293e-03 7.856081e-04 2.321211e-02 3.835634e-02 2.109916e-03 1.336028e-03 1.750717e-02 2.363859e-03 8.629197e-05 1.527757e-02 1.027043e-02 5.977445e-04 2.784373e-02 1.429646e-02 1.934160e-03 1.915485e-02 1.662604e-02 
F9: 1.80e+02  (8.56e+01): 2.292844e+02 2.292844e+02 2.292844e+02 2.000000e+02 2.000000e+02 2.000000e+02 2.292844e+02 2.292844e+02 2.292844e+02 0.000000e+00 2.292844e+02 2.000000e+02 0.000000e+00 2.292844e+02 2.292844e+02 1.000000e+02 2.292844e+02 2.000000e+02 2.292844e+02 2.000000e+02 0.000000e+00 0.000000e+00 2.292844e+02 2.292844e+02 2.292844e+02 2.000000e+02 2.292844e+02 2.292844e+02 0.000000e+00 2.292844e+02 
F10: 4.53e-01  (1.16e+00): 0.000000e+00 3.352731e+00 3.352731e+00 0.000000e+00 6.245600e-02 0.000000e+00 0.000000e+00 0.000000e+00 0.000000e+00 0.000000e+00 0.000000e+00 0.000000e+00 0.000000e+00 0.000000e+00 0.000000e+00 0.000000e+00 0.000000e+00 3.352731e+00 6.245538e-02 0.000000e+00 3.352731e+00 0.000000e+00 6.245538e-02 0.000000e+00 0.000000e+00 0.000000e+00 0.000000e+00 0.000000e+00 0.000000e+00 0.000000e+00 
F11: 0.00e+00  (0.00e+00): 0.000000e+00 0.000000e+00 0.000000e+00 0.000000e+00 0.000000e+00 0.000000e+00 0.000000e+00 0.000000e+00 0.000000e+00 0.000000e+00 0.000000e+00 0.000000e+00 0.000000e+00 0.000000e+00 0.000000e+00 0.000000e+00 0.000000e+00 0.000000e+00 0.000000e+00 0.000000e+00 0.000000e+00 0.000000e+00 0.000000e+00 0.000000e+00 0.000000e+00 0.000000e+00 0.000000e+00 0.000000e+00 0.000000e+00 0.000000e+00 
F12: 1.59e+02  (9.36e-01): 1.593687e+02 1.593687e+02 1.593687e+02 1.586184e+02 1.614049e+02 1.614049e+02 1.593687e+02 1.593687e+02 1.614049e+02 1.593687e+02 1.586184e+02 1.586184e+02 1.586184e+02 1.593687e+02 1.593687e+02 1.614049e+02 1.593687e+02 1.586184e+02 1.586184e+02 1.586184e+02 1.593687e+02 1.586184e+02 1.593687e+02 1.614049e+02 1.593687e+02 1.593687e+02 1.593687e+02 1.593687e+02 1.593687e+02 1.586184e+02 F1: 0.00e+00  (0.00e+00): 0.000000e+00 0.000000e+00 0.000000e+00 0.000000e+00 0.000000e+00 0.000000e+00 0.000000e+00 0.000000e+00 0.000000e+00 0.000000e+00 0.000000e+00 0.000000e+00 0.000000e+00 0.000000e+00 0.000000e+00 0.000000e+00 0.000000e+00 0.000000e+00 0.000000e+00 0.000000e+00 0.000000e+00 0.000000e+00 0.000000e+00 0.000000e+00 0.000000e+00 0.000000e+00 0.000000e+00 0.000000e+00 0.000000e+00 0.000000e+00 
