F1: 0.00e+00  (0.00e+00): 0.000000e+00 0.000000e+00 0.000000e+00 0.000000e+00 0.000000e+00 0.000000e+00 0.000000e+00 0.000000e+00 0.000000e+00 0.000000e+00 0.000000e+00 0.000000e+00 0.000000e+00 0.000000e+00 0.000000e+00 0.000000e+00 0.000000e+00 0.000000e+00 0.000000e+00 0.000000e+00 0.000000e+00 0.000000e+00 0.000000e+00 0.000000e+00 0.000000e+00 0.000000e+00 0.000000e+00 0.000000e+00 0.000000e+00 0.000000e+00 
F2: 1.83e-01  (4.21e-01): 1.249138e-01 1.249138e-01 9.368537e-02 1.249138e-01 3.122846e-02 3.122846e-02 3.122846e-02 0.000000e+00 9.368537e-02 3.122846e-02 9.368537e-02 6.245692e-02 1.561423e-01 9.368537e-02 9.368537e-02 1.249138e-01 9.368537e-02 3.122846e-02 9.368537e-02 9.368537e-02 3.122846e-02 6.245692e-02 1.707548e+00 0.000000e+00 3.122846e-02 1.738776e+00 6.245692e-02 1.249138e-01 3.122846e-02 6.245692e-02 
F3: 2.06e+01  (2.24e-01): 2.038722e+01 2.077133e+01 2.127045e+01 2.038722e+01 2.077133e+01 2.038722e+01 2.091095e+01 2.049792e+01 2.049792e+01 2.038722e+01 2.057013e+01 2.077133e+01 2.109359e+01 2.038722e+01 2.038722e+01 2.057013e+01 2.038722e+01 2.071544e+01 2.080024e+01 2.049792e+01 2.056166e+01 2.049792e+01 2.038722e+01 2.049792e+01 2.060474e+01 2.060474e+01 2.071544e+01 2.060474e+01 2.038722e+01 2.038722e+01 
F4: 4.22e-01  (1.44e-01): 4.771537e-01 4.813740e-01 1.802764e-01 4.738967e-01 2.014476e-01 3.351391e-01 4.189040e-01 5.653561e-01 5.685664e-01 4.033790e-01 3.231150e-01 3.356655e-01 5.207435e-01 4.620396e-01 6.197574e-01 2.939235e-01 5.732820e-01 6.355034e-01 3.888004e-01 2.972511e-01 4.476142e-01 4.044838e-01 4.321237e-01 5.483890e-01 5.990579e-01 6.200258e-01 4.716755e-01 9.907583e-02 2.397218e-01 2.317613e-01 
F5: 3.30e+01  (5.89e+01): 1.307215e+00 5.691300e+00 8.676178e+00 2.509388e+01 8.884348e+00 7.681219e+00 2.094003e+00 1.276009e+01 1.307215e+00 2.170475e+01 2.499041e+02 8.780263e+00 7.172879e+00 2.280380e+01 1.224894e+02 1.099044e+00 5.287051e+00 2.468962e+01 6.894430e+00 1.989918e+00 1.203130e+00 5.899471e+00 6.686260e+00 1.872984e+01 5.795386e+00 1.355336e+02 6.790345e+00 1.300994e+02 1.308159e+02 1.307215e+00 
F6: 1.34e-01  (6.13e-02): 2.241773e-01 2.030052e-01 6.715616e-02 1.209899e-01 8.158152e-02 2.058671e-01 9.197677e-02 2.292734e-01 1.402304e-01 9.246453e-02 6.062049e-02 1.607096e-01 1.255822e-01 1.638049e-01 5.175366e-02 1.443201e-01 1.888646e-01 5.871771e-02 2.178782e-01 2.324922e-01 8.716746e-02 1.221265e-01 8.997637e-02 1.636433e-01 8.141600e-03 2.111215e-01 8.706967e-02 1.453486e-01 8.835071e-02 1.474040e-01 
F7: 4.21e+00  (4.08e+00): 8.603728e+00 8.898578e+00 8.829922e+00 4.645405e-01 8.712724e+00 6.159571e-01 8.523146e+00 3.208094e-01 8.619898e-01 4.460718e-01 8.636370e-01 8.451115e+00 8.876174e+00 8.849581e+00 8.911754e+00 4.546312e-01 4.045159e-01 3.744874e-01 5.935087e-01 5.060722e-01 8.512820e+00 9.006520e+00 4.068591e-01 4.179068e+00 8.834156e+00 8.601155e+00 5.120992e-01 5.255480e-01 6.120940e-01 5.625235e-01 
F8: 7.42e+01  (1.97e+01): 1.000000e+02 7.231871e+01 1.000000e+02 1.000000e+02 5.155957e+01 6.451320e+01 5.201441e+01 1.000000e+02 1.000000e+02 4.431472e+01 6.222401e+01 5.646018e+01 1.000000e+02 7.973887e+01 6.226208e+01 6.210798e+01 5.169095e+01 6.505842e+01 4.552117e+01 8.100847e+01 7.694137e+01 8.358153e+01 5.863468e+01 6.499684e+01 1.000000e+02 5.190434e+01 1.000000e+02 1.000000e+02 7.509341e+01 6.359956e+01 
F9: 1.00e+02  (8.30e-14): 1.000000e+02 1.000000e+02 1.000000e+02 1.000000e+02 1.000000e+02 1.000000e+02 1.000000e+02 1.000000e+02 1.000000e+02 1.000000e+02 1.000000e+02 1.000000e+02 1.000000e+02 1.000000e+02 1.000000e+02 1.000000e+02 1.000000e+02 1.000000e+02 1.000000e+02 1.000000e+02 1.000000e+02 1.000000e+02 1.000000e+02 1.000000e+02 1.000000e+02 1.000000e+02 1.000000e+02 1.000000e+02 1.000000e+02 1.000000e+02 
F10: 3.99e+02  (6.73e-01): 3.990934e+02 3.990414e+02 3.991421e+02 3.990934e+02 3.990742e+02 3.991396e+02 3.990414e+02 3.990414e+02 3.990709e+02 3.990506e+02 3.991421e+02 3.991396e+02 3.990414e+02 3.990414e+02 3.990950e+02 3.990665e+02 3.990414e+02 3.990414e+02 3.991421e+02 3.990414e+02 3.990414e+02 3.990414e+02 3.990859e+02 4.017335e+02 3.991391e+02 3.990414e+02 3.991217e+02 3.990414e+02 3.990934e+02 4.017160e+02 

F2: 1.26e-01  (3.08e-01): 1.249138e-01 1.249138e-01 1.249138e-01 9.368537e-02 3.122846e-02 3.122846e-02 3.122846e-02 3.122846e-02 9.368537e-02 3.122846e-02 9.368537e-02 6.245692e-02 1.561423e-01 1.249138e-01 9.368537e-02 1.561423e-01 3.122846e-02 3.122846e-02 1.249138e-01 0.000000e+00 3.122846e-02 3.122846e-02 1.249138e-01 0.000000e+00 6.245692e-02 1.738776e+00 3.122846e-02 6.245692e-02 3.122846e-02 6.245692e-02 
F3: 2.06e+01  (2.24e-01): 2.038722e+01 2.077133e+01 2.127045e+01 2.038722e+01 2.077133e+01 2.038722e+01 2.091095e+01 2.049792e+01 2.049792e+01 2.038722e+01 2.057013e+01 2.077133e+01 2.109359e+01 2.038722e+01 2.038722e+01 2.057013e+01 2.038722e+01 2.071544e+01 2.080024e+01 2.049792e+01 2.056166e+01 2.049792e+01 2.038722e+01 2.049792e+01 2.060474e+01 2.060474e+01 2.071544e+01 2.060474e+01 2.038722e+01 2.038722e+01 
F4: 3.93e-01  (1.35e-01): 4.608584e-01 4.813740e-01 1.802764e-01 4.738967e-01 2.014477e-01 3.334155e-01 2.947353e-01 5.409057e-01 5.685664e-01 3.731178e-01 3.231150e-01 3.356655e-01 4.180635e-01 4.620396e-01 5.539183e-01 3.237239e-01 5.582269e-01 3.256985e-01 3.888004e-01 2.477065e-01 4.476142e-01 3.942313e-01 2.989119e-01 5.483890e-01 5.899873e-01 6.200258e-01 4.649737e-01 9.907583e-02 2.397218e-01 2.317613e-01 
F5: 3.30e+01  (5.89e+01): 1.307215e+00 5.691300e+00 8.676178e+00 2.509388e+01 8.884348e+00 7.681219e+00 2.094003e+00 1.276009e+01 1.307215e+00 2.170475e+01 2.499041e+02 8.780263e+00 7.172879e+00 2.280380e+01 1.224894e+02 1.099044e+00 5.287051e+00 2.468962e+01 6.894430e+00 1.989918e+00 1.203130e+00 5.899471e+00 6.686260e+00 1.872984e+01 5.795386e+00 1.355336e+02 6.790345e+00 1.300994e+02 1.308159e+02 1.307215e+00 
F6: 1.34e-01  (6.14e-02): 2.209909e-01 2.030591e-01 6.683307e-02 1.209795e-01 8.435525e-02 2.059036e-01 9.158186e-02 2.381303e-01 1.385079e-01 8.533635e-02 5.973000e-02 1.613973e-01 1.262248e-01 1.638386e-01 5.170588e-02 1.441707e-01 1.885021e-01 5.909376e-02 2.080849e-01 2.324814e-01 8.703486e-02 1.221236e-01 8.999692e-02 1.631516e-01 8.194786e-03 2.110243e-01 8.704615e-02 1.452641e-01 8.832197e-02 1.552345e-01 
F7: 4.20e+00  (4.08e+00): 8.606304e+00 8.843455e+00 8.701361e+00 5.560498e-01 8.713760e+00 6.082858e-01 8.476261e+00 2.924663e-01 8.856525e-01 4.752433e-01 6.814374e-01 8.463782e+00 8.871689e+00 8.898797e+00 8.910373e+00 4.711425e-01 4.502108e-01 3.841658e-01 6.112516e-01 5.144155e-01 8.507049e+00 9.008728e+00 4.033348e-01 4.176933e+00 8.745824e+00 8.617661e+00 4.914917e-01 5.890598e-01 6.178908e-01 4.698949e-01 
F8: 7.42e+01  (1.97e+01): 1.000000e+02 7.231871e+01 1.000000e+02 1.000000e+02 5.155957e+01 6.451320e+01 5.201441e+01 1.000000e+02 1.000000e+02 4.431472e+01 6.222401e+01 5.646018e+01 1.000000e+02 7.973887e+01 6.226208e+01 6.210798e+01 5.169095e+01 6.505842e+01 4.552117e+01 8.100847e+01 7.694137e+01 8.358153e+01 5.863468e+01 6.499684e+01 1.000000e+02 5.190434e+01 1.000000e+02 1.000000e+02 7.509341e+01 6.359956e+01 
F9: 1.00e+02  (4.62e-13): 1.000000e+02 1.000000e+02 1.000000e+02 1.000000e+02 1.000000e+02 1.000000e+02 1.000000e+02 1.000000e+02 1.000000e+02 1.000000e+02 1.000000e+02 1.000000e+02 1.000000e+02 1.000000e+02 1.000000e+02 1.000000e+02 1.000000e+02 1.000000e+02 1.000000e+02 1.000000e+02 1.000000e+02 1.000000e+02 1.000000e+02 1.000000e+02 1.000000e+02 1.000000e+02 1.000000e+02 1.000000e+02 1.000000e+02 1.000000e+02 
F10: 3.99e+02  (6.73e-01): 3.990934e+02 3.990414e+02 3.991421e+02 3.990934e+02 3.990742e+02 3.991396e+02 3.990414e+02 3.990414e+02 3.990709e+02 3.990506e+02 3.991421e+02 3.991396e+02 3.990414e+02 3.990414e+02 3.990684e+02 3.990665e+02 3.990414e+02 3.990414e+02 3.991421e+02 3.990414e+02 3.990414e+02 3.990414e+02 3.990859e+02 4.017335e+02 3.991391e+02 3.990414e+02 3.991217e+02 3.990414e+02 3.990934e+02 4.017160e+02 

F2: 2.03e-01  (4.16e-01): 9.368537e-02 1.561423e-01 6.245692e-02 1.249138e-01 1.249138e-01 0.000000e+00 9.368537e-02 1.249138e-01 6.245692e-02 1.249138e-01 1.738776e+00 1.707548e+00 3.122846e-02 1.561423e-01 1.249138e-01 1.249138e-01 1.249138e-01 6.245692e-02 9.368537e-02 6.245692e-02 9.368537e-02 1.873707e-01 9.368537e-02 3.122846e-02 9.368537e-02 0.000000e+00 9.368537e-02 6.245692e-02 9.368537e-02 1.561423e-01 
F3: 2.05e+01  (2.08e-01): 2.057013e+01 2.038722e+01 2.038722e+01 2.118436e+01 2.088204e+01 2.049792e+01 2.038722e+01 2.038722e+01 2.065950e+01 2.038722e+01 2.038722e+01 2.098886e+01 2.038722e+01 2.049792e+01 2.049792e+01 2.077133e+01 2.049792e+01 2.038722e+01 2.038722e+01 2.038722e+01 2.038722e+01 2.038722e+01 2.077133e+01 2.057013e+01 2.038722e+01 2.038722e+01 2.038722e+01 2.038722e+01 2.038722e+01 2.038722e+01 
F4: 3.78e-01  (1.26e-01): 3.958672e-01 2.811098e-01 4.131299e-01 6.215323e-01 4.349170e-01 6.415768e-01 4.050702e-01 4.439102e-01 3.263167e-01 2.982246e-01 2.996344e-01 4.743646e-01 6.938545e-02 4.946407e-01 1.394325e-01 4.213764e-01 5.663337e-01 3.381567e-01 5.027538e-01 3.854452e-01 4.528648e-01 3.588581e-01 4.011279e-01 3.899456e-01 3.368767e-01 1.693830e-01 2.744960e-01 3.269669e-01 3.550160e-01 3.254292e-01 
F5: 3.93e+01  (5.73e+01): 1.201872e+02 3.122557e-01 6.894430e+00 8.780263e+00 1.567340e+02 2.259563e+01 6.686260e+00 4.163409e-01 1.336967e+02 6.790345e+00 1.127852e+01 1.127852e+01 2.094003e+00 2.406259e+00 2.198089e+00 1.497693e+02 2.081705e-01 1.961075e+01 2.060571e+01 1.646148e+01 2.198089e+00 1.515349e+02 1.297169e+02 5.899471e+00 2.170475e+01 6.894430e+00 5.795386e+00 5.899471e+00 9.775222e+00 1.395898e+02 
F6: 1.10e-01  (6.44e-02): 2.130445e-01 5.155492e-02 8.161250e-02 1.960644e-01 9.001848e-02 2.309597e-01 1.331829e-01 7.689789e-02 1.573837e-01 5.192875e-02 9.087598e-02 1.818450e-01 3.275286e-01 7.828491e-02 6.894759e-02 1.229851e-01 1.169595e-01 7.313860e-02 7.324570e-02 5.326180e-02 1.149354e-01 1.123937e-01 1.160758e-01 8.742957e-02 4.395565e-02 1.027733e-01 9.450753e-02 4.547275e-02 6.797700e-02 5.757596e-02 
F7: 8.86e+00  (7.95e+00): 8.758835e+00 1.680852e+01 5.573427e-01 1.714574e+01 3.819888e-01 1.243754e+01 2.263044e-01 8.545595e+00 8.991321e+00 4.215183e+00 8.430373e+00 2.958657e+01 8.764320e+00 8.598693e+00 2.537133e+01 1.852128e-01 8.584669e+00 1.708054e+01 1.210087e+01 8.390707e+00 8.935697e+00 4.048266e+00 1.927470e-01 8.589268e+00 2.315799e-01 4.726142e-01 2.082332e+01 1.955643e-01 1.676879e+01 4.025074e-01 
F8: 7.86e+01  (1.77e+01): 7.498445e+01 7.277708e+01 7.989738e+01 8.140646e+01 1.000000e+02 9.100248e+01 5.847722e+01 9.804345e+01 6.452213e+01 4.056762e+01 8.282395e+01 5.999800e+01 7.474560e+01 6.733521e+01 1.000000e+02 7.314018e+01 5.258748e+01 1.000000e+02 1.000000e+02 1.000000e+02 1.000000e+02 1.000000e+02 8.009876e+01 7.188121e+01 6.367028e+01 8.032780e+01 4.403737e+01 7.557695e+01 1.000000e+02 7.134929e+01 
F9: 8.77e+01  (3.23e+01): 1.000000e+02 1.000000e+02 1.000000e+02 0.000000e+00 1.000000e+02 1.000000e+02 1.000000e+02 1.000000e+02 1.000000e+02 1.000000e+02 1.000000e+02 1.000000e+02 1.000000e+02 1.000000e+02 1.000000e+02 0.000000e+00 1.000000e+02 1.000000e+02 1.000000e+02 3.118829e+01 1.000000e+02 1.000000e+02 1.000000e+02 1.000000e+02 1.000000e+02 1.000000e+02 1.000000e+02 4.839016e-05 1.000000e+02 1.000000e+02 
F10: 4.01e+02  (3.38e+00): 3.991396e+02 4.100627e+02 3.990414e+02 3.991363e+02 3.990414e+02 4.100682e+02 4.026289e+02 3.990414e+02 4.017335e+02 4.100321e+02 3.990414e+02 3.990414e+02 3.991217e+02 3.991217e+02 3.990742e+02 3.990414e+02 3.990414e+02 3.990934e+02 4.023990e+02 3.991482e+02 3.990934e+02 3.990742e+02 3.990414e+02 3.990606e+02 3.990080e+02 3.990354e+02 3.990414e+02 3.990414e+02 3.999640e+02 3.990414e+02 

op1+2+3

F2: 7.49e-02  (3.44e-02): 9.368537e-02 0.000000e+00 3.122846e-02 9.368537e-02 9.368537e-02 9.368537e-02 6.245692e-02 1.249138e-01 6.245692e-02 1.249138e-01 6.245692e-02 9.368537e-02 3.122846e-02 3.122846e-02 6.245692e-02 6.245692e-02 6.245692e-02 3.122846e-02 6.245692e-02 1.249138e-01 6.245692e-02 1.249138e-01 6.245692e-02 6.245692e-02 9.368537e-02 1.249138e-01 9.368537e-02 1.249138e-01 3.122846e-02 6.245692e-02 
F3: 2.04e+01  (0.00e+00): 2.038722e+01 2.038722e+01 2.038722e+01 2.038722e+01 2.038722e+01 2.038722e+01 2.038722e+01 2.038722e+01 2.038722e+01 2.038722e+01 2.038722e+01 2.038722e+01 2.038722e+01 2.038722e+01 2.038722e+01 2.038722e+01 2.038722e+01 2.038722e+01 2.038722e+01 2.038722e+01 2.038722e+01 2.038722e+01 2.038722e+01 2.038722e+01 2.038722e+01 2.038722e+01 2.038722e+01 2.038722e+01 2.038722e+01 2.038722e+01 
F4: 3.63e-01  (6.78e-02): 2.420208e-01 4.817996e-01 3.639978e-01 2.508931e-01 2.962312e-01 4.288371e-01 3.964077e-01 4.031662e-01 4.037154e-01 3.939716e-01 3.337214e-01 3.583921e-01 2.693950e-01 3.551337e-01 3.730902e-01 3.060313e-01 4.216458e-01 3.760800e-01 3.652830e-01 3.390608e-01 4.556605e-01 4.281640e-01 3.364947e-01 3.769484e-01 3.364073e-01 3.899286e-01 4.353571e-01 4.523892e-01 1.892384e-01 3.190666e-01 
F5: 2.57e+00  (1.34e+00): 1.309877e+00 3.401218e+00 1.516820e+00 2.198089e+00 4.397428e+00 1.308842e+00 6.387602e+00 4.398205e+00 2.094004e+00 3.403845e+00 1.101655e+00 3.299150e+00 3.195662e+00 2.302321e+00 1.099044e+00 2.304841e+00 1.308570e+00 2.096611e+00 1.411708e+00 2.094942e+00 2.094003e+00 4.398572e+00 1.203130e+00 2.198943e+00 2.302174e+00 1.101183e+00 3.402215e+00 2.199405e+00 5.289580e+00 2.200661e+00 
F6: 2.25e-01  (5.23e-02): 1.257605e-01 2.690105e-01 2.587861e-01 2.428229e-01 1.978340e-01 2.011388e-01 2.204521e-01 3.478925e-01 2.383675e-01 2.048972e-01 1.474484e-01 2.450525e-01 2.292966e-01 2.516402e-01 1.146686e-01 2.429133e-01 1.679310e-01 2.799654e-01 2.126536e-01 2.474027e-01 3.007579e-01 2.341631e-01 2.133045e-01 2.977681e-01 1.386493e-01 2.037389e-01 1.898240e-01 2.676020e-01 2.321857e-01 2.386676e-01 
F7: 1.25e-01  (8.60e-02): 1.199978e-01 2.039398e-01 9.188466e-02 1.007526e-01 5.966975e-02 2.519273e-01 1.746848e-01 2.445960e-01 3.561028e-01 1.904076e-01 1.229324e-01 3.181884e-02 5.928178e-02 7.155791e-02 2.488985e-02 2.246623e-01 7.691749e-02 5.377995e-02 1.450539e-01 6.326976e-02 5.054861e-02 6.543217e-02 1.528682e-01 4.276643e-02 6.535323e-02 2.117075e-01 1.949690e-01 2.431929e-01 2.908461e-02 3.378121e-02 
F8: 7.43e+01  (2.14e+01): 3.703865e+01 1.000000e+02 8.884589e+01 4.890960e+01 6.185866e+01 6.181319e+01 3.132135e+01 5.236144e+01 5.931153e+01 5.815540e+01 7.498165e+01 9.319471e+01 6.527664e+01 1.000000e+02 8.138073e+01 1.000000e+02 6.108583e+01 6.823438e+01 1.000000e+02 7.091517e+01 7.411280e+01 7.819961e+01 1.000000e+02 1.000000e+02 5.031287e+01 1.000000e+02 5.926662e+01 1.000000e+02 1.000000e+02 5.324385e+01 
F9: 9.57e+01  (1.88e+01): 1.000000e+02 1.000000e+02 1.000000e+02 7.214876e+01 1.000000e+02 1.000000e+02 1.000000e+02 1.000000e+02 1.000000e+02 1.000000e+02 1.000000e+02 1.000000e+02 1.000000e+02 1.000000e+02 1.000000e+02 1.050759e-05 1.000000e+02 1.000000e+02 1.000000e+02 1.000000e+02 1.000000e+02 1.000000e+02 1.000000e+02 1.000000e+02 1.000000e+02 1.000000e+02 1.000000e+02 1.000000e+02 1.000000e+02 1.000000e+02 
F10: 3.99e+02  (1.27e-01): 3.991432e+02 3.990414e+02 3.990414e+02 3.990414e+02 3.990742e+02 3.990414e+02 3.990414e+02 3.990414e+02 3.990414e+02 3.990414e+02 3.990414e+02 3.991083e+02 3.991217e+02 3.990414e+02 3.991391e+02 3.990414e+02 3.990742e+02 3.990941e+02 3.990414e+02 3.990617e+02 3.990414e+02 3.990414e+02 3.990414e+02 3.990414e+02 3.993890e+02 3.991578e+02 3.990414e+02 3.993083e+02 3.996163e+02 3.990414e+02 

op1+2+3+6
F2: 7.91e-02  (3.73e-02): 9.368537e-02 9.368537e-02 1.561423e-01 3.122846e-02 1.249138e-01 6.245692e-02 6.245692e-02 6.245692e-02 1.249138e-01 9.368537e-02 3.122846e-02 3.122846e-02 1.249138e-01 1.249138e-01 9.368537e-02 1.561423e-01 6.245692e-02 6.245692e-02 9.368537e-02 3.122846e-02 6.245692e-02 3.122846e-02 3.122846e-02 9.368537e-02 3.122846e-02 9.368537e-02 9.368537e-02 9.368537e-02 6.245692e-02 6.245692e-02 
F3: 2.04e+01  (0.00e+00): 2.038722e+01 2.038722e+01 2.038722e+01 2.038722e+01 2.038722e+01 2.038722e+01 2.038722e+01 2.038722e+01 2.038722e+01 2.038722e+01 2.038722e+01 2.038722e+01 2.038722e+01 2.038722e+01 2.038722e+01 2.038722e+01 2.038722e+01 2.038722e+01 2.038722e+01 2.038722e+01 2.038722e+01 2.038722e+01 2.038722e+01 2.038722e+01 2.038722e+01 2.038722e+01 2.038722e+01 2.038722e+01 2.038722e+01 2.038722e+01 
F4: 3.50e-01  (6.67e-02): 2.171825e-01 4.351510e-01 2.977622e-01 4.782743e-01 3.352339e-01 3.226991e-01 3.617112e-01 4.002725e-01 2.639895e-01 4.164809e-01 3.270762e-01 3.478816e-01 3.862217e-01 3.967276e-01 3.778209e-01 3.258013e-01 2.689862e-01 3.632917e-01 3.557182e-01 4.651822e-01 2.173067e-01 3.328205e-01 3.574851e-01 4.303644e-01 3.620930e-01 2.191553e-01 3.801282e-01 3.726844e-01 3.693563e-01 3.262247e-01 
F5: 2.65e+00  (1.18e+00): 2.199292e+00 2.408923e+00 2.512183e+00 2.304842e+00 3.193108e+00 1.309229e+00 3.979891e+00 2.304637e+00 3.299368e+00 1.205532e+00 4.086580e+00 4.398462e+00 2.200631e+00 2.408674e+00 1.307215e+00 2.304558e+00 2.200581e+00 6.388556e+00 3.195290e+00 1.307645e+00 2.200296e+00 2.408539e+00 2.406259e+00 1.101602e+00 4.189550e+00 2.408746e+00 2.200572e+00 4.294700e+00 2.304226e+00 1.411451e+00 
F6: 2.13e-01  (6.94e-02): 2.932643e-01 1.371862e-01 2.194421e-01 3.174184e-01 2.766997e-01 1.108416e-01 3.290360e-01 1.246967e-01 3.065437e-01 2.743469e-01 1.819509e-01 1.250574e-01 7.958015e-02 2.123287e-01 1.935618e-01 2.962675e-01 1.748119e-01 2.310763e-01 2.838860e-01 2.045373e-01 1.379352e-01 2.062376e-01 1.721595e-01 2.050048e-01 1.807450e-01 3.046903e-01 2.874017e-01 1.630026e-01 1.609747e-01 2.013054e-01 
F7: 1.68e-01  (1.07e-01): 3.500622e-02 5.663609e-02 2.243653e-01 1.446867e-01 2.154596e-01 3.715606e-01 6.686915e-02 4.323392e-01 2.161968e-01 2.150554e-01 9.114087e-02 4.100213e-01 1.176250e-01 7.800082e-02 9.714159e-02 2.459109e-01 8.657972e-02 2.223328e-01 3.637158e-02 3.831717e-02 1.950722e-01 2.505165e-01 1.793127e-01 2.396362e-01 9.835211e-02 9.151031e-02 6.532244e-02 2.046551e-01 1.051162e-01 2.057611e-01 
F8: 7.22e+01  (1.72e+01): 4.620556e+01 1.000000e+02 5.682642e+01 7.503920e+01 8.271282e+01 7.096838e+01 6.146884e+01 1.000000e+02 7.165420e+01 7.110223e+01 7.643812e+01 6.537189e+01 7.198400e+01 1.000000e+02 5.943470e+01 3.941430e+01 5.842487e+01 1.000000e+02 1.000000e+02 7.766701e+01 7.939167e+01 5.627740e+01 4.819842e+01 5.901708e+01 6.312766e+01 6.153136e+01 7.525998e+01 6.910478e+01 1.000000e+02 6.949043e+01 
F9: 9.77e+01  (1.29e+01): 1.000000e+02 1.000000e+02 1.000000e+02 1.000000e+02 1.000000e+02 1.000000e+02 1.000000e+02 1.000000e+02 1.000000e+02 1.000000e+02 1.000000e+02 1.000000e+02 1.000000e+02 1.000000e+02 1.000000e+02 2.957568e+01 1.000000e+02 1.000000e+02 1.000000e+02 1.000000e+02 1.000000e+02 1.000000e+02 1.000000e+02 1.000000e+02 1.000000e+02 1.000000e+02 1.000000e+02 1.000000e+02 1.000000e+02 1.000000e+02 
F10: 3.90e+02  (5.47e+01): 3.990713e+02 4.100157e+02 3.996329e+02 3.990080e+02 3.990742e+02 3.990512e+02 3.991111e+02 3.990414e+02 4.000000e+02 3.992130e+02 3.990934e+02 3.994594e+02 3.991221e+02 4.000000e+02 3.990414e+02 3.990414e+02 3.990414e+02 3.990414e+02 3.990414e+02 3.990742e+02 3.990080e+02 3.990934e+02 3.990563e+02 3.990414e+02 3.990414e+02 1.001238e+02 4.018629e+02 3.990414e+02 3.990742e+02 3.990414e+02 

res
F1: 0.00e+00  (0.00e+00): 0.000000e+00 0.000000e+00 0.000000e+00 0.000000e+00 0.000000e+00 0.000000e+00 0.000000e+00 0.000000e+00 0.000000e+00 0.000000e+00 0.000000e+00 0.000000e+00 0.000000e+00 0.000000e+00 0.000000e+00 0.000000e+00 0.000000e+00 0.000000e+00 0.000000e+00 0.000000e+00 0.000000e+00 0.000000e+00 0.000000e+00 0.000000e+00 0.000000e+00 0.000000e+00 0.000000e+00 0.000000e+00 0.000000e+00 0.000000e+00 
F2: 1.93e-01  (4.23e-01): 1.249138e-01 3.122846e-02 6.245692e-02 1.561423e-01 6.245692e-02 9.368537e-02 9.368537e-02 1.249138e-01 6.245692e-02 9.368537e-02 1.738776e+00 6.245692e-02 3.122846e-02 9.368537e-02 9.368537e-02 3.122846e-02 3.122846e-02 2.185992e-01 1.249138e-01 3.122846e-02 6.245692e-02 1.561423e-01 6.245692e-02 6.245692e-02 1.249138e-01 9.368537e-02 1.738776e+00 6.245692e-02 3.122846e-02 3.122846e-02 
F3: 2.04e+01  (0.00e+00): 2.038722e+01 2.038722e+01 2.038722e+01 2.038722e+01 2.038722e+01 2.038722e+01 2.038722e+01 2.038722e+01 2.038722e+01 2.038722e+01 2.038722e+01 2.038722e+01 2.038722e+01 2.038722e+01 2.038722e+01 2.038722e+01 2.038722e+01 2.038722e+01 2.038722e+01 2.038722e+01 2.038722e+01 2.038722e+01 2.038722e+01 2.038722e+01 2.038722e+01 2.038722e+01 2.038722e+01 2.038722e+01 2.038722e+01 2.038722e+01 
F4: 3.44e-01  (9.26e-02): 3.668266e-01 1.487055e-01 1.186506e-01 2.195634e-01 4.616942e-01 2.497053e-01 3.269272e-01 4.355068e-01 4.601569e-01 3.172137e-01 4.050300e-01 4.018995e-01 2.775764e-01 3.927947e-01 4.375566e-01 3.602735e-01 3.885652e-01 3.801373e-01 3.794162e-01 4.226037e-01 3.992199e-01 3.395716e-01 4.462235e-01 4.157798e-01 3.400352e-01 3.437584e-01 1.579198e-01 3.374090e-01 3.460694e-01 2.375255e-01 
F5: 2.86e+00  (1.21e+00): 1.307215e+00 3.299703e+00 4.398355e+00 2.406260e+00 2.198089e+00 3.195129e+00 4.085445e+00 3.195445e+00 2.302545e+00 2.408912e+00 3.297133e+00 3.403887e+00 2.304660e+00 3.195394e+00 2.303129e+00 1.413964e+00 1.204857e+00 4.977232e+00 4.086314e+00 3.299545e+00 3.195081e+00 3.298454e+00 2.200655e+00 1.101242e+00 2.198089e+00 2.511670e+00 5.392464e+00 2.200584e+00 5.081477e+00 3.122564e-01 
F6: 2.02e-01  (6.10e-02): 2.182022e-01 1.804550e-01 2.809676e-01 1.456841e-01 2.249849e-01 1.392072e-01 1.389756e-01 2.302095e-01 2.690283e-01 2.844344e-01 2.603008e-01 1.829653e-01 2.995639e-01 1.034407e-01 1.433937e-01 1.799277e-01 1.883959e-01 2.406874e-01 2.295747e-01 1.723172e-01 3.537616e-01 1.445566e-01 1.627446e-01 2.171752e-01 1.765091e-01 1.154745e-01 1.384609e-01 2.019300e-01 1.646643e-01 2.757175e-01 
F7: 1.62e-01  (8.55e-02): 2.538015e-01 9.961362e-02 8.292840e-02 1.858091e-01 4.768607e-02 2.410805e-01 3.814118e-02 3.779863e-01 1.261504e-01 2.493253e-01 2.401874e-01 2.640461e-01 1.449928e-01 1.192701e-01 1.844837e-01 1.837236e-01 1.589753e-01 1.190328e-01 5.396773e-02 1.832361e-01 2.447965e-01 3.089302e-02 2.721880e-01 4.343530e-02 7.985459e-02 2.033671e-01 2.219202e-01 1.539150e-01 1.697203e-01 8.053407e-02 
F8: 7.50e+01  (1.75e+01): 8.797604e+01 6.749301e+01 5.903951e+01 6.010148e+01 7.599699e+01 1.000000e+02 7.213828e+01 1.000000e+02 6.317974e+01 1.000000e+02 6.790172e+01 6.527438e+01 1.000000e+02 1.000000e+02 5.341280e+01 5.671759e+01 7.244821e+01 6.543840e+01 6.437788e+01 6.196747e+01 1.000000e+02 5.030632e+01 5.960431e+01 7.988537e+01 8.105479e+01 1.000000e+02 6.650116e+01 1.000000e+02 7.048399e+01 4.834400e+01 
F9: 9.17e+01  (2.64e+01): 1.000000e+02 1.000000e+02 1.000000e+02 1.000000e+02 1.000000e+02 7.474137e-08 1.000000e+02 1.000000e+02 1.000000e+02 1.000000e+02 1.000000e+02 1.000000e+02 1.000000e+02 1.000000e+02 1.000000e+02 1.000000e+02 1.000000e+02 1.000000e+02 1.000000e+02 8.282950e-06 1.000000e+02 1.000000e+02 1.000000e+02 5.173603e+01 1.000000e+02 1.000000e+02 1.000000e+02 1.000000e+02 1.000000e+02 1.000000e+02 
F10: 3.99e+02  (2.00e+00): 3.990414e+02 3.990414e+02 3.990493e+02 3.990684e+02 3.990414e+02 3.990414e+02 3.990742e+02 3.991432e+02 3.990414e+02 3.990414e+02 3.990414e+02 3.990414e+02 3.990414e+02 3.990414e+02 3.990443e+02 3.999050e+02 3.990414e+02 3.990414e+02 3.990448e+02 3.990414e+02 4.100139e+02 3.990080e+02 3.990080e+02 3.991482e+02 3.990414e+02 4.000000e+02 3.990742e+02 3.990742e+02 3.990443e+02 3.990414e+02 