   7.2188173e+06   9.8477812e+06   6.4766244e+06   7.7678866e+06   2.1036877e+06   2.7870105e+06   2.6382024e+06   2.4011543e+06   6.2965845e+06   5.2859370e+05   3.2647649e+06   7.0798825e+06   1.3701834e+07   3.9229567e+06   2.9590558e+06   6.2249909e+06   4.2480261e+06   3.0903779e+06   3.0920845e+06   9.3076640e+06   7.7694946e+06   6.4586668e+06   3.5916195e+06   7.1562467e+06   5.9151319e+06   5.1259282e+06   1.0442995e+06   4.7136756e+06   4.2576363e+06   3.7000114e+06
   8.0545415e+05   6.3645969e+06   6.4766244e+06   7.7678866e+06   2.1035436e+06   2.7870092e+06   2.6081584e+06   2.4011543e+06   6.2965845e+06   5.2858322e+05   3.2642898e+06   7.0798820e+06   8.0118706e+06   3.9229532e+06   1.3009038e+06   6.2249879e+06   1.1249997e+06   3.0903779e+06   3.0920845e+06   9.3076640e+06   7.7694302e+06   4.4973712e+06   3.5753998e+06   7.1532161e+06   4.7491730e+06   5.1241792e+06   1.0442995e+06   4.7136756e+06   4.2576363e+06   3.7000114e+06
   8.0545415e+05   6.3645969e+06   6.4766244e+06   7.7678866e+06   2.1035436e+06   2.7870092e+06   2.6081584e+06   2.4011543e+06   6.2965845e+06   5.2858322e+05   3.2642898e+06   7.0798820e+06   8.0118706e+06   3.9229532e+06   1.3009038e+06   6.2249879e+06   1.1249997e+06   3.0903779e+06   3.0920845e+06   9.3076640e+06   7.7694302e+06   4.4973712e+06   3.5753998e+06   7.1532161e+06   4.7491730e+06   5.1241792e+06   1.0442995e+06   4.7136756e+06   4.2576363e+06   3.7000114e+06
   7.9966658e+05   6.5290096e+02   6.4763890e+06   7.3983824e+02   2.1035436e+06   2.7870066e+06   2.6080900e+06   1.3394505e+06   6.2965845e+06   5.2839867e+05   8.6145229e+02   1.5757158e+06   3.6740744e+06   2.2749006e+06   1.3008285e+06   6.2249879e+06   1.0004343e+03   3.0903779e+06   3.0741331e+06   9.3073232e+06   3.4320734e+06   5.2179100e+02   3.5537649e+06   2.0874622e+06   1.0981658e+06   1.4844409e+03   1.0425562e+06   9.2087595e+05   2.7007038e+06   3.6881013e+06
   7.9324391e+05   5.5014635e+02   6.4763890e+06   6.3299663e+02   2.1034999e+06   3.0838959e+02   2.6080900e+06   7.9343593e+02   6.2953814e+06   5.2822951e+05   4.3129851e+02   1.5757158e+06   3.6693152e+06   2.2748984e+06   1.2997086e+06   8.6381887e+02   1.0004343e+03   4.0812388e+02   1.0903542e+06   6.7102458e+06   3.4319509e+06   5.2179100e+02   3.5533743e+06   8.2818013e+05   1.0966450e+06   1.4844409e+03   3.4065213e+02   9.1838543e+05   2.7007038e+06   3.6881013e+06
   7.7945983e+05   5.5014635e+02   8.1025221e+02   6.3299663e+02   1.6714495e+06   3.0838959e+02   8.2963527e+05   7.3977497e+02   6.9701394e+05   2.2798282e+02   4.3129851e+02   1.5753226e+06   3.0100847e+06   1.7981567e+06   8.1281363e+02   8.6381887e+02   1.0004343e+03   4.0812388e+02   1.0902184e+06   4.9514537e+02   3.3668388e+06   5.2179100e+02   3.3747669e+02   8.2818013e+05   8.4925022e+02   1.4844409e+03   2.5075306e+02   9.1161208e+05   1.7571568e+06   3.0928576e+05
   4.7414385e+02   5.3322838e+02   6.4065981e+02   3.3809458e+02   1.6710108e+06   3.0838959e+02   8.2757718e+05   7.3977497e+02   6.9037846e+05   2.2798282e+02   4.3129851e+02   1.5749163e+06   3.0096808e+06   2.6564599e+02   4.5890507e+02   8.6381887e+02   1.0004343e+03   2.6282379e+02   1.0900219e+06   4.9514537e+02   7.3477061e+05   5.2179100e+02   3.3747669e+02   1.0689063e+03   3.4099447e+02   8.0253665e+02   2.5075306e+02   4.1667205e+02   2.3200400e+02   3.7626676e+02
   4.4113154e+02   5.3322838e+02   2.1495088e+02   2.0411936e+02   3.8500987e+05   1.4748842e+02   4.2255771e+02   6.3223913e+02   5.2341032e+05   2.2798282e+02   4.3129851e+02   5.2673994e+02   6.3714959e+02   2.6118126e+02   4.5890507e+02   6.1729042e+02   7.3288661e+02   2.2080355e+02   9.3144716e+02   4.9514537e+02   7.3444331e+05   4.5292560e+02   3.3747669e+02   4.5618508e+02   2.1799525e+02   4.7226160e+02   2.5075306e+02   4.1667205e+02   2.3200400e+02   3.7626676e+02
   1.3428790e+02   2.4432576e+02   2.1495088e+02   2.0411936e+02   5.0384627e+02   1.4673842e+02   3.3386161e+02   3.4518676e+02   4.2959527e+00   2.2798282e+02   3.6977196e+02   5.1694355e+02   5.4095926e+02   1.3359944e+02   4.5129521e+02   1.2260433e+02   3.0015792e+02   9.3198180e+01   5.5984860e+02   4.9464816e+02   1.3043414e+02   3.3456378e+02   3.3689849e+02   3.5702021e+02   2.1799525e+02   4.6481356e+02   2.5075306e+02   4.1667205e+02   2.3200400e+02   1.3194769e+02
   1.3428790e+02   2.4432576e+02   2.1495088e+02   1.3332952e+02   2.4248399e+02   1.4267784e+02   2.5616536e+02   1.4708203e+02   4.2959527e+00   1.1995006e+02   6.2285618e+01   1.4989268e+02   4.4076466e+02   8.4198612e+01   3.6417893e+02   1.2260433e+02   3.0015792e+02   4.2196638e+01   3.4741804e+02   1.2272461e+02   1.3043414e+02   3.3456378e+02   2.5443226e+02   9.8641010e-01   1.6266679e+02   2.1631643e+02   2.5075306e+02   2.8401711e+02   2.3200400e+02   1.2047235e+02
   1.2275573e+02   2.4432576e+02   1.6074345e+02   1.3332952e+02   7.3959666e+01   1.4267784e+02   1.3053684e+01   1.3027506e+02   4.2959527e+00   1.1995006e+02   3.6712963e+01   1.3180628e+02   1.3429226e+02   4.9704024e+01   3.3785427e+02   1.2260433e+02   2.1462891e+02   4.1431247e+01   1.8466967e+02   1.2137690e+02   1.3043414e+02   1.3351371e+02   1.9652981e+01   9.8641010e-01   1.2248209e+02   2.1344112e+02   1.5385330e+02   1.4521689e+02   2.1480392e+02   1.2047235e+02
   1.0885964e+01   1.4343489e+02   1.3486620e+02   7.8362978e+01   1.5026016e+01   1.2132278e+01   1.3053684e+01   1.3140215e+01   4.2959527e+00   1.1512989e+02   1.1664110e+01   1.3150996e+02   1.3329864e+02   4.1501784e+01   1.3109951e+02   4.9450913e+01   1.4949076e+02   3.4019502e+01   1.0843993e+02   1.2137690e+02   1.3043414e+02   1.3220169e+02   1.6488140e+01   9.8641010e-01   1.1987828e+02   2.0856569e+00   1.4946853e+02   5.7145317e+01   4.2240198e+01   1.2047235e+02
   9.9967861e+00   5.8174707e+01   8.2882315e+01   9.4165118e+00   1.5026016e+01   6.1530890e+00   1.3053684e+01   1.3957544e+00   4.2959527e+00   3.2917130e+00   1.1664019e+01   1.0342204e+00   1.7587705e+01   9.7676818e-01   7.4912273e+01   4.6570359e+01   1.3477039e+02   1.5099004e+01   2.5728344e+01   2.6443896e+01   1.3043414e+02   4.2692123e+01   1.6415830e+01   9.8641010e-01   1.0781199e+00   2.0856569e+00   1.7331463e+00   6.6010179e-01   1.2692657e+01   5.5159683e+00
   9.9967861e+00   2.2974767e+01   3.2446928e+01   4.4833151e+00   1.0212968e+00   1.0993562e+00   1.4302644e+00   8.9427679e-01   1.6074693e+00   3.2917130e+00   4.8291030e+00   1.0342204e+00   1.7831284e+00   9.7676818e-01   1.3024453e+00   4.6365132e+01   4.1391024e+01   1.1005561e+01   1.2133688e+01   6.8636447e-01   1.1046443e+00   3.6030309e+01   5.7860544e-01   9.8641010e-01   6.4661788e-01   1.4354755e+00   1.7327592e+00   6.6010179e-01   1.6408801e+00   2.0856735e+00
   4.0742854e-01   3.3403108e+00   3.8348625e+00   8.1500145e-01   4.8275447e-01   1.0993562e+00   5.2761599e-01   3.2428426e-01   1.3269924e+00   3.2239779e+00   1.1718511e+00   1.0342204e+00   9.6820811e-01   3.1921398e-01   5.0970685e-01   4.1770578e-01   7.5535731e-01   7.8892288e-01   1.3187662e+00   6.8636447e-01   1.1046443e+00   1.2525522e+00   5.7860544e-01   6.0140787e-01   6.3916352e-01   3.8781226e-01   7.7834294e-01   8.4224057e-02   3.3993980e-01   6.0211874e-01
   6.9340807e-02   2.0872615e-01   1.2333603e-01   2.8735299e-01   4.3904125e-02   2.1061993e-01   1.6512240e-01   1.1533761e-01   2.3019484e-01   2.0178716e-01   2.4251982e-01   3.0467147e-01   3.7316456e-01   1.7997545e-01   2.9059176e-01   3.6269049e-01   1.1645788e-01   4.7298039e-01   3.0947392e-02   1.1298689e-01   3.2401707e-01   2.3565580e-01   6.3174454e-02   2.5140153e-01   4.3457329e-01   1.1303637e-01   2.3294784e-01   8.2361027e-02   3.3863701e-01   2.8131730e-01
