   2.1913869e+02   2.5497134e+02   2.1492284e+02   2.5863759e+02   2.4015196e+02   2.4861580e+02   2.5931266e+02   2.3574445e+02   2.6584879e+02   2.5130976e+02   2.4914044e+02   2.5827404e+02   2.5795413e+02   2.6375419e+02   2.4956170e+02   2.6848297e+02   2.4819956e+02   2.5404010e+02   2.2139076e+02   2.2606746e+02   2.4534970e+02   2.4902813e+02   2.5612211e+02   2.3749446e+02   2.6367972e+02   2.6709992e+02   2.3981155e+02   2.4929921e+02   2.2674441e+02   2.3498052e+02
   2.1913869e+02   2.5497134e+02   2.1492284e+02   2.5863759e+02   2.4015196e+02   2.4861580e+02   2.5931266e+02   2.3574445e+02   2.6584879e+02   2.5130976e+02   2.4914044e+02   2.5827404e+02   2.5795413e+02   2.6375419e+02   2.4956170e+02   2.6848297e+02   2.4819956e+02   2.5404010e+02   2.2139076e+02   2.2606746e+02   2.4534970e+02   2.4902813e+02   2.5612211e+02   2.3749446e+02   2.6367972e+02   2.6709992e+02   2.3981155e+02   2.4929921e+02   2.2674441e+02   2.3498052e+02
   2.1913869e+02   2.3452764e+02   2.1215179e+02   2.5863759e+02   2.4015196e+02   2.3137305e+02   2.2137160e+02   2.1647166e+02   2.6498777e+02   2.3244241e+02   2.4467953e+02   2.5194308e+02   2.4458879e+02   2.5413783e+02   2.4230083e+02   2.4747217e+02   2.4819956e+02   2.5388489e+02   2.2139076e+02   2.2606746e+02   2.0697413e+02   2.3424692e+02   2.3484786e+02   2.3749446e+02   2.0305222e+02   2.6223021e+02   2.3981155e+02   2.3510587e+02   2.2674441e+02   2.3498052e+02
   2.1913869e+02   2.3410438e+02   2.1215179e+02   2.4892672e+02   2.4015196e+02   2.3137305e+02   2.2137160e+02   2.1647166e+02   2.2904676e+02   2.2477320e+02   2.3627420e+02   2.1340108e+02   2.4458879e+02   2.3477691e+02   2.4230083e+02   2.4412599e+02   2.3286069e+02   2.2531330e+02   2.2139076e+02   2.2165030e+02   2.0697413e+02   2.1323125e+02   2.2077346e+02   1.8163397e+02   2.0305222e+02   2.2816667e+02   2.3981155e+02   2.1710269e+02   2.2671548e+02   2.2344620e+02
   2.1022205e+02   2.3410438e+02   2.0916285e+02   2.2784549e+02   2.3065319e+02   2.3137305e+02   2.2123450e+02   2.1647166e+02   2.2904676e+02   2.2477320e+02   2.3627420e+02   2.1340108e+02   2.2763687e+02   2.2930124e+02   2.1858245e+02   2.0479378e+02   2.0964673e+02   2.1741073e+02   2.2139076e+02   2.2165030e+02   1.9907741e+02   2.0030927e+02   2.2077346e+02   1.7981976e+02   2.0305222e+02   2.2266362e+02   2.3622402e+02   2.1710269e+02   2.1887773e+02   2.2344620e+02
   1.8658213e+02   2.0475566e+02   2.0916285e+02   2.0903034e+02   2.1339914e+02   2.1793755e+02   2.1539986e+02   1.9925562e+02   1.7079268e+02   1.8462352e+02   2.0441443e+02   2.1105962e+02   2.0925944e+02   2.0371100e+02   2.1213825e+02   2.0479378e+02   1.9914695e+02   2.0315156e+02   2.0488045e+02   1.9246130e+02   1.9080063e+02   1.8723500e+02   1.8403062e+02   1.7448155e+02   2.0305222e+02   1.9169927e+02   1.7459291e+02   2.0117564e+02   2.0280961e+02   2.2323035e+02
   1.8658213e+02   1.9440643e+02   1.9278532e+02   1.9684690e+02   1.9732549e+02   2.1322402e+02   1.9444124e+02   1.5026491e+02   1.7079268e+02   1.8244640e+02   1.8056737e+02   1.8373994e+02   2.0318078e+02   1.9235211e+02   1.9801012e+02   1.9412791e+02   1.9842342e+02   2.0106084e+02   1.9144567e+02   1.9243069e+02   1.7505405e+02   1.8575543e+02   1.7655970e+02   1.7448155e+02   1.8965498e+02   1.7433385e+02   1.6895367e+02   1.9423393e+02   1.7862140e+02   1.8523634e+02
   1.8272242e+02   1.7730662e+02   1.6468308e+02   1.7716312e+02   1.7954440e+02   1.9380583e+02   1.7336081e+02   1.3590933e+02   1.7079268e+02   1.6852700e+02   1.6378928e+02   1.5964475e+02   1.5710775e+02   1.8678403e+02   1.8842609e+02   1.6282954e+02   1.9354429e+02   1.6891303e+02   1.8531071e+02   1.7920760e+02   1.7505405e+02   1.6906301e+02   1.6732682e+02   1.5685798e+02   1.6733730e+02   1.6207918e+02   1.6895367e+02   1.7193241e+02   1.7297466e+02   1.6964889e+02
   1.5681776e+02   1.5093259e+02   1.5323184e+02   1.5188139e+02   1.4953256e+02   1.5295870e+02   1.3899937e+02   1.1211242e+02   1.6603124e+02   1.4049351e+02   1.2672153e+02   1.4803844e+02   1.3609516e+02   1.6796146e+02   1.6282736e+02   1.4033043e+02   1.6079568e+02   1.5526579e+02   1.4292916e+02   1.6186553e+02   1.3238260e+02   1.4602130e+02   1.4555851e+02   1.4175081e+02   1.5691333e+02   1.1649066e+02   1.5067902e+02   1.5718399e+02   1.4979299e+02   1.5442212e+02
   1.3103217e+02   1.3026451e+02   1.3141468e+02   1.2503014e+02   1.2289420e+02   1.3330473e+02   1.1431040e+02   1.0895530e+02   1.3608546e+02   1.3010911e+02   1.1785951e+02   1.2734392e+02   1.2259811e+02   1.3232214e+02   1.2887854e+02   1.2954157e+02   1.3556067e+02   1.2950421e+02   1.4276818e+02   1.3560808e+02   9.1409592e+01   1.2742550e+02   1.1752112e+02   1.1443458e+02   1.1586254e+02   1.0288952e+02   1.3188139e+02   1.2957517e+02   1.2013506e+02   1.1813424e+02
   8.8625191e+01   1.0691025e+02   1.0484497e+02   1.1157499e+02   9.9934673e+01   1.2266540e+02   9.4580980e+01   9.2534049e+01   1.0263532e+02   1.1303761e+02   9.5934970e+01   1.0788808e+02   1.1286062e+02   1.1620747e+02   1.1800311e+02   1.1668919e+02   1.0911983e+02   1.0036895e+02   1.1283204e+02   1.0907403e+02   7.6694223e+01   9.9315272e+01   1.0535735e+02   7.1292648e+01   1.0593939e+02   8.4425996e+01   1.0608732e+02   1.0995037e+02   9.5567048e+01   1.1384097e+02
   6.6979672e+01   9.1436598e+01   9.2517062e+01   5.4475348e+01   8.1160863e+01   9.3073399e+01   7.2171704e+01   6.9924814e+01   9.6731984e+01   8.8239090e+01   7.8177495e+01   9.6232182e+01   9.1896015e+01   9.0129671e+01   9.1001451e+01   9.2451122e+01   9.3036239e+01   8.3553728e+01   9.5578443e+01   1.0092745e+02   7.0535058e+01   8.7225932e+01   8.8821310e+01   6.6762232e+01   8.6732487e+01   7.1843525e+01   9.1381550e+01   8.8636584e+01   6.6073096e+01   9.7320555e+01
   6.5690081e+01   8.2847607e+01   7.9329522e+01   4.5368680e+01   6.1048641e+01   8.2941462e+01   6.1062851e+01   5.1708322e+01   7.3953506e+01   6.9447151e+01   6.3584691e+01   7.8229284e+01   8.3799116e+01   7.3586181e+01   8.2383739e+01   7.5113011e+01   7.5010685e+01   7.2474367e+01   8.3742854e+01   9.3855383e+01   6.0581714e+01   7.9345398e+01   7.6263046e+01   6.3833367e+01   7.5836129e+01   6.5421271e+01   7.7414771e+01   7.4059951e+01   6.5139435e+01   7.5320799e+01
   5.5112408e+01   6.3962883e+01   5.7683225e+01   3.9815754e+01   5.0568563e+01   6.9338745e+01   5.6032020e+01   4.9351178e+01   6.0286728e+01   6.6765137e+01   5.8949706e+01   5.6733246e+01   7.4486518e+01   6.7618350e+01   7.7831926e+01   6.7819350e+01   6.9946611e+01   6.9814534e+01   6.3544704e+01   7.6838795e+01   5.3857042e+01   6.9796365e+01   6.8710774e+01   5.7280995e+01   5.7591526e+01   5.7855079e+01   7.2500298e+01   6.4555160e+01   5.9216299e+01   6.9278515e+01
   4.9422025e+01   5.5174792e+01   5.1623341e+01   3.3432966e+01   4.6984681e+01   6.4964843e+01   5.0143092e+01   4.0591485e+01   5.2297749e+01   5.9667289e+01   5.0469656e+01   5.2821189e+01   6.0351809e+01   6.1859034e+01   6.7689176e+01   5.5147874e+01   6.0863232e+01   6.3138642e+01   5.4224427e+01   5.6999261e+01   4.9702175e+01   5.6196279e+01   4.9579250e+01   5.5063735e+01   5.3552492e+01   5.2310991e+01   6.3538646e+01   6.0633214e+01   5.1831868e+01   5.6506383e+01
   4.7757924e+01   5.3727633e+01   4.2783179e+01   3.1838624e+01   3.4823512e+01   5.8702458e+01   4.7757883e+01   3.8803343e+01   5.0742760e+01   5.7707403e+01   4.2783139e+01   5.1737760e+01   5.5717606e+01   4.5768026e+01   5.7707509e+01   5.0742801e+01   5.8702458e+01   4.9747882e+01   5.2732754e+01   4.9747882e+01   4.0793281e+01   5.4722667e+01   4.1788139e+01   5.0742801e+01   5.0742740e+01   4.6762970e+01   6.1687153e+01   5.0878420e+01   3.4823512e+01   5.1737714e+01
