   3.3913894e+03   3.6085680e+03   3.6996419e+03   3.6653819e+03   3.3674443e+03   3.2952409e+03   3.5645610e+03   3.6785247e+03   3.4775951e+03   3.6272348e+03   3.2794801e+03   3.7273076e+03   3.5379346e+03   3.6854321e+03   3.5225040e+03   3.5427844e+03   3.3548022e+03   3.7454099e+03   3.4082685e+03   3.5320002e+03   3.7980986e+03   3.8223604e+03   3.5508467e+03   3.5052311e+03   3.5416454e+03   3.1611420e+03   2.8618873e+03   3.5699917e+03   3.4719883e+03   3.3197520e+03
   3.3913894e+03   3.4258151e+03   3.2034813e+03   3.2415563e+03   3.3270755e+03   3.1592540e+03   3.4863663e+03   3.1824302e+03   3.4775951e+03   3.2899106e+03   3.2794801e+03   3.6249683e+03   3.3995318e+03   3.6854321e+03   3.4056408e+03   3.4061604e+03   3.2711598e+03   3.3065478e+03   3.4082685e+03   3.5137324e+03   3.5891433e+03   3.3717709e+03   3.5508467e+03   3.2279035e+03   3.5416454e+03   3.1611420e+03   2.8618873e+03   3.4491388e+03   3.4719883e+03   3.2577143e+03
   3.3913894e+03   3.4258151e+03   3.2034813e+03   3.2415563e+03   3.3270755e+03   3.1592540e+03   3.4863663e+03   3.1824302e+03   3.4775951e+03   3.2899106e+03   3.2794801e+03   3.6249683e+03   3.3995318e+03   3.6854321e+03   3.4056408e+03   3.4061604e+03   3.2711598e+03   3.3065478e+03   3.4082685e+03   3.5137324e+03   3.5891433e+03   3.3717709e+03   3.5508467e+03   3.2279035e+03   3.5416454e+03   3.1611420e+03   2.8618873e+03   3.4491388e+03   3.4719883e+03   3.2577143e+03
   3.3913894e+03   2.4011531e+03   3.2034813e+03   2.6703042e+03   3.3270755e+03   2.8434677e+03   3.1703008e+03   2.9599098e+03   3.1565857e+03   3.0222789e+03   2.4018336e+03   3.5344341e+03   3.2616843e+03   3.4352463e+03   3.2938353e+03   3.1738942e+03   2.7860986e+03   3.3065478e+03   3.4007845e+03   3.3455351e+03   3.3853571e+03   2.5911408e+03   2.8953654e+03   2.9610101e+03   3.0208068e+03   2.5139396e+03   2.7522689e+03   3.0692497e+03   3.0954386e+03   3.1623716e+03
   3.2539822e+03   2.4011531e+03   2.9854316e+03   2.0140830e+03   3.0889832e+03   2.3124165e+03   3.1354872e+03   2.7856207e+03   3.1497069e+03   2.8578967e+03   2.4018336e+03   3.4005553e+03   3.1199503e+03   2.9870728e+03   3.2711299e+03   3.0609186e+03   2.6055213e+03   1.9150521e+03   3.3702836e+03   3.3455351e+03   3.0381358e+03   2.1814553e+03   2.8953654e+03   2.9448031e+03   3.0048093e+03   2.5139396e+03   2.6920472e+03   2.9872715e+03   2.8794477e+03   3.1623716e+03
   2.5159823e+03   2.3975863e+03   2.7176739e+03   2.0140830e+03   2.7407601e+03   2.3124165e+03   2.3475128e+03   2.7856207e+03   2.6924237e+03   2.3006415e+03   2.3429120e+03   2.4715110e+03   2.8519527e+03   2.8627817e+03   2.4037915e+03   2.9904321e+03   2.6055213e+03   1.9150521e+03   3.0487844e+03   2.5471574e+03   2.3151425e+03   2.1814553e+03   2.3106841e+03   2.1213612e+03   2.1396696e+03   2.5139396e+03   2.3954114e+03   2.9117056e+03   2.5016326e+03   2.7395736e+03
   1.6330514e+03   1.9587051e+03   1.5648745e+03   2.0140830e+03   2.5528203e+03   2.0515628e+03   2.3475128e+03   2.1129705e+03   2.3342949e+03   2.0244252e+03   2.3429120e+03   2.1762543e+03   1.8219060e+03   2.6336337e+03   1.9320513e+03   2.1000965e+03   2.3976750e+03   1.7685780e+03   2.2789417e+03   1.9191385e+03   2.1485669e+03   2.0972194e+03   2.0717556e+03   2.1213612e+03   2.1396696e+03   2.3729771e+03   1.7766909e+03   2.2210515e+03   1.3775294e+03   2.4416192e+03
   1.3787990e+03   1.7621534e+03   1.5648745e+03   1.4967727e+03   1.8798997e+03   1.8964123e+03   1.6715355e+03   1.7529499e+03   2.1333331e+03   1.7506361e+03   1.9454146e+03   2.1485582e+03   1.8078687e+03   1.9285474e+03   1.9320513e+03   1.7639631e+03   1.9059913e+03   1.7685780e+03   1.3402466e+03   1.9191385e+03   1.9067242e+03   1.4921531e+03   1.7752288e+03   1.8930000e+03   2.0894727e+03   1.7518562e+03   1.7766909e+03   1.9468681e+03   1.3775294e+03   1.7244991e+03
   1.3787990e+03   1.4440935e+03   1.3533857e+03   1.2400447e+03   1.5508207e+03   1.4668995e+03   1.2425023e+03   1.5579974e+03   1.6746150e+03   1.4243893e+03   1.2012791e+03   1.5150440e+03   1.5953943e+03   1.6315154e+03   1.1393194e+03   1.6929320e+03   1.3097953e+03   1.6374519e+03   1.2863179e+03   1.3377775e+03   1.5916892e+03   1.2907825e+03   1.6587162e+03   1.5332342e+03   1.6633278e+03   1.5241037e+03   1.4152681e+03   1.1698072e+03   1.2922181e+03   1.3322013e+03
   1.0546376e+03   1.2351622e+03   9.9572751e+02   1.0962223e+03   9.3908044e+02   1.1322945e+03   1.1066073e+03   9.0635771e+02   1.1920402e+03   1.0555862e+03   9.1079545e+02   1.0758413e+03   1.0590115e+03   1.0842153e+03   1.0737768e+03   1.2417778e+03   9.2917480e+02   9.6712548e+02   1.1098752e+03   1.0961082e+03   1.0730385e+03   1.1074120e+03   9.4511159e+02   1.0052356e+03   1.1281846e+03   1.0816789e+03   1.3206399e+03   9.3866931e+02   1.1302309e+03   1.1170543e+03
   6.0248261e+02   7.5580797e+02   7.6452023e+02   5.2988255e+02   8.3261534e+02   7.6711805e+02   7.2646651e+02   4.1086959e+02   6.6118652e+02   8.6518031e+02   6.5299767e+02   8.5583442e+02   6.0692767e+02   7.3622235e+02   6.1588093e+02   8.4572303e+02   8.5497196e+02   8.6767153e+02   7.1781522e+02   7.3796949e+02   6.7759712e+02   7.0683373e+02   8.0248870e+02   6.6195597e+02   7.4256622e+02   8.0482092e+02   7.7300149e+02   6.5893423e+02   5.0217024e+02   6.8812085e+02
   3.6898268e+02   5.0852602e+02   4.8385975e+02   3.7362906e+02   3.9009260e+02   4.6682375e+02   2.5845141e+02   2.2115327e+02   3.9709606e+02   5.5500782e+02   5.3051206e+02   4.7870386e+02   4.6949315e+02   5.7903934e+02   4.6174017e+02   4.6060316e+02   3.4288870e+02   3.6750522e+02   4.3421354e+02   3.9478492e+02   4.1951867e+02   3.5757693e+02   4.0240816e+02   4.0855846e+02   4.6728136e+02   4.9258278e+02   4.2491286e+02   4.6615298e+02   3.8045148e+02   4.8450481e+02
   1.8271530e+02   3.2890929e+02   3.7022311e+02   1.8558554e+02   2.9849319e+02   2.6316654e+02   1.9847154e+02   1.9629079e+02   2.8495978e+02   3.7520534e+02   4.0458392e+02   3.1705680e+02   2.7974626e+02   2.7054017e+02   2.7075062e+02   2.7749725e+02   3.0285167e+02   2.0610963e+02   2.7369766e+02   2.9424725e+02   2.3618905e+02   2.2648600e+02   2.9365935e+02   3.8780151e+02   2.6559532e+02   2.8970418e+02   2.6074530e+02   2.5980019e+02   3.4245842e+02   2.8910753e+02
   9.6232883e+01   2.2391014e+02   2.3841270e+02   1.6373126e+02   1.5078346e+02   1.9049702e+02   1.3008113e+02   1.8331493e+02   1.8373681e+02   2.1806333e+02   2.2227876e+02   2.2810330e+02   6.8629642e+01   1.5614346e+02   1.5812128e+02   1.4979311e+02   2.0184800e+02   9.0384031e+01   2.4984674e+02   1.7793570e+02   2.0007915e+02   2.1975732e+02   2.0598910e+02   1.8691759e+02   1.9189492e+02   1.7708620e+02   2.3167308e+02   1.9034346e+02   1.9656860e+02   2.3669733e+02
   5.0310066e+01   1.5766633e+02   6.0401986e+01   8.3955272e+01   4.5915685e+01   5.9349883e+01   5.5338131e+01   7.0486989e+01   1.1166614e+02   5.6279811e+01   6.0349023e+01   7.0987905e+01   5.6735272e+01   1.3169106e+02   6.7748988e+01   6.3662310e+01   3.0558122e+01   4.2350026e+01   6.4009931e+01   4.5129448e+01   6.2431907e+01   7.2614026e+01   9.3351469e+01   9.0231669e+01   9.5266976e+01   4.3416060e+01   1.0364458e+02   5.8634695e+01   3.9777704e+01   1.2804464e+02
   2.0818697e-01   1.6654958e-01   2.4982436e-01   2.4982436e-01   2.0818697e-01   4.5534012e+00   2.0818697e-01   2.0818697e-01   2.9146176e-01   2.4982436e-01   2.4016128e+00   2.0818697e-01   2.0818697e-01   1.6654958e-01   1.2491218e-01   2.0818697e-01   2.5265250e+00   1.6654958e-01   8.3274788e-02   1.6654958e-01   1.6654958e-01   4.5950386e+00   2.3599754e+00   1.2491218e-01   1.2491218e-01   2.3183380e+00   2.9146176e-01   2.3599754e+00   2.4432502e+00   1.2491218e-01
