   1.8993058e+03   2.0917033e+03   3.3657346e+03   2.4426128e+03   1.4819601e+03   1.9489706e+03   2.6809879e+03   2.0493915e+03   2.7181380e+03   3.0172857e+03   2.7735492e+03   2.0681041e+03   2.6894776e+03   1.6500008e+03   2.4710058e+03   3.0479590e+03   2.4085720e+03   2.4100134e+03   2.6380920e+03   1.8220663e+03   2.8858929e+03   2.6623406e+03   2.9839479e+03   1.4659113e+03   2.5953391e+03   2.5995868e+03   1.5263109e+03   1.7342911e+03   2.0464447e+03   2.7030342e+03
   1.8993058e+03   1.9996903e+03   3.2278053e+03   2.4048200e+03   1.4011459e+03   1.9479391e+03   2.6809879e+03   2.0493915e+03   2.7181380e+03   2.9812364e+03   2.7735492e+03   1.7274410e+03   2.6894776e+03   1.6500008e+03   2.0876191e+03   3.0407425e+03   2.4085720e+03   2.4100134e+03   2.4432832e+03   1.8220663e+03   2.8858929e+03   2.6391924e+03   2.0698214e+03   1.4659113e+03   2.5953391e+03   2.1198917e+03   1.5263109e+03   1.7342911e+03   2.0464447e+03   2.5970115e+03
   1.8993058e+03   1.9996903e+03   3.2278053e+03   2.4048200e+03   1.4011459e+03   1.9479391e+03   2.6809879e+03   2.0493915e+03   2.7181380e+03   2.9812364e+03   2.7735492e+03   1.7274410e+03   2.6894776e+03   1.6500008e+03   2.0876191e+03   3.0407425e+03   2.4085720e+03   2.4100134e+03   2.4432832e+03   1.8220663e+03   2.8858929e+03   2.6391924e+03   2.0698214e+03   1.4659113e+03   2.5953391e+03   2.1198917e+03   1.5263109e+03   1.7342911e+03   2.0464447e+03   2.5970115e+03
   1.5569971e+03   1.9996903e+03   3.0580562e+03   2.2474092e+03   1.4011459e+03   1.9192707e+03   2.6809879e+03   2.0443339e+03   2.5152024e+03   2.9450511e+03   2.3333004e+03   1.7274410e+03   2.2615616e+03   1.6500008e+03   2.0688000e+03   2.2386325e+03   2.3643901e+03   1.7871247e+03   2.2789360e+03   1.8220663e+03   2.4212611e+03   2.1900507e+03   2.0698214e+03   1.4659113e+03   2.5953391e+03   1.8631853e+03   1.5263109e+03   1.3488072e+03   1.6853809e+03   2.4790786e+03
   1.5528611e+03   1.9996903e+03   2.4672181e+03   1.7760599e+03   1.4011459e+03   1.9192707e+03   2.4516929e+03   1.0000001e+02   2.5152024e+03   2.8819766e+03   2.2821926e+03   1.7274410e+03   1.3814755e+03   1.6162107e+03   1.8315799e+03   1.0000000e+02   2.3643901e+03   1.5861686e+03   2.2406908e+03   9.5317543e+02   1.7034180e+03   2.1032964e+03   1.9611039e+03   1.4659113e+03   2.0179951e+03   1.8631853e+03   1.5263109e+03   1.2899885e+03   1.6853809e+03   2.2065282e+03
   1.5017959e+03   1.8401578e+03   2.0434503e+03   1.1824337e+03   1.3794329e+03   7.9295352e+02   1.8312534e+03   1.0000001e+02   2.1509770e+03   1.1681372e+03   2.0602266e+03   1.5785348e+03   1.1851944e+03   1.5557691e+03   1.4280414e+03   1.0000000e+02   1.5756898e+03   1.3554411e+03   2.1781891e+03   9.2420199e+02   1.6138310e+03   1.3816529e+03   1.5776858e+03   9.2438078e+02   1.0000001e+02   1.3045526e+03   1.0052039e+02   1.1559526e+03   1.3490229e+03   1.9447852e+03
   1.0387771e+03   9.1122791e+02   7.3839157e+02   1.1640304e+03   1.0196444e+03   9.0830442e+01   1.2310919e+03   1.0000001e+02   1.2000112e+03   1.1144592e+03   1.3017081e+03   1.2094101e+03   9.8110161e+02   7.3701643e+02   1.1614944e+03   1.0000000e+02   1.1050673e+03   1.0509761e+03   7.9165247e+02   8.5734350e+02   1.2564608e+03   1.1177803e+03   8.3214412e+02   6.2916783e+02   1.0000001e+02   1.1955220e+03   1.0052039e+02   9.7207307e+02   8.2488907e+02   8.1601579e+02
   1.0100874e+02   4.1057064e+02   6.6698872e+02   6.5081778e+02   6.4991926e+02   9.0830442e+01   5.5653618e+02   1.0000001e+02   7.5834270e+02   7.4609792e+02   6.8355128e+02   7.0384651e+02   3.2128801e+02   5.5985479e+02   7.2351986e+02   1.0000000e+02   4.4987895e+02   5.9606002e+02   6.7991093e+02   6.2821130e+02   6.8805390e+02   4.9991262e+02   4.4256944e+02   6.2916783e+02   1.0000001e+02   7.4659323e+02   1.0052039e+02   6.8077165e+02   6.8849164e+02   7.2369058e+02
   1.0100874e+02   2.5982303e+02   3.0317397e+02   3.3508527e+02   2.8904393e+02   9.0830442e+01   2.7302618e+02   1.0000001e+02   4.0144624e+02   4.0648227e+02   3.2759158e+02   2.7442469e+02   2.5122718e+02   4.1291877e+02   3.3937480e+02   1.0000000e+02   4.1003218e+02   3.7468929e+02   3.1386544e+02   3.2750579e+02   2.8342685e+02   3.8769020e+02   2.2993407e+02   3.0946615e+02   1.0000001e+02   3.2053760e+02   1.0052039e+02   3.2731603e+02   2.9528278e+02   2.6167530e+02
   1.0100874e+02   1.8271549e+02   1.6415783e+02   1.7242655e+02   2.0061645e+02   7.2111958e+01   1.4633216e+02   1.0000001e+02   1.9714916e+02   1.8982729e+02   2.1152992e+02   1.8931403e+02   1.9712663e+02   1.9531264e+02   1.7871306e+02   1.0000000e+02   1.9114640e+02   1.9883215e+02   1.9893367e+02   1.5930284e+02   1.7947030e+02   1.7896460e+02   1.6041539e+02   1.8936988e+02   1.0000001e+02   1.5581106e+02   1.0052039e+02   1.8172982e+02   2.0925559e+02   1.6489728e+02
   1.0100874e+02   9.3494073e+01   1.2855583e+02   1.1868052e+02   1.1743472e+02   7.1818079e+01   1.1093953e+02   1.0000001e+02   1.2490205e+02   1.2805284e+02   1.3752485e+02   1.2841943e+02   1.1516641e+02   1.2835070e+02   1.2652596e+02   1.0000000e+02   1.3679121e+02   1.1231389e+02   1.3345781e+02   1.2616419e+02   1.1938697e+02   1.2471417e+02   1.3357059e+02   1.3091569e+02   1.0000001e+02   1.2118827e+02   1.0052039e+02   1.1811358e+02   1.2497811e+02   7.6548862e+01
   1.0100874e+02   6.1217736e+01   7.5117950e+01   7.8198095e+01   8.2188473e+01   7.1818079e+01   6.3340187e+01   1.0000001e+02   1.0098367e+02   1.0938848e+02   8.6389797e+01   1.1360507e+02   7.6545085e+01   1.1583027e+02   9.6852863e+01   1.0000000e+02   8.0568581e+01   6.8817062e+01   1.1718924e+02   8.2641306e+01   7.5225128e+01   9.2737731e+01   8.3543544e+01   8.3181585e+01   1.0000001e+02   6.9782719e+01   7.8105092e+01   8.1750673e+01   8.2329323e+01   5.8002056e+01
   7.9127366e+01   4.3594006e+01   6.8026706e+01   7.0701855e+01   5.6026626e+01   6.0660320e+01   5.1246564e+01   7.1979356e+01   6.5447695e+01   9.9792297e+01   6.2500077e+01   8.1729704e+01   5.4898842e+01   6.4825023e+01   7.1213715e+01   8.3927221e+01   6.8133127e+01   5.4715666e+01   8.3129112e+01   6.5230755e+01   5.2095869e+01   5.4102421e+01   5.1769745e+01   6.9363195e+01   7.4732605e+01   5.2913934e+01   5.9831889e+01   4.8172237e+01   6.0909116e+01   4.2211007e+01
   5.2044388e+01   3.6473906e+01   5.7927480e+01   4.9128635e+01   4.6307472e+01   3.6684526e+01   2.7597554e+01   4.6228292e+01   4.3280586e+01   6.3012470e+01   3.8494570e+01   3.9943310e+01   4.5028738e+01   5.6002610e+01   4.6474795e+01   4.4946046e+01   1.0472223e+01   3.8065681e+01   5.4916965e+01   4.6614474e+01   3.2256560e+00   3.9051257e+01   3.3832257e+01   5.1368138e+01   5.4932958e+01   4.3359756e+01   4.1995023e+01   4.1909694e+01   4.0141939e+01   3.9419537e+01
   1.2356768e+01   1.2356768e+01   0.0000000e+00   0.0000000e+00   1.2356768e+01   0.0000000e+00   0.0000000e+00   0.0000000e+00   0.0000000e+00   0.0000000e+00   0.0000000e+00   2.1500241e+01   0.0000000e+00   0.0000000e+00   0.0000000e+00   1.2356768e+01   0.0000000e+00   0.0000000e+00   0.0000000e+00   1.2356768e+01   0.0000000e+00   0.0000000e+00   0.0000000e+00   1.2012151e-08   2.6629304e+01   0.0000000e+00   0.0000000e+00   0.0000000e+00   0.0000000e+00   0.0000000e+00
   1.2356768e+01   1.2356768e+01   0.0000000e+00   0.0000000e+00   1.2356768e+01   0.0000000e+00   0.0000000e+00   0.0000000e+00   0.0000000e+00   0.0000000e+00   0.0000000e+00   2.1500241e+01   0.0000000e+00   0.0000000e+00   0.0000000e+00   1.2356768e+01   0.0000000e+00   0.0000000e+00   0.0000000e+00   1.2356768e+01   0.0000000e+00   0.0000000e+00   0.0000000e+00   0.0000000e+00   2.6629304e+01   0.0000000e+00   0.0000000e+00   0.0000000e+00   0.0000000e+00   0.0000000e+00
