   5.3260542e+06   1.5760836e+06   5.9343547e+06   1.0937307e+07   1.3696633e+07   1.0752008e+07   1.4210813e+07   6.4783905e+06   6.2965532e+06   7.4536861e+06   4.1962813e+06   2.5936244e+07   8.2598482e+05   1.5984004e+07   9.1443293e+06   1.1871411e+07   1.1161123e+07   6.5356833e+06   8.2538288e+06   8.6038094e+06   5.8510532e+06   8.9762656e+06   8.9303422e+06   8.1165653e+06   1.3169095e+07   4.9476632e+06   1.5507837e+07   9.7952006e+06   5.7628349e+06   1.7518776e+07
   5.3260542e+06   1.5758950e+06   4.0688277e+06   8.9792197e+06   1.2657821e+07   1.0751915e+07   1.4210813e+07   6.4783905e+06   6.2965532e+06   7.4536861e+06   4.1962813e+06   1.0905467e+07   8.2356464e+05   1.5983435e+07   9.1428034e+06   1.0436068e+07   1.1160631e+07   6.5356833e+06   8.2537293e+06   8.6035395e+06   5.8510532e+06   8.9760846e+06   8.9303422e+06   7.0598216e+06   9.2283704e+06   4.8026137e+06   1.5507837e+07   9.7952006e+06   5.7628349e+06   1.3462419e+07
   5.3260542e+06   1.5758950e+06   4.0688277e+06   8.9792197e+06   1.2657821e+07   1.0751915e+07   1.4210813e+07   6.4783905e+06   6.2965532e+06   7.4536861e+06   4.1962813e+06   1.0905467e+07   8.2356464e+05   1.5983435e+07   9.1428034e+06   1.0436068e+07   1.1160631e+07   6.5356833e+06   8.2537293e+06   8.6035395e+06   5.8510532e+06   8.9760846e+06   8.9303422e+06   7.0598216e+06   9.2283704e+06   4.8026137e+06   1.5507837e+07   9.7952006e+06   5.7628349e+06   1.3462419e+07
   5.3260542e+06   5.7686547e+02   4.0688277e+06   1.0008333e+03   1.2657821e+07   4.3686382e+06   2.4595560e+06   6.4782533e+06   6.2965532e+06   7.3918629e+06   1.0945587e+03   5.5950104e+06   8.2356464e+05   9.0569130e+06   9.1428034e+06   1.0434381e+07   3.7508127e+02   5.3677979e+06   8.2532981e+06   8.3344235e+06   5.8510532e+06   1.1815793e+03   8.8784996e+06   7.0598216e+06   4.2939471e+06   1.0425033e+03   1.1522354e+07   9.7951475e+06   4.9087782e+06   9.6574201e+06
   5.3260542e+06   5.7686547e+02   4.0646664e+06   6.7391134e+02   3.3918723e+06   5.0376485e+02   2.4595560e+06   6.9892138e+02   6.2965532e+06   3.8749359e+06   1.0945587e+03   5.5941922e+06   8.2356464e+05   9.0569130e+06   7.1132486e+06   1.0101500e+03   3.7508127e+02   6.6520763e+02   8.2532981e+06   8.3344235e+06   5.8476391e+06   1.1815793e+03   2.7141651e+06   7.0598216e+06   2.9459795e+06   1.0425033e+03   8.9367102e+02   9.7951475e+06   4.9087782e+06   5.6243138e+06
   1.9846231e+06   5.7686547e+02   4.0642465e+06   6.7391134e+02   2.3159774e+06   5.0376485e+02   8.8220206e+02   6.9892138e+02   2.3223069e+06   8.0222891e+02   6.0476787e+02   5.5892358e+06   8.2282430e+05   3.7715508e+06   7.1092219e+06   1.0101500e+03   3.7508127e+02   6.6520763e+02   8.2478439e+06   7.2797643e+02   7.0441018e+02   9.3190542e+02   7.2039638e+02   7.0597747e+06   7.5212650e+02   1.0425033e+03   8.9367102e+02   7.4768349e+06   4.0740117e+06   2.3886051e+06
   8.8346290e+05   5.7686547e+02   1.8627121e+06   6.7391134e+02   1.6055782e+06   5.0376485e+02   8.8220206e+02   6.9892138e+02   8.1537425e+02   3.3967426e+02   6.0476787e+02   2.4055555e+06   8.2044703e+05   3.9251851e+02   6.1009945e+02   1.0101500e+03   3.7508127e+02   4.9334166e+02   1.8451611e+06   7.2797643e+02   6.4613237e+02   8.8805157e+02   6.4748653e+02   3.9184161e+06   7.5212650e+02   1.0425033e+03   8.4195639e+02   4.1386480e+06   3.1509447e+06   1.0857926e+03
   2.0805856e+02   5.7686547e+02   1.8169689e+02   3.0830346e+02   1.1318342e+06   5.0376485e+02   3.7803014e+02   5.2983246e+02   8.1537425e+02   1.9049522e+02   6.0476787e+02   7.5735950e+02   3.8019138e+02   3.9251851e+02   5.2411076e+02   9.3400477e+02   3.7508127e+02   4.9334166e+02   4.1154050e+02   3.8168577e+02   2.3447709e+02   6.9446599e+02   6.4748653e+02   8.9692107e+02   1.7572749e+02   7.1893247e+02   7.8593029e+02   5.2254549e+02   3.4256899e+02   6.6704147e+02
   1.3231401e+02   5.7686547e+02   1.8169689e+02   3.0830346e+02   1.1315808e+06   2.5663871e+02   3.7803014e+02   5.2983246e+02   5.4386340e+02   1.9049522e+02   5.7758101e+02   6.3981758e+02   2.5966066e+02   3.9251851e+02   3.4722748e+02   4.9214901e+02   3.7508127e+02   3.0025870e+02   3.5332466e+02   3.8168577e+02   2.3447709e+02   2.9615560e+02   5.2030358e+02   3.1715311e+02   1.7572749e+02   7.1893247e+02   3.7744763e+02   4.5471334e+02   3.4256899e+02   6.6704147e+02
   1.3231401e+02   3.1799572e+02   1.8169689e+02   3.0830346e+02   3.6403449e+02   2.5663871e+02   1.3749865e+02   3.6648609e+02   3.4966353e+02   1.9049522e+02   2.8472186e+02   6.2700587e+02   2.5966066e+02   3.9251851e+02   3.4722748e+02   3.9420565e+02   3.7508127e+02   3.0025870e+02   3.0426110e+02   3.5379948e+02   2.3447709e+02   2.9615560e+02   5.2030358e+02   6.9493019e+01   1.7572749e+02   5.6982524e+02   3.7744763e+02   3.1409226e+02   3.4256899e+02   3.9449630e+02
   1.3231401e+02   3.1799572e+02   1.8169689e+02   3.0830346e+02   3.6403449e+02   2.5663871e+02   1.3749865e+02   2.5546415e+02   2.7406612e+02   1.9049522e+02   2.8472186e+02   7.4467728e+01   2.4607825e+02   3.2124894e+02   3.4722748e+02   2.6883088e+02   2.6712508e+02   3.0025870e+02   2.5579143e+02   3.0307546e+02   2.3447709e+02   2.9615560e+02   1.4488396e+02   6.9493019e+01   1.7572749e+02   1.3668036e+02   2.7548168e+02   2.3562566e+02   1.3252388e+02   2.5042867e+02
   1.3231401e+02   1.6336731e+02   5.5455240e+01   3.0830346e+02   3.6403449e+02   2.5663871e+02   1.3749865e+02   2.5546415e+02   1.9928735e+02   1.9049522e+02   9.3511863e+01   7.4467728e+01   1.4044360e+02   8.1852854e+01   2.8248067e+02   2.6883088e+02   2.6712508e+02   3.0025870e+02   2.5579143e+02   1.8915036e+02   1.1017677e+02   9.7329359e+01   1.4488396e+02   6.9493019e+01   1.7572749e+02   1.3668036e+02   1.7525024e+02   2.3562566e+02   1.3252388e+02   2.5042867e+02
   9.4471995e+01   1.4384764e+02   5.5455240e+01   9.1766278e+01   4.7495758e+01   1.3336105e+02   1.3749865e+02   1.5906728e+02   1.4408210e+02   1.2038853e+02   9.3511863e+01   7.4467728e+01   1.4044360e+02   8.1852854e+01   2.1065451e+02   2.4792403e+02   2.3773355e+02   2.2572321e+02   5.2470409e+01   1.5806260e+02   6.9228372e+01   9.7329359e+01   1.4488396e+02   6.9493019e+01   1.3564462e+02   1.3668036e+02   1.7525024e+02   2.0838827e+02   8.8834379e+01   1.6973757e+02
   9.4471995e+01   8.2583181e+01   3.0999609e+01   6.2576041e+01   4.7495758e+01   1.3336105e+02   1.0936719e+02   7.7078965e+01   2.2201248e+01   1.0546360e+02   9.3511863e+01   4.2520970e+01   3.8385102e+01   8.1852854e+01   1.6080309e+02   1.7570717e+02   1.8152482e+02   1.3747588e+02   5.2470409e+01   8.8132283e+01   6.9228372e+01   5.7133040e+01   6.2107688e+01   6.9493019e+01   7.1374524e+01   1.3668036e+02   1.6106776e+02   1.4147846e+02   8.8834379e+01   1.6973757e+02
   2.6917028e+01   3.2313423e+01   3.0999609e+01   4.7107190e+01   2.8142408e+01   2.2470508e+01   5.4955156e+01   4.1938619e+01   2.2201248e+01   2.2045190e+01   4.5896444e+01   4.2520970e+01   3.8385102e+01   4.0044475e+01   4.7966313e+01   5.0253027e+01   3.8258536e+01   4.2364873e+01   5.0048521e+01   4.2797351e+01   4.9707961e+01   4.0318394e+01   5.4849288e+01   2.9240698e+01   3.6522598e+01   5.2921533e+01   2.8248443e+01   4.1261268e+01   3.7049039e+01   5.3677429e+01
   3.4532486e+00   4.1359669e+00   2.3021720e+00   3.1410136e+00   7.1208435e+00   2.4582804e+00   3.9798551e+00   4.6043251e+00   7.2769585e+00   3.6093648e+00   2.4582781e+00   8.9546240e+00   2.3021711e+00   2.4582901e+00   3.1410135e+00   8.4280387e+00   2.3021716e+00   2.1460546e+00   3.1410085e+00   5.4431617e+00   2.3021725e+00   2.1460357e+00   3.2971245e+00   3.1410102e+00   5.2870374e+00   6.2820013e+00   4.2920860e+00   5.1309282e+00   2.3021545e+00   6.4381116e+00
