   8.0951017e+01   8.4671318e+01   9.7755047e+01   6.3677423e+01   9.3400532e+01   8.3289156e+01   7.8545590e+01   7.1435599e+01   7.8650867e+01   8.6995104e+01   8.7045811e+01   9.2970241e+01   9.1561374e+01   8.3321586e+01   9.0412279e+01   6.9256500e+01   9.2203891e+01   7.8478642e+01   8.8245093e+01   7.5712602e+01   7.7288916e+01   9.2345790e+01   6.5424847e+01   9.8006646e+01   8.0364839e+01   9.2921066e+01   6.6877650e+01   7.7858763e+01   8.0398977e+01   9.5864588e+01
   8.0951017e+01   8.4671318e+01   9.7755047e+01   6.3677423e+01   9.3400532e+01   8.3289156e+01   7.8545590e+01   7.1435599e+01   7.8650867e+01   5.4053979e+01   7.4435567e+01   9.2970241e+01   7.7568452e+01   8.3321586e+01   9.0412279e+01   6.9256500e+01   8.7291095e+01   7.2467274e+01   7.8764087e+01   7.5712602e+01   5.5910166e+01   9.2345790e+01   5.4708831e+01   9.8006646e+01   8.0364839e+01   8.7717715e+01   6.6877650e+01   7.7858763e+01   8.0398977e+01   9.0601795e+01
   8.0951017e+01   8.3129896e+01   9.7527857e+01   6.3677423e+01   7.7755503e+01   8.3289156e+01   7.6318302e+01   7.1435599e+01   7.8527075e+01   5.4053979e+01   5.4891734e+01   8.8752846e+01   7.7180847e+01   7.1995087e+01   6.8217434e+01   6.9256500e+01   8.7291095e+01   7.2467274e+01   7.7209651e+01   7.5712602e+01   5.5910166e+01   8.1138470e+01   5.4247539e+01   7.9672815e+01   8.0364839e+01   6.9466342e+01   6.6877650e+01   7.7858763e+01   6.1931431e+01   6.6111865e+01
   7.5114141e+01   8.1988464e+01   8.5410693e+01   6.3677423e+01   7.4511939e+01   7.6497446e+01   7.6318302e+01   7.1088330e+01   7.8527075e+01   5.4053979e+01   5.4891734e+01   8.2872977e+01   6.9569601e+01   7.1995087e+01   6.8217434e+01   6.9256500e+01   8.2276717e+01   6.8229871e+01   7.4013421e+01   7.4487630e+01   5.5910166e+01   7.9050303e+01   5.4247539e+01   7.9672815e+01   7.1337838e+01   6.4357239e+01   6.6877650e+01   6.5767283e+01   6.1931431e+01   6.6111865e+01
   7.2904414e+01   8.0928977e+01   8.3743254e+01   6.3677423e+01   7.2969907e+01   6.1988119e+01   7.2782094e+01   7.1088330e+01   6.2733990e+01   5.4053979e+01   5.4019272e+01   7.4852932e+01   6.9569601e+01   7.1995087e+01   6.8217434e+01   6.8581171e+01   8.1411403e+01   6.8229871e+01   6.9209806e+01   6.3680689e+01   5.1145799e+01   7.4768515e+01   4.8399807e+01   6.7036302e+01   7.1337838e+01   3.9607945e+01   6.6877650e+01   6.5767283e+01   6.1931431e+01   6.6111865e+01
   5.6108667e+01   7.4340874e+01   7.1492656e+01   5.8425094e+01   7.0535498e+01   5.8268470e+01   7.0926100e+01   6.6712507e+01   5.7657931e+01   5.4053979e+01   5.0855607e+01   6.7041230e+01   6.2762567e+01   7.0129905e+01   6.0392768e+01   5.8961666e+01   7.5103099e+01   5.8416150e+01   6.0474854e+01   6.3680689e+01   4.6676633e+01   7.0308880e+01   4.8277520e+01   6.6578569e+01   6.8645877e+01   3.9607945e+01   6.6877650e+01   6.5190522e+01   5.6180730e+01   6.6044421e+01
   4.8132076e+01   6.4586126e+01   5.9379346e+01   5.8425094e+01   5.4245453e+01   5.8172682e+01   4.1672872e+01   5.4940603e+01   3.6660683e+01   5.1929617e+01   5.0855607e+01   6.2391120e+01   5.8548256e+01   5.0276407e+01   5.4891805e+01   5.4796340e+01   5.8760120e+01   5.3473000e+01   4.5732161e+01   4.3862622e+01   4.1098442e+01   5.8518370e+01   4.5677841e+01   6.4495091e+01   3.7060730e+01   3.6208612e+01   5.0386426e+01   6.2166868e+01   5.5576207e+01   5.4301822e+01
   4.2970322e+01   5.1522594e+01   4.9316902e+01   4.8918554e+01   4.9848232e+01   5.1343830e+01   4.1113817e+01   3.6260030e+01   3.6660683e+01   4.9607752e+01   4.3491591e+01   4.6390270e+01   4.6350835e+01   4.8958647e+01   4.7886376e+01   4.9332834e+01   4.9739597e+01   4.2539671e+01   4.3208475e+01   3.6384073e+01   4.1098442e+01   5.4443019e+01   3.3955487e+01   5.6480492e+01   2.6568638e+01   3.5096584e+01   3.2231433e+01   5.3315984e+01   3.9695870e+01   4.1787179e+01
   3.1244242e+01   4.3524414e+01   2.6614965e+01   3.4454400e+01   3.9127010e+01   4.5461763e+01   3.7298693e+01   3.6094928e+01   2.6220083e+01   3.6523600e+01   3.3644619e+01   3.9922628e+01   3.6774091e+01   2.9155402e+01   3.4632711e+01   3.8359527e+01   4.0927548e+01   3.1698489e+01   3.3042477e+01   2.2246362e+01   2.5816310e+01   3.3687191e+01   3.0554800e+01   4.1694983e+01   2.6142395e+01   1.8660045e+01   3.2231433e+01   4.3613097e+01   3.3065729e+01   3.4294083e+01
   2.9314021e+01   3.3365324e+01   2.2538191e+01   2.7013013e+01   2.9398792e+01   3.3408878e+01   3.1098410e+01   3.0919802e+01   2.1091102e+01   3.1105944e+01   3.0463304e+01   3.8936193e+01   3.4307963e+01   1.6999820e+01   2.9359031e+01   2.6328776e+01   2.6649816e+01   3.1506487e+01   2.9147789e+01   1.7749117e+01   2.5638367e+01   2.9823646e+01   2.2043361e+01   3.4625551e+01   2.5928233e+01   1.5048271e+01   2.0507739e+01   3.0740595e+01   2.8444394e+01   2.0811867e+01
   2.4299274e+01   2.3095269e+01   2.2001803e+01   2.5186205e+01   2.3707101e+01   1.5596317e+01   2.0251843e+01   2.0814549e+01   2.0634984e+01   2.5213816e+01   2.6431845e+01   1.4349589e+01   2.5747797e+01   1.1578112e+01   2.4567538e+01   1.7909040e+01   2.1808891e+01   2.6211302e+01   2.7763580e+01   1.6830380e+01   2.2971782e+01   2.1252719e+01   2.0643062e+01   2.9443518e+01   2.0485993e+01   1.3098736e+01   1.7093321e+01   2.2223147e+01   2.2399578e+01   1.7490605e+01
   1.9708586e+01   1.6469871e+01   1.9602298e+01   1.9845026e+01   1.8312125e+01   1.2925492e+01   1.6695587e+01   1.6409189e+01   1.8085837e+01   1.5362777e+01   1.2834928e+01   1.2990271e+01   1.7020176e+01   1.1197394e+01   2.1510792e+01   1.0468516e+01   1.9436871e+01   1.9648340e+01   2.2854233e+01   1.5006813e+01   1.8556279e+01   1.8570773e+01   1.3740886e+01   2.2721801e+01   2.0106304e+01   1.3019080e+01   1.5723768e+01   1.4186498e+01   1.8953692e+01   1.5826285e+01
   1.2432964e+01   1.5234010e+01   1.3794730e+01   1.6714643e+01   1.6740423e+01   1.1449816e+01   1.4985062e+01   1.2389744e+01   1.6634135e+01   1.3607031e+01   1.2471780e+01   1.0889460e+01   1.4793092e+01   1.0126250e+01   1.8201033e+01   8.7169743e+00   1.7631709e+01   1.5769225e+01   1.5609110e+01   1.4514034e+01   1.3111664e+01   1.4631454e+01   1.3162523e+01   1.8739706e+01   1.9177863e+01   1.2846599e+01   1.2940513e+01   1.1521563e+01   1.5923793e+01   1.3702002e+01
   9.0898343e+00   1.0846916e+01   9.0069560e+00   1.4112731e+01   1.4939839e+01   8.2613295e+00   1.1404403e+01   1.0869775e+01   1.2274678e+01   1.1573622e+01   1.0273818e+01   9.5264947e+00   1.3178341e+01   9.5488393e+00   1.1317537e+01   6.9811489e+00   1.2676735e+01   1.4638583e+01   1.3594634e+01   1.0208879e+01   1.1613034e+01   1.1640287e+01   8.8589061e+00   9.6245691e+00   1.5197400e+01   1.2338712e+01   1.0916942e+01   9.2643433e+00   9.6099538e+00   1.1876961e+01
   7.1734143e+00   8.2962121e+00   8.0430358e+00   9.2016549e+00   1.3993082e+01   6.0307831e+00   7.3962112e+00   9.2238074e+00   7.3143535e+00   9.1489575e+00   9.4223096e+00   6.0381729e+00   9.5992929e+00   5.2348893e+00   7.6321885e+00   6.0972005e+00   5.2656817e+00   1.3011973e+01   1.3128828e+01   9.1070482e+00   6.3247717e+00   1.0245665e+01   8.1260486e+00   6.1320749e+00   1.0142545e+01   1.1997485e+01   8.1643784e+00   6.1026775e+00   7.1676668e+00   1.0100141e+01
   6.9647084e+00   7.9596725e+00   7.9596674e+00   8.9546265e+00   1.2934458e+01   5.9697543e+00   6.9647134e+00   8.9546265e+00   6.9647084e+00   8.9546265e+00   8.9546265e+00   5.9697543e+00   8.9546265e+00   4.9747953e+00   6.9647084e+00   5.9697543e+00   4.9747953e+00   1.2934437e+01   1.2934458e+01   8.9546265e+00   5.9697543e+00   7.9596674e+00   7.9596674e+00   5.9697543e+00   9.9495855e+00   1.1939504e+01   7.9596674e+00   5.9697543e+00   6.9647134e+00   9.9495855e+00
