   4.3174766e+09   1.1205858e+09   1.7193349e+09   3.6494415e+09   2.3971278e+09   2.3576479e+09   3.5441049e+09   1.9317092e+09   2.7222486e+09   2.1427017e+09   8.4019333e+08   2.4670111e+09   2.5631552e+09   3.7182620e+09   1.4970074e+09   2.8634568e+09   3.3041735e+09   3.4350742e+09   1.5592226e+09   3.1034700e+09   3.7279351e+09   3.2177025e+09   3.2177310e+09   2.1038304e+09   2.6562524e+09   2.4001619e+09   2.0562299e+09   2.3552650e+09   2.6022732e+09   3.0302870e+09
   4.3174766e+09   1.1205858e+09   1.7193349e+09   3.6494415e+09   2.3971278e+09   2.3576479e+09   3.5441049e+09   1.9317092e+09   2.7222486e+09   2.1427017e+09   8.4019333e+08   2.4670111e+09   2.5631552e+09   3.7182620e+09   1.4970074e+09   2.8634568e+09   3.3041735e+09   3.4350742e+09   1.5592226e+09   3.1034700e+09   3.7279351e+09   3.2177025e+09   3.2177310e+09   2.1038304e+09   2.6562524e+09   2.4001619e+09   2.0562299e+09   2.3552650e+09   2.6022732e+09   3.0302870e+09
   3.9353062e+09   1.1205858e+09   1.5673324e+09   3.6494414e+09   2.3971278e+09   2.3561490e+09   3.5441049e+09   1.9216298e+09   2.6587412e+09   2.1427016e+09   8.3834940e+08   2.4670111e+09   2.5631552e+09   3.1608440e+09   1.4773129e+09   2.7624365e+09   3.2317826e+09   2.5015087e+09   1.4347595e+09   2.6582260e+09   3.4861466e+09   3.2177025e+09   3.2177310e+09   2.1038304e+09   2.0153310e+09   1.6652030e+09   1.9000682e+09   1.4659847e+09   2.6022732e+09   3.0302870e+09
   3.6782394e+09   1.1205858e+09   4.0989885e+01   2.4351490e+09   1.7775323e+09   2.2017671e+09   2.9800462e+09   5.7505602e+01   1.9435990e+09   2.1074654e+09   8.3834938e+08   2.4670111e+09   1.6770981e+09   3.1513944e+09   1.4773129e+09   2.3606488e+09   2.2608968e+09   2.2743102e+09   1.0864694e+09   2.5424005e+09   3.4451647e+09   4.2242436e+01   6.1983764e+01   2.1038304e+09   1.8881846e+09   1.6652030e+09   1.8353616e+09   1.5350646e+02   2.6022732e+09   2.9338394e+09
   3.5570377e+09   1.1050131e+09   4.0989885e+01   2.2097251e+09   1.0495047e+02   1.5642266e+09   1.8047780e+09   5.7505602e+01   1.8315898e+09   1.5023270e+09   8.0659505e+08   2.4670111e+09   1.5093975e+09   2.2577084e+09   1.4773129e+09   1.0913634e+09   2.1957903e+09   2.1769192e+09   8.5062332e+08   2.2698870e+09   2.0739234e+09   4.2242436e+01   6.1983764e+01   2.0518375e+09   1.1070897e+09   1.1787452e+09   1.8120601e+09   1.5350646e+02   2.4505496e+09   9.5781919e+08
   1.6893058e+09   2.6159803e+01   4.0989885e+01   1.6564616e+09   9.0918980e+01   1.2802788e+02   2.5538580e+01   5.7505602e+01   1.5645056e+09   1.4242168e+09   7.6839471e+08   2.8925063e+01   1.4064183e+09   1.1797838e+02   4.2588195e+01   6.7381228e+08   3.2756193e+01   9.0460267e+08   1.5897198e+01   2.3052536e+01   1.5743786e+02   3.3841512e+01   6.1983764e+01   6.3487021e+08   1.1070897e+09   1.1590635e+09   8.5310967e+01   1.5350646e+02   5.8470178e+01   3.4647722e+08
   9.1620883e+08   2.6159803e+01   4.0227401e+01   2.0718484e+01   2.8414769e+01   5.7454658e+01   2.5538580e+01   4.5620230e+01   3.0878691e+01   2.3880560e+08   8.7531021e+01   2.8925063e+01   6.5839204e+08   9.2713540e+01   4.2588195e+01   5.1673417e+08   3.2756193e+01   4.9262734e+08   1.5897198e+01   2.3052536e+01   3.4976353e+01   3.3841512e+01   6.1983764e+01   3.6184829e+01   4.1849527e+08   6.7589548e+01   6.5789097e+01   2.5435399e+01   5.8470178e+01   7.3450441e+01
   6.4241519e+01   2.4309293e+01   3.9383123e+01   2.0718484e+01   2.8414769e+01   5.7454658e+01   2.5538580e+01   3.1479125e+01   3.0878691e+01   1.0665808e+02   2.1940886e+01   2.8925063e+01   3.9374780e+01   1.8913534e+01   4.2588195e+01   5.0790971e+01   3.2600200e+01   8.6022663e+01   1.5897198e+01   2.3052536e+01   3.4976353e+01   2.1148027e+01   2.8820850e+01   2.2567861e+01   4.8319311e+01   6.7589548e+01   6.5789097e+01   2.5435399e+01   5.8470178e+01   4.4530195e+01
   2.6926992e+01   1.7396907e+01   2.7885339e+01   2.0718484e+01   2.5096111e+01   5.7454658e+01   2.5538580e+01   2.7332773e+01   2.5029806e+01   2.3511818e+01   2.1940886e+01   2.2486275e+01   2.0761374e+01   1.6517088e+01   1.3573548e+01   1.7744446e+01   3.2600200e+01   1.0096061e+01   1.0754295e+01   2.3052536e+01   2.4122549e+01   2.1148027e+01   2.8820850e+01   2.2567861e+01   3.4941702e+01   5.8335232e+01   2.6165494e+01   2.0107511e+01   1.7521993e+01   3.9345606e+01
   2.2564339e+01   1.7396907e+01   1.3765441e+01   1.6021615e+01   2.5096111e+01   2.2997520e+01   1.2999629e+01   2.2847047e+01   5.6371976e+00   2.3511818e+01   1.7138157e+01   2.2083582e+01   1.9230401e+01   1.4045533e+01   1.3573548e+01   1.7744446e+01   2.8187677e+01   1.0096061e+01   1.0197998e+01   2.0082559e+01   2.4122549e+01   1.8326278e+01   1.7044817e+01   1.2068906e+01   3.4731413e+01   3.2773522e+01   1.6848473e+01   1.6951997e+01   1.7521993e+01   2.2216832e+01
   1.2190913e+01   1.2971986e+01   1.1316985e+01   8.5296864e+00   1.0448654e+01   1.3179456e+01   1.2999629e+01   7.3867633e+00   5.6171493e+00   1.1408397e+01   1.0079294e+01   1.7307418e+01   1.2704490e+01   1.3263174e+01   1.1500228e+01   1.3544898e+01   1.0148172e+01   1.0096061e+01   1.0197998e+01   1.4177491e+01   1.4185935e+01   1.3448735e+01   1.0764871e+01   1.1683791e+01   1.8236200e+01   1.7274479e+01   1.6458522e+01   1.2741089e+01   7.5235204e+00   1.3670184e+01
   1.1025318e+01   8.9289783e+00   1.0656005e+01   8.5296864e+00   1.0448654e+01   6.1778000e+00   8.3162952e+00   7.3867633e+00   5.6171493e+00   8.5735908e+00   7.7927735e+00   1.1879847e+01   1.2697663e+01   9.9496259e+00   1.1500184e+01   8.6309986e+00   1.0148172e+01   1.0096061e+01   1.0197998e+01   9.5976073e+00   1.1626847e+01   6.0987559e+00   1.0759283e+01   1.0770888e+01   4.6688228e+00   8.8407690e+00   8.3017058e+00   1.2298702e+01   7.5235204e+00   7.9074660e+00
   8.2407968e+00   8.6182120e+00   1.0233898e+01   8.5296864e+00   1.2416670e+00   6.1778000e+00   8.3162952e+00   7.3867633e+00   5.6171493e+00   8.5714367e+00   7.7806178e+00   4.8754517e+00   1.1510429e+01   8.4251864e+00   7.1936325e+00   8.4273398e+00   9.3976436e+00   7.0805783e+00   7.4396847e+00   8.0246654e+00   9.3393060e+00   6.0936802e+00   7.4754459e+00   8.9450593e+00   4.6688228e+00   8.8407690e+00   8.3017058e+00   7.6077346e+00   7.4894592e+00   7.9074660e+00
   5.3611012e+00   7.3649418e+00   8.7007119e+00   8.3157007e+00   1.2416670e+00   6.1778000e+00   8.2012421e+00   5.3909337e+00   3.2888085e+00   7.8838644e+00   5.6488556e+00   4.7523187e+00   3.6506306e+00   6.6456328e+00   7.1936325e+00   6.9006349e+00   6.8820802e+00   7.0805783e+00   6.7067431e+00   6.0314908e+00   4.5766008e+00   6.0459688e+00   6.7196581e+00   7.5312670e+00   4.6688228e+00   6.9037685e+00   7.6782000e+00   6.7923843e+00   7.2301647e+00   6.0035370e+00
   4.8478086e+00   3.7880286e+00   4.7385524e+00   3.6827783e+00   1.2416670e+00   3.1717085e+00   2.1753027e+00   4.0023144e+00   1.3450111e+00   3.4401963e+00   4.5755559e+00   4.4138365e+00   3.6496177e+00   3.8962126e+00   4.2705700e+00   2.5601720e+00   5.2947177e+00   4.5244795e+00   1.5808941e+00   3.8456477e+00   2.4691539e+00   4.9419193e+00   4.3607286e+00   3.1758162e+00   3.5411662e+00   4.7645138e+00   4.5172935e+00   2.1792900e+00   5.6021329e+00   3.5138456e+00
   1.1522968e-01   1.6004324e-01   1.3780702e-01   1.6549348e-01   2.3660323e-01   1.0459483e-01   7.1301330e-02   1.0560241e-01   2.0041239e-01   9.2091517e-02   1.6284891e-01   1.3822378e-01   1.2281553e-01   1.0343638e-01   1.8210356e-01   1.9591274e-01   2.9160690e-01   1.3132336e-01   1.5250480e-01   7.1109221e-02   8.4891005e-02   1.3638639e-01   1.2011054e-01   1.6352422e-01   1.0604581e-01   9.9871797e-02   8.4544389e-02   1.3871882e-01   1.5005699e-01   1.2833915e-01
