   7.9661465e+01   8.3651484e+01   9.2222748e+01   9.7454312e+01   9.0890885e+01   9.5892085e+01   1.0149946e+02   1.0623175e+02   1.0567508e+02   1.0203943e+02   9.2266942e+01   9.1485098e+01   1.0475451e+02   1.0238468e+02   1.0527039e+02   8.2005023e+01   1.0235824e+02   1.0553895e+02   8.1303567e+01   8.5168118e+01   7.3767155e+01   1.0111585e+02   8.8218030e+01   9.1738025e+01   1.0589414e+02   8.1161470e+01   1.0009326e+02   8.6529602e+01   9.5022925e+01   9.0511222e+01
   7.9661465e+01   8.3651484e+01   9.2222748e+01   9.7454312e+01   9.0890885e+01   9.5892085e+01   1.0149946e+02   1.0623175e+02   1.0567508e+02   1.0203943e+02   9.2266942e+01   9.1485098e+01   1.0475451e+02   1.0238468e+02   1.0527039e+02   8.2005023e+01   1.0235824e+02   1.0553895e+02   8.1303567e+01   8.5168118e+01   7.3767155e+01   1.0111585e+02   8.8218030e+01   9.1738025e+01   1.0589414e+02   8.1161470e+01   1.0009326e+02   8.6529602e+01   9.5022925e+01   9.0511222e+01
   7.9661465e+01   8.3651484e+01   9.2222748e+01   9.1118426e+01   9.0890885e+01   9.5263942e+01   9.8716535e+01   1.0309923e+02   9.7334127e+01   9.9718404e+01   8.2621391e+01   9.1485098e+01   1.0124919e+02   9.6476319e+01   9.7282837e+01   8.2005023e+01   9.9112048e+01   1.0161382e+02   8.1303567e+01   8.5168118e+01   7.2621558e+01   1.0111585e+02   8.2887017e+01   9.0283019e+01   1.0111471e+02   8.1161470e+01   9.4147409e+01   7.7213371e+01   9.1135912e+01   8.3026762e+01
   7.6601017e+01   8.3651484e+01   8.5438148e+01   8.8786687e+01   9.0890885e+01   9.2585877e+01   9.8716535e+01   1.0201437e+02   9.5002706e+01   9.2537061e+01   8.2621391e+01   8.9140634e+01   9.7597223e+01   8.4650439e+01   9.7282837e+01   7.6537628e+01   9.3972571e+01   9.5117199e+01   8.0635538e+01   8.5168118e+01   7.2621558e+01   9.0350636e+01   8.2887017e+01   8.7825441e+01   8.7491449e+01   8.1161470e+01   9.4147409e+01   7.7213371e+01   8.9693768e+01   8.3026762e+01
   7.6601017e+01   7.4675313e+01   7.5313637e+01   8.1491271e+01   8.6771410e+01   9.1467860e+01   9.2681343e+01   9.5486850e+01   9.0109213e+01   9.0378518e+01   7.9224135e+01   8.9038524e+01   9.3341875e+01   7.6110929e+01   9.7282837e+01   7.6537628e+01   9.3972571e+01   8.7791002e+01   7.8743537e+01   8.2600046e+01   6.4333749e+01   7.8924868e+01   8.2090914e+01   7.9627225e+01   8.5727070e+01   7.1656916e+01   8.8181198e+01   7.0655706e+01   8.5448080e+01   7.7012516e+01
   6.5639050e+01   7.4585811e+01   6.7975346e+01   7.0465333e+01   7.2627313e+01   8.0657643e+01   8.3378677e+01   7.0716437e+01   7.0030264e+01   7.9584203e+01   7.5248268e+01   6.4586972e+01   7.5811001e+01   6.5639741e+01   7.8601060e+01   6.8009915e+01   7.9164984e+01   7.4375744e+01   6.5906275e+01   7.8589733e+01   6.0968782e+01   7.8553554e+01   7.3895038e+01   6.9830940e+01   6.9379948e+01   6.7124998e+01   7.6171931e+01   6.5205193e+01   6.6542447e+01   7.3797483e+01
   5.2340745e+01   6.3720182e+01   5.6956157e+01   6.5001390e+01   6.0349478e+01   6.4883067e+01   6.7327728e+01   5.1267233e+01   5.6321611e+01   5.0516132e+01   5.7063181e+01   6.2506794e+01   5.5330780e+01   5.5100274e+01   6.2111271e+01   5.7902810e+01   6.4435564e+01   5.4259990e+01   5.4465098e+01   5.8797653e+01   5.7211431e+01   6.1041087e+01   6.3580839e+01   6.4250976e+01   5.0960938e+01   5.1266533e+01   6.3289697e+01   5.5791449e+01   5.9182782e+01   6.3100685e+01
   4.5718000e+01   4.4217091e+01   4.5004543e+01   4.3004353e+01   4.7472313e+01   5.0452684e+01   4.8674522e+01   4.0770561e+01   3.7836149e+01   3.9897781e+01   3.7442217e+01   4.8176699e+01   4.6578804e+01   4.5510158e+01   5.1605477e+01   5.0489943e+01   4.2757450e+01   4.7433195e+01   4.3599163e+01   4.7252700e+01   4.2702293e+01   4.4748023e+01   4.6881734e+01   4.9746784e+01   4.1709816e+01   3.9008580e+01   5.0765145e+01   4.3593704e+01   4.4733432e+01   4.7892576e+01
   3.2551662e+01   3.2527968e+01   3.2342820e+01   2.1150228e+01   3.2699830e+01   3.2818137e+01   3.3085165e+01   2.8153976e+01   3.0071099e+01   2.5988137e+01   2.4099253e+01   3.7539138e+01   2.4939079e+01   2.8569210e+01   3.5549460e+01   3.0118947e+01   2.7972241e+01   2.6481948e+01   2.1660000e+01   2.9562387e+01   2.8085971e+01   3.2487901e+01   3.3927967e+01   2.4895318e+01   2.5673669e+01   2.3354464e+01   3.1743341e+01   2.8288749e+01   2.8614279e+01   2.5614831e+01
   1.3682391e+01   1.7518247e+01   1.7014220e+01   1.2415310e+01   1.6628992e+01   1.6313817e+01   1.4904536e+01   1.5365630e+01   1.4914268e+01   1.4628076e+01   1.7000104e+01   1.6639315e+01   1.7404301e+01   1.6735041e+01   1.5770296e+01   1.4551867e+01   1.3318023e+01   1.5126021e+01   1.1629707e+01   1.5497393e+01   1.4031474e+01   1.5742159e+01   1.4069545e+01   1.4840670e+01   1.1545476e+01   1.7672924e+01   1.8744214e+01   1.6979368e+01   1.6082496e+01   1.3615990e+01
   5.7256904e+00   6.0027222e+00   6.4939494e+00   5.3846689e+00   5.2847263e+00   4.6836875e+00   5.5738114e+00   3.5655429e+00   3.8481894e+00   5.7450930e+00   5.8663551e+00   4.2195055e+00   7.1937548e+00   5.4188397e+00   5.4948355e+00   6.3436700e+00   5.4344100e+00   4.9312491e+00   5.2368665e+00   6.4060420e+00   4.0393388e+00   4.9496852e+00   4.8374149e+00   5.7201523e+00   5.2243160e+00   5.8543691e+00   5.8084898e+00   4.2683751e+00   6.5662493e+00   5.9865298e+00
   7.6098451e-01   5.5286346e-01   7.2062048e-01   6.9089553e-01   6.9695915e-01   7.4589454e-01   8.0183233e-01   7.1074104e-01   7.9550341e-01   8.4619857e-01   7.4196777e-01   8.2068972e-01   8.6631734e-01   8.5192311e-01   8.4419411e-01   8.2834270e-01   5.8426799e-01   8.8985029e-01   8.5206529e-01   7.1216262e-01   6.5364374e-01   7.6780078e-01   7.5235024e-01   7.1675632e-01   8.9747211e-01   8.2245835e-01   7.9870155e-01   7.7565149e-01   7.2429227e-01   9.2914606e-01
   8.6696742e-03   8.4170688e-03   1.0467210e-02   9.0502215e-03   9.3307214e-03   9.0023128e-03   7.7560501e-03   8.6728742e-03   9.3469739e-03   8.3493663e-03   8.8839179e-03   9.5706576e-03   8.6145631e-03   7.3569772e-03   9.6940676e-03   9.3981576e-03   9.5353796e-03   8.8965646e-03   8.4109176e-03   7.8510655e-03   1.0938633e-02   9.5998443e-03   7.9432742e-03   1.0284440e-02   8.6602781e-03   8.5790903e-03   9.3748780e-03   8.3884076e-03   7.9945882e-03   1.1739888e-02
   4.5547506e-07   3.2911885e-07   3.9584279e-07   3.7204813e-07   3.6308688e-07   3.8932933e-07   3.8430926e-07   4.2093393e-07   4.5550553e-07   3.7810321e-07   3.9274369e-07   3.5387598e-07   4.1325063e-07   3.3909100e-07   4.9263838e-07   3.4179357e-07   4.2163674e-07   4.0148336e-07   3.6190897e-07   4.2284432e-07   4.2806039e-07   3.7385689e-07   3.9106840e-07   3.7029201e-07   4.1569604e-07   3.9440806e-07   4.0608893e-07   3.4793379e-07   3.3763661e-07   4.5851959e-07
   0.0000000e+00   0.0000000e+00   0.0000000e+00   0.0000000e+00   0.0000000e+00   0.0000000e+00   0.0000000e+00   0.0000000e+00   0.0000000e+00   0.0000000e+00   0.0000000e+00   0.0000000e+00   0.0000000e+00   0.0000000e+00   0.0000000e+00   0.0000000e+00   0.0000000e+00   0.0000000e+00   0.0000000e+00   0.0000000e+00   0.0000000e+00   0.0000000e+00   0.0000000e+00   0.0000000e+00   0.0000000e+00   0.0000000e+00   0.0000000e+00   0.0000000e+00   0.0000000e+00   0.0000000e+00
   0.0000000e+00   0.0000000e+00   0.0000000e+00   0.0000000e+00   0.0000000e+00   0.0000000e+00   0.0000000e+00   0.0000000e+00   0.0000000e+00   0.0000000e+00   0.0000000e+00   0.0000000e+00   0.0000000e+00   0.0000000e+00   0.0000000e+00   0.0000000e+00   0.0000000e+00   0.0000000e+00   0.0000000e+00   0.0000000e+00   0.0000000e+00   0.0000000e+00   0.0000000e+00   0.0000000e+00   0.0000000e+00   0.0000000e+00   0.0000000e+00   0.0000000e+00   0.0000000e+00   0.0000000e+00
