600 2.481754e-01 3.920471e+03 3.190521e+02
100019 2.481754e-01 1.941177e+02 1.690802e+02
200049 2.481754e-01 1.740470e+02 1.655576e+02
300041 2.481754e-01 1.678566e+02 1.639866e+02
400008 2.481754e-01 1.657342e+02 1.608995e+02
500162 2.481754e-01 1.639657e+02 1.597532e+02
600181 2.481754e-01 1.611095e+02 1.594457e+02
700167 2.481754e-01 1.593687e+02 1.593687e+02
800118 2.481754e-01 1.593687e+02 1.593687e+02
900012 2.481754e-01 1.593687e+02 1.593687e+02
1000002 2.481754e-01 1.593687e+02 1.593687e+02
600 2.490543e-01 3.811704e+03 3.153973e+02
100296 2.490543e-01 1.940250e+02 1.658817e+02
200320 2.490543e-01 1.734319e+02 1.647321e+02
300390 2.490543e-01 1.675667e+02 1.637317e+02
400211 2.490543e-01 1.653667e+02 1.624435e+02
500265 2.490543e-01 1.639420e+02 1.614358e+02
600156 2.490543e-01 1.608736e+02 1.595414e+02
700090 2.490543e-01 1.593687e+02 1.593687e+02
800102 2.490543e-01 1.593687e+02 1.593687e+02
900042 2.490543e-01 1.593687e+02 1.593687e+02
1000005 2.490543e-01 1.593687e+02 1.593687e+02
600 2.488799e-01 3.903664e+03 3.289804e+02
100180 2.488799e-01 1.953168e+02 1.679395e+02
200286 2.488799e-01 1.737495e+02 1.654105e+02
300125 2.488799e-01 1.675787e+02 1.636636e+02
400136 2.488799e-01 1.653241e+02 1.628710e+02
500163 2.488799e-01 1.630587e+02 1.614828e+02
600034 2.488799e-01 1.594744e+02 1.593687e+02
700032 2.488799e-01 1.593687e+02 1.593687e+02
800055 2.488799e-01 1.593687e+02 1.593687e+02
900027 2.488799e-01 1.593687e+02 1.593687e+02
1000001 2.488799e-01 1.593687e+02 1.593687e+02
600 2.533213e-01 3.853623e+03 3.639277e+02
100185 2.533213e-01 1.959229e+02 1.671773e+02
200114 2.533213e-01 1.742658e+02 1.657926e+02
300276 2.533213e-01 1.678310e+02 1.644079e+02
400346 2.533213e-01 1.654802e+02 1.621709e+02
500057 2.533213e-01 1.637114e+02 1.599787e+02
600096 2.533213e-01 1.603844e+02 1.594283e+02
700179 2.533213e-01 1.586184e+02 1.586184e+02
800113 2.533213e-01 1.586184e+02 1.586184e+02
900018 2.533213e-01 1.586184e+02 1.586184e+02
1000001 2.533213e-01 1.586184e+02 1.586184e+02
600 2.465582e-01 3.919168e+03 2.934070e+02
100262 2.465582e-01 1.962935e+02 1.669960e+02
200307 2.465582e-01 1.735858e+02 1.650964e+02
300026 2.465582e-01 1.675461e+02 1.639170e+02
400261 2.465582e-01 1.651088e+02 1.621992e+02
500042 2.465582e-01 1.630313e+02 1.614332e+02
600086 2.465582e-01 1.614056e+02 1.614049e+02
700157 2.465582e-01 1.614049e+02 1.614049e+02
800040 2.465582e-01 1.614049e+02 1.614049e+02
900021 2.465582e-01 1.614049e+02 1.614049e+02
999993 2.469692e-01 1.614049e+02 1.614049e+02
600 2.527145e-01 3.798414e+03 3.488007e+02
100493 2.527145e-01 1.954790e+02 1.658425e+02
200410 2.527145e-01 1.730134e+02 1.654007e+02
300270 2.527145e-01 1.675068e+02 1.639819e+02
400078 2.527145e-01 1.655815e+02 1.627855e+02
500121 2.527145e-01 1.638598e+02 1.615596e+02
600119 2.527145e-01 1.614065e+02 1.614049e+02
700052 2.527145e-01 1.614049e+02 1.614049e+02
800071 2.527145e-01 1.614049e+02 1.614049e+02
900022 2.527145e-01 1.614049e+02 1.614049e+02
1000005 2.527145e-01 1.614049e+02 1.614049e+02
600 2.503961e-01 3.806134e+03 2.596076e+02
100170 2.503961e-01 1.924561e+02 1.649688e+02
200141 2.503961e-01 1.732583e+02 1.646706e+02
300420 2.503961e-01 1.678089e+02 1.637117e+02
400287 2.503961e-01 1.656263e+02 1.619006e+02
500269 2.503961e-01 1.639004e+02 1.610600e+02
600121 2.503961e-01 1.607723e+02 1.594653e+02
700174 2.503961e-01 1.593687e+02 1.593687e+02
800049 2.503961e-01 1.593687e+02 1.593687e+02
900040 2.503961e-01 1.593687e+02 1.593687e+02
1000005 2.503961e-01 1.593687e+02 1.593687e+02
600 2.476866e-01 3.762929e+03 3.021518e+02
100098 2.476866e-01 1.962610e+02 1.662634e+02
200222 2.476866e-01 1.739412e+02 1.644853e+02
300415 2.476866e-01 1.678523e+02 1.633946e+02
400229 2.476866e-01 1.658298e+02 1.622167e+02
500151 2.476866e-01 1.640668e+02 1.615015e+02
600229 2.476866e-01 1.612511e+02 1.596778e+02
700059 2.476866e-01 1.593687e+02 1.593687e+02
800089 2.476866e-01 1.593687e+02 1.593687e+02
900001 2.476866e-01 1.593687e+02 1.593687e+02
1000005 2.476866e-01 1.593687e+02 1.593687e+02
600 2.470424e-01 3.946995e+03 2.601029e+02
100126 2.470424e-01 1.927485e+02 1.669183e+02
200094 2.470424e-01 1.738482e+02 1.648992e+02
300114 2.470424e-01 1.673586e+02 1.640741e+02
400040 2.470424e-01 1.650343e+02 1.616673e+02
500248 2.470424e-01 1.622000e+02 1.614175e+02
600070 2.470424e-01 1.614049e+02 1.614049e+02
700000 2.470424e-01 1.614049e+02 1.614049e+02
800031 2.470424e-01 1.614049e+02 1.614049e+02
900027 2.470424e-01 1.614049e+02 1.614049e+02
1000004 2.470424e-01 1.614049e+02 1.614049e+02
600 2.519750e-01 3.775358e+03 3.291072e+02
100336 2.519750e-01 1.977669e+02 1.664010e+02
200335 2.519750e-01 1.765159e+02 1.651653e+02
300412 2.519750e-01 1.678171e+02 1.642470e+02
400139 2.519750e-01 1.653284e+02 1.623701e+02
500141 2.519750e-01 1.631351e+02 1.611145e+02
600373 2.519750e-01 1.593716e+02 1.593687e+02
700154 2.519750e-01 1.593687e+02 1.593687e+02
800117 2.519750e-01 1.593687e+02 1.593687e+02
900022 2.519750e-01 1.593687e+02 1.593687e+02
1000002 2.519750e-01 1.593687e+02 1.593687e+02
600 2.481702e-01 4.020380e+03 3.354463e+02
100043 2.481702e-01 1.950437e+02 1.668023e+02
200344 2.481702e-01 1.741263e+02 1.649347e+02
300228 2.481702e-01 1.679224e+02 1.620491e+02
400277 2.481702e-01 1.658709e+02 1.601466e+02
500718 2.481702e-01 1.643162e+02 1.600341e+02
600216 2.481702e-01 1.625911e+02 1.595008e+02
700017 2.481702e-01 1.600500e+02 1.586566e+02
800087 2.481702e-01 1.586184e+02 1.586184e+02
900016 2.481702e-01 1.586184e+02 1.586184e+02
1000003 2.481702e-01 1.586184e+02 1.586184e+02
600 2.493656e-01 3.960771e+03 2.896958e+02
100226 2.493656e-01 1.972724e+02 1.687760e+02
200250 2.493656e-01 1.744460e+02 1.657134e+02
300090 2.493656e-01 1.677622e+02 1.633321e+02
400275 2.493656e-01 1.655532e+02 1.626971e+02
500026 2.493656e-01 1.637336e+02 1.604040e+02
600106 2.493656e-01 1.606332e+02 1.588310e+02
700107 2.493656e-01 1.586185e+02 1.586184e+02
800056 2.493656e-01 1.586184e+02 1.586184e+02
900030 2.493656e-01 1.586184e+02 1.586184e+02
999967 2.497812e-01 1.586184e+02 1.586184e+02
600 2.490850e-01 3.729583e+03 2.914828e+02
100169 2.490850e-01 1.960654e+02 1.680861e+02
200028 2.490850e-01 1.756441e+02 1.656133e+02
300183 2.490850e-01 1.677652e+02 1.607118e+02
400329 2.490850e-01 1.655725e+02 1.600010e+02
500278 2.490850e-01 1.641089e+02 1.595677e+02
600065 2.490850e-01 1.622785e+02 1.594282e+02
700010 2.490850e-01 1.587352e+02 1.586393e+02
800120 2.490850e-01 1.586184e+02 1.586184e+02
900023 2.490850e-01 1.586184e+02 1.586184e+02
1000003 2.490850e-01 1.586184e+02 1.586184e+02
600 2.490583e-01 3.948111e+03 3.182772e+02
100287 2.490583e-01 1.931336e+02 1.670182e+02
200037 2.490583e-01 1.734427e+02 1.654501e+02
300080 2.490583e-01 1.678550e+02 1.638203e+02
400268 2.490583e-01 1.657068e+02 1.629605e+02
500153 2.490583e-01 1.639528e+02 1.615504e+02
600223 2.490583e-01 1.606064e+02 1.594795e+02
700135 2.490583e-01 1.593687e+02 1.593687e+02
800112 2.490583e-01 1.593687e+02 1.593687e+02
900023 2.490583e-01 1.593687e+02 1.593687e+02
1000004 2.490583e-01 1.593687e+02 1.593687e+02
600 2.487310e-01 3.686458e+03 3.240077e+02
100260 2.487310e-01 1.973010e+02 1.663725e+02
200280 2.487310e-01 1.737011e+02 1.641094e+02
300201 2.487310e-01 1.678235e+02 1.633442e+02
400035 2.487310e-01 1.659129e+02 1.632318e+02
500116 2.487310e-01 1.642508e+02 1.614880e+02
600109 2.487310e-01 1.613945e+02 1.605593e+02
700131 2.487310e-01 1.593687e+02 1.593687e+02
800020 2.487310e-01 1.593687e+02 1.593687e+02
900006 2.487310e-01 1.593687e+02 1.593687e+02
1000005 2.487310e-01 1.593687e+02 1.593687e+02
600 2.490479e-01 3.572192e+03 2.833485e+02
100352 2.490479e-01 1.957301e+02 1.678127e+02
200264 2.490479e-01 1.749598e+02 1.657829e+02
300351 2.490479e-01 1.678067e+02 1.647922e+02
400009 2.490479e-01 1.656033e+02 1.629685e+02
500157 2.490479e-01 1.634920e+02 1.615001e+02
600198 2.490479e-01 1.614065e+02 1.614049e+02
700134 2.490479e-01 1.614049e+02 1.614049e+02
800020 2.490479e-01 1.614049e+02 1.614049e+02
900053 2.490479e-01 1.614049e+02 1.614049e+02
1000002 2.490479e-01 1.614049e+02 1.614049e+02
600 2.473587e-01 3.687405e+03 2.963281e+02
100322 2.473587e-01 1.960494e+02 1.682862e+02
200120 2.473587e-01 1.735827e+02 1.656210e+02
300023 2.473587e-01 1.675774e+02 1.632877e+02
400142 2.473587e-01 1.656815e+02 1.606743e+02
500236 2.473587e-01 1.641639e+02 1.600661e+02
600066 2.473587e-01 1.623311e+02 1.594536e+02
700030 2.473587e-01 1.593688e+02 1.593687e+02
800014 2.473587e-01 1.593687e+02 1.593687e+02
900034 2.473587e-01 1.593687e+02 1.593687e+02
1000003 2.473587e-01 1.593687e+02 1.593687e+02
600 2.476152e-01 3.577584e+03 3.520762e+02
100076 2.476152e-01 1.958264e+02 1.672102e+02
200116 2.476152e-01 1.739342e+02 1.652224e+02
300055 2.476152e-01 1.680501e+02 1.640514e+02
400097 2.476152e-01 1.658264e+02 1.629771e+02
500296 2.476152e-01 1.642164e+02 1.607083e+02
600147 2.476152e-01 1.620607e+02 1.595730e+02
700074 2.476152e-01 1.586209e+02 1.586184e+02
800035 2.476152e-01 1.586184e+02 1.586184e+02
900040 2.476152e-01 1.586184e+02 1.586184e+02
1000001 2.476152e-01 1.586184e+02 1.586184e+02
600 2.465476e-01 4.016568e+03 3.422399e+02
100493 2.465476e-01 1.950729e+02 1.675821e+02
200660 2.465476e-01 1.736126e+02 1.656993e+02
300189 2.465476e-01 1.679715e+02 1.635307e+02
400226 2.465476e-01 1.661427e+02 1.630117e+02
500183 2.465476e-01 1.648688e+02 1.596933e+02
600087 2.465476e-01 1.634970e+02 1.592366e+02
700130 2.465476e-01 1.618148e+02 1.587932e+02
800030 2.465476e-01 1.598299e+02 1.586292e+02
900014 2.465476e-01 1.586184e+02 1.586184e+02
1000000 2.465476e-01 1.586184e+02 1.586184e+02
600 2.501597e-01 3.781086e+03 2.861144e+02
100146 2.501597e-01 1.928558e+02 1.680517e+02
201171 2.501597e-01 1.732415e+02 1.656854e+02
300331 2.501597e-01 1.680298e+02 1.629757e+02
400209 2.501597e-01 1.661008e+02 1.607478e+02
500122 2.501597e-01 1.644995e+02 1.596739e+02
600037 2.501597e-01 1.628471e+02 1.595443e+02
700158 2.501597e-01 1.597777e+02 1.586869e+02
800113 2.501597e-01 1.586184e+02 1.586184e+02
900051 2.501597e-01 1.586184e+02 1.586184e+02
1000005 2.501597e-01 1.586184e+02 1.586184e+02
600 2.502538e-01 3.776948e+03 3.219700e+02
100152 2.502538e-01 1.946016e+02 1.664182e+02
200403 2.502538e-01 1.737121e+02 1.651236e+02
300055 2.502538e-01 1.677573e+02 1.638593e+02
400198 2.502538e-01 1.658159e+02 1.629127e+02
500275 2.502538e-01 1.643459e+02 1.616740e+02
600211 2.502538e-01 1.624808e+02 1.598917e+02
700122 2.502538e-01 1.593688e+02 1.593687e+02
800094 2.502538e-01 1.593687e+02 1.593687e+02
900010 2.502538e-01 1.593687e+02 1.593687e+02
1000000 2.502538e-01 1.593687e+02 1.593687e+02
600 2.514565e-01 3.715210e+03 3.584330e+02
100491 2.514565e-01 1.901222e+02 1.674078e+02
200051 2.514565e-01 1.723831e+02 1.656623e+02
300332 2.514565e-01 1.676507e+02 1.638747e+02
400133 2.514565e-01 1.658239e+02 1.625022e+02
500404 2.514565e-01 1.644069e+02 1.603116e+02
600182 2.514565e-01 1.627754e+02 1.587988e+02
700171 2.514565e-01 1.606955e+02 1.586527e+02
800098 2.514565e-01 1.586184e+02 1.586184e+02
900026 2.514565e-01 1.586184e+02 1.586184e+02
1000000 2.514565e-01 1.586184e+02 1.586184e+02
600 2.492795e-01 3.550451e+03 3.039719e+02
100365 2.492795e-01 1.961294e+02 1.689405e+02
200128 2.492795e-01 1.738760e+02 1.645392e+02
300151 2.492795e-01 1.678370e+02 1.634828e+02
400077 2.492795e-01 1.655277e+02 1.615422e+02
500569 2.492795e-01 1.637687e+02 1.614798e+02
600066 2.492795e-01 1.599838e+02 1.594097e+02
700005 2.492795e-01 1.593687e+02 1.593687e+02
800031 2.492795e-01 1.593687e+02 1.593687e+02
900017 2.492795e-01 1.593687e+02 1.593687e+02
1000004 2.492795e-01 1.593687e+02 1.593687e+02
600 2.518942e-01 3.631488e+03 3.359196e+02
100425 2.518942e-01 1.965823e+02 1.672138e+02
200252 2.518942e-01 1.748684e+02 1.640503e+02
300126 2.518942e-01 1.677988e+02 1.636114e+02
400306 2.518942e-01 1.657452e+02 1.615638e+02
500151 2.518942e-01 1.637360e+02 1.615039e+02
600174 2.518942e-01 1.614119e+02 1.614050e+02
700091 2.518942e-01 1.614049e+02 1.614049e+02
800032 2.518942e-01 1.614049e+02 1.614049e+02
900054 2.518942e-01 1.614049e+02 1.614049e+02
1000005 2.518942e-01 1.614049e+02 1.614049e+02
600 2.488026e-01 4.033933e+03 3.579654e+02
100199 2.488026e-01 1.952495e+02 1.676640e+02
200070 2.488026e-01 1.743570e+02 1.652553e+02
300219 2.488026e-01 1.677084e+02 1.643819e+02
400201 2.488026e-01 1.652646e+02 1.628100e+02
500139 2.488026e-01 1.633363e+02 1.598437e+02
600046 2.488026e-01 1.596185e+02 1.593873e+02
700040 2.488026e-01 1.593687e+02 1.593687e+02
800028 2.488026e-01 1.593687e+02 1.593687e+02
900061 2.488026e-01 1.593687e+02 1.593687e+02
1000001 2.488026e-01 1.593687e+02 1.593687e+02
600 2.487115e-01 3.845438e+03 3.653599e+02
100027 2.487115e-01 1.928991e+02 1.679418e+02
200332 2.487115e-01 1.727469e+02 1.646800e+02
300363 2.487115e-01 1.676348e+02 1.632253e+02
400103 2.487115e-01 1.657314e+02 1.604208e+02
500178 2.487115e-01 1.641525e+02 1.599596e+02
600048 2.487115e-01 1.625852e+02 1.594680e+02
700120 2.487115e-01 1.593956e+02 1.593718e+02
800108 2.487115e-01 1.593687e+02 1.593687e+02
900058 2.487115e-01 1.593687e+02 1.593687e+02
1000005 2.487115e-01 1.593687e+02 1.593687e+02
600 2.495761e-01 3.757254e+03 2.207858e+02
100670 2.495761e-01 1.948102e+02 1.671203e+02
200105 2.495761e-01 1.738200e+02 1.649439e+02
300122 2.495761e-01 1.677822e+02 1.640723e+02
400303 2.495761e-01 1.658141e+02 1.629981e+02
500181 2.495761e-01 1.641882e+02 1.601082e+02
600031 2.495761e-01 1.609858e+02 1.594108e+02
700006 2.495761e-01 1.593687e+02 1.593687e+02
800062 2.495761e-01 1.593687e+02 1.593687e+02
900010 2.495761e-01 1.593687e+02 1.593687e+02
1000004 2.495761e-01 1.593687e+02 1.593687e+02
600 2.533821e-01 3.982800e+03 2.508348e+02
100328 2.533821e-01 1.928454e+02 1.674717e+02
200178 2.533821e-01 1.736968e+02 1.647047e+02
300183 2.533821e-01 1.677646e+02 1.627012e+02
400108 2.533821e-01 1.658728e+02 1.613606e+02
500115 2.533821e-01 1.640390e+02 1.598914e+02
600208 2.533821e-01 1.615116e+02 1.595405e+02
700115 2.533821e-01 1.593687e+02 1.593687e+02
800075 2.533821e-01 1.593687e+02 1.593687e+02
900020 2.533821e-01 1.593687e+02 1.593687e+02
1000002 2.533821e-01 1.593687e+02 1.593687e+02
600 2.498448e-01 4.007961e+03 3.014470e+02
100417 2.498448e-01 1.950733e+02 1.663313e+02
200429 2.498448e-01 1.735524e+02 1.658615e+02
300107 2.498448e-01 1.677438e+02 1.642181e+02
400069 2.498448e-01 1.660437e+02 1.635434e+02
500041 2.498448e-01 1.644460e+02 1.607234e+02
600158 2.498448e-01 1.628892e+02 1.595102e+02
700000 2.498448e-01 1.604132e+02 1.593949e+02
800121 2.498448e-01 1.593687e+02 1.593687e+02
900007 2.498448e-01 1.593687e+02 1.593687e+02
1000002 2.498448e-01 1.593687e+02 1.593687e+02
600 2.496758e-01 3.990314e+03 3.307998e+02
100363 2.496758e-01 1.948512e+02 1.675206e+02
200129 2.496758e-01 1.739474e+02 1.655515e+02
300042 2.496758e-01 1.676970e+02 1.640391e+02
400059 2.496758e-01 1.658818e+02 1.623295e+02
500097 2.496758e-01 1.644411e+02 1.611712e+02
600062 2.496758e-01 1.625486e+02 1.598129e+02
700182 2.496758e-01 1.586587e+02 1.586313e+02
800073 2.496758e-01 1.586184e+02 1.586184e+02
900063 2.496758e-01 1.586184e+02 1.586184e+02
1000001 2.496758e-01 1.586184e+02 1.586184e+02
1.59e+02 (9.36e-01): 
1.593687e+02 1.593687e+02 1.593687e+02 1.586184e+02 1.614049e+02 1.614049e+02 1.593687e+02 1.593687e+02 1.614049e+02 1.593687e+02 1.586184e+02 1.586184e+02 1.586184e+02 1.593687e+02 1.593687e+02 1.614049e+02 1.593687e+02 1.586184e+02 1.586184e+02 1.586184e+02 1.593687e+02 1.586184e+02 1.593687e+02 1.614049e+02 1.593687e+02 1.593687e+02 1.593687e+02 1.593687e+02 1.593687e+02 1.586184e+02 