2400 2.506985e-01 3.242932e+10 4.317477e+09
1001974 2.506985e-01 4.815892e+06 8.240797e+00
2000638 2.506985e-01 3.918287e+05 8.240797e+00
3000391 2.506985e-01 5.886412e+03 5.361101e+00
4001338 2.506985e-01 6.967294e+01 5.361101e+00
5000560 2.506985e-01 3.004050e+01 5.361101e+00
6000547 2.506985e-01 1.858903e+01 4.473475e+00
7000127 2.506985e-01 1.129486e+01 3.027615e+00
8000152 2.506985e-01 6.352573e+00 8.210035e-01
9000555 2.506985e-01 2.780132e+00 1.463520e-01
10000003 2.506985e-01 1.163153e-01 1.152297e-01
2400 2.506362e-01 3.223074e+10 1.120586e+09
1001668 2.506362e-01 4.814513e+06 8.928978e+00
2001167 2.506362e-01 4.299953e+05 8.498356e+00
3001180 2.506362e-01 6.673890e+03 7.364942e+00
4001244 2.506362e-01 6.036567e+01 4.406696e+00
5000404 2.506362e-01 2.818852e+01 4.406696e+00
6000576 2.506362e-01 1.799272e+01 3.186979e+00
7000082 2.506362e-01 1.086767e+01 2.116042e+00
8000311 2.506362e-01 6.084281e+00 1.671826e+00
9000133 2.506362e-01 2.627249e+00 1.840378e-01
10000001 2.506362e-01 1.683787e-01 1.600432e-01
2400 2.503384e-01 3.216273e+10 1.719335e+09
1000154 2.503384e-01 5.229102e+06 1.065601e+01
2001906 2.503384e-01 4.072867e+05 1.023390e+01
3000897 2.503384e-01 7.052649e+03 8.700712e+00
4000303 2.503384e-01 7.165183e+01 4.756354e+00
5000907 2.503384e-01 3.010045e+01 4.753172e+00
6000582 2.503384e-01 1.890994e+01 3.900092e+00
7000457 2.503384e-01 1.155952e+01 2.288820e+00
8000304 2.503384e-01 6.737095e+00 7.553397e-01
9000036 2.503384e-01 2.689493e+00 2.163924e-01
10000004 2.503384e-01 1.379902e-01 1.378070e-01
2400 2.518746e-01 3.216730e+10 3.649441e+09
1000098 2.518746e-01 5.351647e+06 8.529686e+00
2000652 2.518746e-01 4.428769e+05 8.322183e+00
3000506 2.518746e-01 8.147369e+03 8.315701e+00
4001306 2.518746e-01 8.552614e+01 7.578452e+00
5000439 2.518746e-01 3.147044e+01 4.788968e+00
6000512 2.518746e-01 1.905326e+01 3.467481e+00
7000112 2.518746e-01 1.160884e+01 1.875667e+00
8000010 2.518746e-01 6.767552e+00 9.770137e-01
9000404 2.518746e-01 3.184034e+00 1.761718e-01
10000005 2.518746e-01 1.858136e-01 1.654935e-01
2400 2.495045e-01 3.248315e+10 2.397128e+09
1000551 2.495045e-01 5.310340e+06 1.044865e+01
2000140 2.495045e-01 4.490584e+05 1.241667e+00
3001189 2.495045e-01 8.396939e+03 1.241667e+00
4001113 2.495045e-01 6.703458e+01 1.241667e+00
5000278 2.495045e-01 2.899915e+01 1.241667e+00
6000558 2.495045e-01 1.845423e+01 1.241667e+00
7000640 2.495045e-01 1.114194e+01 1.241667e+00
8000296 2.495045e-01 6.230218e+00 7.588161e-01
9000277 2.495045e-01 2.473669e+00 2.594318e-01
10000004 2.495045e-01 2.426207e-01 2.366032e-01
2400 2.498388e-01 3.234722e+10 2.357648e+09
1000384 2.498388e-01 4.932975e+06 6.177800e+00
2001403 2.498388e-01 3.802395e+05 6.177800e+00
3001168 2.498388e-01 6.185587e+03 6.177800e+00
4000198 2.498388e-01 6.572292e+01 3.172998e+00
5002478 2.498388e-01 2.858047e+01 3.172998e+00
6000777 2.498388e-01 1.786570e+01 3.171709e+00
7000045 2.498388e-01 1.045148e+01 2.534883e+00
8000298 2.498388e-01 6.031817e+00 1.839861e+00
9000043 2.498388e-01 2.516563e+00 1.444136e-01
9999936 2.499429e-01 1.047089e-01 1.045948e-01
2400 2.511137e-01 3.245062e+10 3.544105e+09
1000007 2.511137e-01 5.675652e+06 8.316295e+00
2000283 2.511137e-01 5.381340e+05 8.201242e+00
3001448 2.511137e-01 5.536477e+03 8.201242e+00
4001376 2.511137e-01 5.783653e+01 7.313800e+00
5000626 2.511137e-01 2.734033e+01 2.175303e+00
6000701 2.511137e-01 1.723442e+01 2.175303e+00
7000508 2.511137e-01 1.075248e+01 1.961075e+00
8000283 2.511137e-01 6.152413e+00 1.008760e+00
9000208 2.511137e-01 2.705508e+00 1.350875e-01
10000001 2.511137e-01 7.207693e-02 7.130133e-02
2400 2.495682e-01 3.228793e+10 1.931709e+09
1000821 2.495682e-01 4.979712e+06 7.386763e+00
2001036 2.495682e-01 4.175054e+05 5.390934e+00
3000179 2.495682e-01 5.561980e+03 5.390934e+00
4000935 2.495682e-01 7.286049e+01 5.390934e+00
5000445 2.495682e-01 2.938496e+01 4.988959e+00
6000198 2.495682e-01 1.889199e+01 4.002314e+00
7000535 2.495682e-01 1.162723e+01 2.586737e+00
8000252 2.495682e-01 6.548011e+00 1.223000e+00
9000163 2.495682e-01 2.671424e+00 2.710926e-01
10000004 2.495682e-01 1.164298e-01 1.056024e-01
2400 2.504202e-01 3.217883e+10 2.722249e+09
1002092 2.504202e-01 5.749585e+06 5.617149e+00
2000624 2.504202e-01 4.670603e+05 5.617149e+00
3000838 2.504202e-01 6.236744e+03 3.288808e+00
4000470 2.504202e-01 5.930457e+01 3.288808e+00
5000477 2.504202e-01 2.707124e+01 3.264497e+00
6000431 2.504202e-01 1.707384e+01 1.345011e+00
7000618 2.504202e-01 1.058690e+01 7.350413e-01
8000245 2.504202e-01 6.642585e+00 4.868043e-01
9000182 2.504202e-01 3.047889e+00 3.608502e-01
10000001 2.504202e-01 2.005595e-01 2.004124e-01
2400 2.498864e-01 3.246015e+10 2.142702e+09
1001016 2.498864e-01 4.698379e+06 8.573591e+00
2001367 2.498864e-01 3.980114e+05 8.571437e+00
3001275 2.498864e-01 6.657095e+03 7.883864e+00
4000973 2.498864e-01 6.655225e+01 6.225553e+00
5000776 2.498864e-01 2.879035e+01 3.572103e+00
6000959 2.498864e-01 1.804475e+01 3.377374e+00
7000206 2.498864e-01 1.105956e+01 2.547313e+00
8000388 2.498864e-01 6.065042e+00 1.221882e+00
9000008 2.498864e-01 2.554380e+00 2.400272e-01
10000000 2.498864e-01 9.240502e-02 9.209152e-02
2400 2.502866e-01 3.190780e+10 8.401933e+08
1002059 2.502866e-01 4.819408e+06 7.792773e+00
2001527 2.502866e-01 4.159452e+05 5.648856e+00
3001421 2.502866e-01 9.007755e+03 5.648856e+00
4001326 2.502866e-01 6.620596e+01 5.648856e+00
5000637 2.502866e-01 2.886374e+01 4.581794e+00
6000872 2.502866e-01 1.736694e+01 4.575556e+00
7000514 2.502866e-01 1.080379e+01 1.713513e+00
8000725 2.502866e-01 5.974731e+00 5.064475e-01
9000116 2.502866e-01 2.492778e+00 2.537079e-01
9999995 2.503909e-01 1.693058e-01 1.628489e-01
2400 2.494391e-01 3.246438e+10 2.467011e+09
1001255 2.494391e-01 5.229900e+06 1.187985e+01
2000049 2.494391e-01 5.024031e+05 4.752319e+00
3001025 2.494391e-01 8.754804e+03 4.752319e+00
4001154 2.494391e-01 7.080521e+01 4.548853e+00
5000939 2.494391e-01 2.864172e+01 4.543173e+00
6000846 2.494391e-01 1.817270e+01 4.169352e+00
7000213 2.494391e-01 1.055024e+01 2.461137e+00
8000204 2.494391e-01 6.294955e+00 1.444203e+00
9000014 2.494391e-01 2.739264e+00 2.395789e-01
10000001 2.494391e-01 1.424955e-01 1.382238e-01
2400 2.506215e-01 3.241722e+10 2.563155e+09
1002346 2.506215e-01 4.942536e+06 1.173975e+01
2000298 2.506215e-01 4.578425e+05 1.151043e+01
3001677 2.506215e-01 9.644619e+03 3.650631e+00
4000654 2.506215e-01 7.502875e+01 3.650631e+00
5000851 2.506215e-01 2.949796e+01 3.650631e+00
6000050 2.506215e-01 1.871149e+01 3.649618e+00
7000566 2.506215e-01 1.082188e+01 2.202766e+00
8000165 2.506215e-01 5.582212e+00 1.045320e+00
9000234 2.506215e-01 2.025360e+00 1.253643e-01
9999944 2.507259e-01 1.456984e-01 1.228155e-01
2400 2.501195e-01 3.199217e+10 3.718262e+09
1001501 2.501195e-01 5.344591e+06 9.949626e+00
2001157 2.501195e-01 4.889957e+05 7.168623e+00
3001511 2.501195e-01 8.837178e+03 6.653734e+00
4000901 2.501195e-01 8.634077e+01 5.070048e+00
5000293 2.501195e-01 2.928455e+01 5.070048e+00
6000368 2.501195e-01 1.710648e+01 3.333474e+00
7000440 2.501195e-01 9.843223e+00 1.325361e+00
8000452 2.501195e-01 5.158903e+00 7.517790e-01
9000067 2.501195e-01 1.687574e+00 1.630235e-01
10000003 2.501195e-01 1.115045e-01 1.034364e-01
2400 2.481803e-01 3.216453e+10 1.497007e+09
1002919 2.481803e-01 5.065141e+06 1.150018e+01
2000136 2.481803e-01 4.990316e+05 7.193633e+00
3001655 2.481803e-01 8.007943e+03 7.193633e+00
4000861 2.481803e-01 6.296028e+01 7.193633e+00
5000238 2.481803e-01 2.803605e+01 4.270570e+00
6000536 2.481803e-01 1.826837e+01 4.252997e+00
7000323 2.481803e-01 1.107914e+01 1.972654e+00
8000081 2.481803e-01 6.518781e+00 1.358479e+00
9000188 2.481803e-01 3.139339e+00 1.249088e+00
10000002 2.481803e-01 1.822413e-01 1.821036e-01
2400 2.493744e-01 3.188517e+10 2.863457e+09
1001138 2.493744e-01 4.793658e+06 8.482472e+00
2000709 2.493744e-01 4.198616e+05 8.427340e+00
3001047 2.493744e-01 7.000394e+03 6.900635e+00
4001327 2.493744e-01 6.329078e+01 2.561663e+00
5000086 2.493744e-01 2.867841e+01 2.560172e+00
6000786 2.493744e-01 1.778083e+01 2.560172e+00
7000330 2.493744e-01 1.092031e+01 2.242418e+00
8000248 2.493744e-01 6.263394e+00 9.434278e-01
9000116 2.493744e-01 2.665926e+00 3.073943e-01
10000003 2.493744e-01 1.959449e-01 1.959127e-01
2400 2.498025e-01 3.210895e+10 3.304173e+09
1001409 2.498025e-01 4.930234e+06 1.014817e+01
2001670 2.498025e-01 4.725527e+05 6.882080e+00
3000569 2.498025e-01 6.673682e+03 6.882080e+00
4001248 2.498025e-01 6.814210e+01 6.034937e+00
5000581 2.498025e-01 3.049953e+01 5.735334e+00
6000055 2.498025e-01 1.937444e+01 4.646032e+00
7000624 2.498025e-01 1.161710e+01 3.190428e+00
8000435 2.498025e-01 6.458482e+00 1.405605e+00
9000088 2.498025e-01 2.831908e+00 3.391799e-01
10000004 2.498025e-01 2.917144e-01 2.916069e-01
2400 2.496571e-01 3.193670e+10 3.435074e+09
1002804 2.496571e-01 4.970098e+06 1.009606e+01
2001333 2.496571e-01 5.015060e+05 7.080578e+00
3001482 2.496571e-01 6.555578e+03 7.080578e+00
4000296 2.496571e-01 6.965989e+01 5.486962e+00
5000566 2.496571e-01 3.031291e+01 5.486962e+00
6000367 2.496571e-01 1.859719e+01 2.859115e+00
7000153 2.496571e-01 1.107279e+01 2.312690e+00
8000164 2.496571e-01 6.257269e+00 8.413151e-01
9000148 2.496571e-01 2.538144e+00 3.155908e-01
10000004 2.496571e-01 1.313543e-01 1.313234e-01
2400 2.504732e-01 3.220827e+10 1.559223e+09
1001131 2.504732e-01 5.190476e+06 1.019800e+01
2001251 2.504732e-01 4.910946e+05 7.340697e+00
3001492 2.504732e-01 8.013364e+03 6.706743e+00
4000653 2.504732e-01 7.229271e+01 6.706743e+00
5000617 2.504732e-01 3.018818e+01 6.706743e+00
6000814 2.504732e-01 1.875581e+01 1.526005e+00
7000032 2.504732e-01 1.160584e+01 1.506573e+00
8000218 2.504732e-01 6.776186e+00 5.680415e-01
9000005 2.504732e-01 3.026272e+00 2.621082e-01
10000005 2.504732e-01 1.528972e-01 1.525048e-01
2400 2.494730e-01 3.206349e+10 3.103470e+09
1000209 2.494730e-01 4.609078e+06 9.597607e+00
2000498 2.494730e-01 3.976952e+05 8.024665e+00
3002159 2.494730e-01 5.134339e+03 6.684134e+00
4000338 2.494730e-01 5.770870e+01 6.031491e+00
5000337 2.494730e-01 2.766316e+01 5.178390e+00
6000831 2.494730e-01 1.773061e+01 3.845648e+00
7000410 2.494730e-01 1.039558e+01 1.916333e+00
8000420 2.494730e-01 5.648841e+00 1.228097e+00
9000032 2.494730e-01 1.851803e+00 1.841539e-01
9999966 2.495769e-01 7.826706e-02 7.110922e-02
2400 2.499714e-01 3.228232e+10 3.727935e+09
1000176 2.499714e-01 5.370260e+06 1.162685e+01
2001078 2.499714e-01 4.175304e+05 9.339306e+00
3000122 2.499714e-01 4.910409e+03 6.024397e+00
4000372 2.499714e-01 5.965920e+01 4.576601e+00
5000393 2.499714e-01 2.709406e+01 4.576601e+00
6000777 2.499714e-01 1.673076e+01 2.398197e+00
7000023 2.499714e-01 1.024597e+01 1.275116e+00
8000258 2.499714e-01 5.930589e+00 6.779400e-01
9000242 2.499714e-01 2.053752e+00 1.217714e-01
10000000 2.499714e-01 9.200802e-02 8.489101e-02
2400 2.496853e-01 3.223670e+10 3.217702e+09
1000255 2.496853e-01 5.010389e+06 6.098756e+00
2001455 2.496853e-01 4.868589e+05 6.093680e+00
3000341 2.496853e-01 6.072529e+03 6.045969e+00
4001007 2.496853e-01 6.594974e+01 5.184687e+00
5001020 2.496853e-01 2.945257e+01 5.183344e+00
6000717 2.496853e-01 1.811580e+01 4.488602e+00
7000651 2.496853e-01 1.111849e+01 3.396534e+00
8000439 2.496853e-01 6.375370e+00 1.828842e+00
9000065 2.496853e-01 2.930116e+00 2.979846e-01
10000000 2.496853e-01 1.366736e-01 1.363864e-01
2400 2.507830e-01 3.242868e+10 3.217731e+09
1001719 2.507830e-01 5.353321e+06 1.075928e+01
2001397 2.507830e-01 4.670974e+05 7.374929e+00
3000068 2.507830e-01 6.724996e+03 6.719658e+00
4000548 2.507830e-01 6.632250e+01 6.573994e+00
5000104 2.507830e-01 2.913613e+01 5.929958e+00
6000556 2.507830e-01 1.744058e+01 4.269686e+00
7000025 2.507830e-01 1.069667e+01 1.978520e+00
8000118 2.507830e-01 6.090508e+00 1.358898e+00
9000183 2.507830e-01 2.508033e+00 1.638894e-01
9999966 2.508875e-01 1.206171e-01 1.201105e-01
2400 2.505462e-01 3.247930e+10 2.103830e+09
1001786 2.505462e-01 4.844171e+06 9.221003e+00
2001382 2.505462e-01 3.969327e+05 8.937098e+00
3001113 2.505462e-01 4.916091e+03 7.531267e+00
4000188 2.505462e-01 5.916964e+01 7.516045e+00
5000893 2.505462e-01 2.888027e+01 3.175816e+00
6000348 2.505462e-01 1.948884e+01 3.167877e+00
7000007 2.505462e-01 1.144860e+01 1.230272e+00
8000307 2.505462e-01 6.648984e+00 6.956251e-01
9000138 2.505462e-01 2.431241e+00 2.410995e-01
10000000 2.505462e-01 1.635906e-01 1.635242e-01
2400 2.505377e-01 3.241398e+10 2.656252e+09
1000409 2.505377e-01 5.311322e+06 4.668823e+00
2001133 2.505377e-01 5.172395e+05 4.668823e+00
3000921 2.505377e-01 6.512363e+03 4.668823e+00
4000985 2.505377e-01 6.671055e+01 4.668823e+00
5001100 2.505377e-01 2.982993e+01 4.668823e+00
6000214 2.505377e-01 1.913546e+01 3.117833e+00
7000356 2.505377e-01 1.128327e+01 1.499806e+00
8000190 2.505377e-01 6.270666e+00 1.136834e+00
9000511 2.505377e-01 2.521134e+00 3.784300e-01
9999941 2.506421e-01 1.066904e-01 1.060458e-01
2400 2.506404e-01 3.207984e+10 2.400162e+09
1000541 2.506404e-01 5.042522e+06 8.840769e+00
2002378 2.506404e-01 5.529131e+05 8.840769e+00
3000514 2.506404e-01 6.873921e+03 7.836117e+00
4000392 2.506404e-01 7.793541e+01 5.819161e+00
5001039 2.506404e-01 3.039310e+01 5.819161e+00
6000884 2.506404e-01 1.933780e+01 4.674970e+00
7000614 2.506404e-01 1.150412e+01 2.658227e+00
8000185 2.506404e-01 6.650562e+00 1.798355e+00
9000251 2.506404e-01 2.410723e+00 3.223589e-01
10000000 2.506404e-01 1.000413e-01 9.987180e-02
2400 2.497604e-01 3.216073e+10 2.056230e+09
1000347 2.497604e-01 5.538302e+06 8.301706e+00
2001111 2.497604e-01 5.017384e+05 7.705306e+00
3000076 2.497604e-01 8.777844e+03 7.678200e+00
4001274 2.497604e-01 6.743915e+01 7.678200e+00
5000071 2.497604e-01 2.893644e+01 5.799134e+00
6000384 2.497604e-01 1.806096e+01 4.192067e+00
7000668 2.497604e-01 1.114623e+01 2.084877e+00
8000331 2.497604e-01 6.323876e+00 8.793813e-01
9000210 2.497604e-01 2.427067e+00 2.739951e-01
10000005 2.497604e-01 8.490665e-02 8.454439e-02
2400 2.503362e-01 3.172409e+10 2.355265e+09
1001646 2.503362e-01 5.178315e+06 1.229870e+01
2000861 2.503362e-01 4.448918e+05 7.607735e+00
3000186 2.503362e-01 7.462707e+03 6.792384e+00
4001364 2.503362e-01 6.717976e+01 2.179290e+00
5000641 2.503362e-01 2.959071e+01 2.179290e+00
6000841 2.503362e-01 1.831364e+01 2.179290e+00
7000373 2.503362e-01 1.051124e+01 2.179290e+00
8000342 2.503362e-01 5.800793e+00 1.134749e+00
9000152 2.503362e-01 2.526702e+00 1.836340e-01
10000000 2.503362e-01 1.390830e-01 1.387188e-01
2400 2.496123e-01 3.204705e+10 2.602273e+09
1001489 2.496123e-01 5.108213e+06 7.523476e+00
2000031 2.496123e-01 4.806193e+05 7.489459e+00
3001894 2.496123e-01 8.538215e+03 7.230165e+00
4001377 2.496123e-01 7.339916e+01 7.051452e+00
5001081 2.496123e-01 2.893738e+01 6.837694e+00
6000902 2.496123e-01 1.825033e+01 5.273089e+00
7000135 2.496123e-01 1.080755e+01 2.138536e+00
8000398 2.496123e-01 6.209709e+00 1.432363e+00
9000154 2.496123e-01 2.421746e+00 1.586002e-01
10000001 2.496123e-01 1.506189e-01 1.500570e-01
2400 2.508741e-01 3.247391e+10 3.030287e+09
1000763 2.508741e-01 5.375673e+06 7.907466e+00
2000412 2.508741e-01 4.334222e+05 7.907466e+00
3000142 2.508741e-01 5.533016e+03 6.003537e+00
4002002 2.508741e-01 6.582433e+01 5.003579e+00
5000749 2.508741e-01 2.826328e+01 5.003579e+00
6000082 2.508741e-01 1.771870e+01 3.513846e+00
7000075 2.508741e-01 1.084686e+01 1.973184e+00
8000382 2.508741e-01 5.841391e+00 1.014805e+00
9000606 2.508741e-01 2.163008e+00 3.024438e-01
10000003 2.508741e-01 1.347243e-01 1.283391e-01
1.38e-01 (4.88e-02): 
1.152297e-01 1.600432e-01 1.378070e-01 1.654935e-01 2.366032e-01 1.045948e-01 7.130133e-02 1.056024e-01 2.004124e-01 9.209152e-02 1.628489e-01 1.382238e-01 1.228155e-01 1.034364e-01 1.821036e-01 1.959127e-01 2.916069e-01 1.313234e-01 1.525048e-01 7.110922e-02 8.489101e-02 1.363864e-01 1.201105e-01 1.635242e-01 1.060458e-01 9.987180e-02 8.454439e-02 1.387188e-01 1.500570e-01 1.283391e-01 