1350 2.496311e-01 1.156256e+11 2.427979e+10
301184 2.496311e-01 2.570075e+07 1.613331e+06
600534 2.496311e-01 4.237179e+05 5.760722e+03
900256 2.496311e-01 5.100855e+03 3.141334e+02
1200504 2.496311e-01 2.167640e+01 3.586296e+00
1500029 2.496311e-01 5.117470e-02 9.701317e-03
1800539 2.496311e-01 1.224263e-05 2.787497e-06
2100078 2.496311e-01 1.189653e-10 2.683009e-11
2400178 2.496311e-01 5.322611e-15 0.000000e+00
2700102 2.496311e-01 0.000000e+00 0.000000e+00
3000004 2.496311e-01 0.000000e+00 0.000000e+00
1350 2.507014e-01 1.152522e+11 1.784335e+10
301184 2.507014e-01 2.560661e+07 1.070019e+06
600534 2.507014e-01 4.187044e+05 5.601668e+03
900256 2.507014e-01 5.193133e+03 3.012074e+02
1200504 2.507014e-01 1.663303e+01 3.705065e+00
1500029 2.507014e-01 4.168777e-02 7.826229e-03
1800539 2.507014e-01 7.922410e-06 1.307753e-06
2100078 2.507014e-01 6.198830e-11 1.460876e-11
2400178 2.507014e-01 4.909204e-15 0.000000e+00
2700035 2.507014e-01 0.000000e+00 0.000000e+00
3000002 2.507014e-01 0.000000e+00 0.000000e+00
1350 2.501181e-01 1.150436e+11 1.856977e+10
301184 2.501181e-01 2.668613e+07 1.253666e+06
600534 2.501181e-01 3.503459e+05 5.128075e+03
900256 2.501181e-01 4.274924e+03 2.009086e+02
1200504 2.501181e-01 2.331414e+01 5.476307e+00
1500029 2.501181e-01 6.447989e-02 1.353505e-02
1800539 2.501181e-01 1.728943e-05 2.787401e-06
2100078 2.501181e-01 2.077126e-10 3.134915e-11
2400178 2.501181e-01 7.027914e-15 0.000000e+00
2700031 2.501181e-01 0.000000e+00 0.000000e+00
3000003 2.501181e-01 0.000000e+00 0.000000e+00
1350 2.517018e-01 1.172378e+11 2.189660e+10
301184 2.517018e-01 2.538442e+07 1.033974e+06
600534 2.517018e-01 3.852902e+05 6.558416e+03
900256 2.517018e-01 3.624785e+03 2.083139e+02
1200504 2.517018e-01 1.950272e+01 3.035652e+00
1500029 2.517018e-01 5.332244e-02 1.188074e-02
1800539 2.517018e-01 1.062172e-05 2.321263e-06
2100078 2.517018e-01 8.610604e-11 2.587797e-11
2400178 2.517018e-01 6.511155e-15 0.000000e+00
2700074 2.517018e-01 0.000000e+00 0.000000e+00
3000004 2.517018e-01 0.000000e+00 0.000000e+00
1350 2.491333e-01 1.141338e+11 2.181084e+10
301184 2.491333e-01 2.461823e+07 9.621054e+05
600534 2.491333e-01 4.148073e+05 4.041191e+03
900256 2.491333e-01 3.695169e+03 1.840770e+02
1200504 2.491333e-01 1.803217e+01 1.386150e+00
1500029 2.491333e-01 3.855008e-02 7.353316e-03
1800539 2.491333e-01 8.444632e-06 1.373598e-06
2100078 2.491333e-01 9.824218e-11 2.110312e-11
2400178 2.491333e-01 6.097749e-15 0.000000e+00
2700061 2.491333e-01 0.000000e+00 0.000000e+00
3000001 2.491333e-01 0.000000e+00 0.000000e+00
1350 2.489672e-01 1.173855e+11 1.901657e+10
301184 2.489672e-01 2.751646e+07 1.367287e+06
600534 2.489672e-01 4.109489e+05 7.087992e+03
900256 2.489672e-01 4.454304e+03 8.605223e+01
1200504 2.489672e-01 2.328301e+01 3.112609e+00
1500029 2.489672e-01 6.394651e-02 1.288676e-02
1800539 2.489672e-01 1.429080e-05 2.460166e-06
2100078 2.489672e-01 1.359420e-10 3.426237e-11
2400178 2.489672e-01 3.979039e-15 0.000000e+00
2700120 2.489672e-01 0.000000e+00 0.000000e+00
3000000 2.489672e-01 0.000000e+00 0.000000e+00
1350 2.511932e-01 1.149647e+11 1.991544e+10
301184 2.511932e-01 2.485022e+07 1.184583e+06
600534 2.511932e-01 3.680425e+05 6.808199e+03
900256 2.511932e-01 3.452776e+03 1.660705e+02
1200504 2.511932e-01 1.871431e+01 3.226790e+00
1500029 2.511932e-01 4.377812e-02 9.657262e-03
1800539 2.511932e-01 8.073808e-06 1.780725e-06
2100078 2.511932e-01 7.802791e-11 1.546141e-11
2400178 2.511932e-01 3.772336e-15 0.000000e+00
2700040 2.511932e-01 0.000000e+00 0.000000e+00
3000003 2.511932e-01 0.000000e+00 0.000000e+00
1350 2.485633e-01 1.129073e+11 9.155434e+09
301184 2.485633e-01 2.586472e+07 1.691216e+06
600534 2.485633e-01 4.686179e+05 5.334969e+03
900256 2.485633e-01 4.673220e+03 1.626772e+02
1200504 2.485633e-01 1.563145e+01 2.765957e+00
1500029 2.485633e-01 4.641959e-02 5.492706e-03
1800539 2.485633e-01 1.229388e-05 2.327842e-06
2100078 2.485633e-01 1.433434e-10 3.058176e-11
2400178 2.485633e-01 4.444122e-15 0.000000e+00
2700027 2.485633e-01 0.000000e+00 0.000000e+00
3000004 2.485633e-01 0.000000e+00 0.000000e+00
1350 2.501132e-01 1.136703e+11 2.274704e+10
301184 2.501132e-01 2.842627e+07 9.046882e+05
600534 2.501132e-01 4.248205e+05 7.445932e+03
900256 2.501132e-01 5.934323e+03 1.695088e+02
1200504 2.501132e-01 2.286971e+01 3.889363e+00
1500029 2.501132e-01 6.208115e-02 1.019188e-02
1800539 2.501132e-01 1.893315e-05 3.488303e-06
2100078 2.501132e-01 3.205245e-10 6.755840e-11
2400178 2.501132e-01 8.371485e-15 0.000000e+00
2700022 2.501132e-01 0.000000e+00 0.000000e+00
2999956 2.502985e-01 0.000000e+00 0.000000e+00
1350 2.517194e-01 1.161971e+11 2.555596e+10
301184 2.517194e-01 2.765476e+07 1.217629e+06
600534 2.517194e-01 4.191742e+05 7.154304e+03
900256 2.517194e-01 6.234051e+03 2.012123e+02
1200504 2.517194e-01 1.713390e+01 2.384750e+00
1500029 2.517194e-01 4.446856e-02 7.453311e-03
1800539 2.517194e-01 7.127262e-06 9.752797e-07
2100078 2.517194e-01 5.071430e-11 1.118394e-11
2400178 2.517194e-01 4.547474e-15 0.000000e+00
2700052 2.517194e-01 0.000000e+00 0.000000e+00
3000004 2.517194e-01 0.000000e+00 0.000000e+00
1350 2.508205e-01 1.167964e+11 1.835432e+10
301184 2.508205e-01 2.837121e+07 1.349271e+06
600534 2.508205e-01 4.232160e+05 4.978301e+03
900256 2.508205e-01 6.285262e+03 4.708991e+02
1200504 2.508205e-01 2.142159e+01 2.542221e+00
1500029 2.508205e-01 8.391657e-02 1.512246e-02
1800539 2.508205e-01 1.752696e-05 2.884501e-06
2100078 2.508205e-01 2.521288e-10 5.468337e-11
2400178 2.508205e-01 8.164782e-15 0.000000e+00
2700034 2.508205e-01 0.000000e+00 0.000000e+00
3000005 2.508205e-01 0.000000e+00 0.000000e+00
1350 2.505376e-01 1.135544e+11 1.646849e+10
301184 2.505376e-01 2.465414e+07 1.188981e+06
600534 2.505376e-01 3.830537e+05 6.670543e+03
900256 2.505376e-01 3.819711e+03 1.446132e+02
1200504 2.505376e-01 1.366129e+01 2.046375e+00
1500029 2.505376e-01 3.509706e-02 5.742069e-03
1800539 2.505376e-01 8.254016e-06 1.762726e-06
2100078 2.505376e-01 6.850174e-11 1.978151e-11
2400178 2.505376e-01 5.374287e-15 0.000000e+00
2700093 2.505376e-01 0.000000e+00 0.000000e+00
3000003 2.505376e-01 0.000000e+00 0.000000e+00
1350 2.500961e-01 1.162407e+11 1.445892e+10
301184 2.500961e-01 2.376822e+07 1.145961e+06
600534 2.500961e-01 3.841116e+05 5.112157e+03
900256 2.500961e-01 3.676060e+03 1.984651e+02
1200504 2.500961e-01 1.626276e+01 2.884263e+00
1500029 2.500961e-01 3.306049e-02 4.940705e-03
1800539 2.500961e-01 6.003795e-06 1.001301e-06
2100078 2.500961e-01 3.855057e-11 4.746425e-12
2400178 2.500961e-01 5.012556e-15 0.000000e+00
2700099 2.500961e-01 0.000000e+00 0.000000e+00
3000000 2.500961e-01 0.000000e+00 0.000000e+00
1350 2.483818e-01 1.164056e+11 1.985780e+10
301184 2.483818e-01 2.654114e+07 1.050947e+06
600534 2.483818e-01 4.199789e+05 5.889525e+03
900256 2.483818e-01 5.134989e+03 2.277422e+02
1200504 2.483818e-01 1.732873e+01 3.397884e+00
1500029 2.483818e-01 4.497137e-02 1.107762e-02
1800539 2.483818e-01 1.001587e-05 1.837336e-06
2100078 2.483818e-01 9.860200e-11 1.529088e-11
2400178 2.483818e-01 5.167584e-15 0.000000e+00
2700017 2.483818e-01 0.000000e+00 0.000000e+00
3000003 2.483818e-01 0.000000e+00 0.000000e+00
1350 2.482733e-01 1.143228e+11 1.855425e+10
301184 2.482733e-01 2.870158e+07 1.537126e+06
600534 2.482733e-01 4.694738e+05 5.222922e+03
900256 2.482733e-01 5.857163e+03 2.172042e+02
1200504 2.482733e-01 1.499046e+01 2.488407e+00
1500029 2.482733e-01 3.485841e-02 7.469656e-03
1800539 2.482733e-01 1.135096e-05 2.691105e-06
2100078 2.482733e-01 2.245112e-10 3.198863e-11
2400178 2.482733e-01 5.736018e-15 0.000000e+00
2700129 2.482733e-01 0.000000e+00 0.000000e+00
2999985 2.484572e-01 0.000000e+00 0.000000e+00
1350 2.495577e-01 1.172185e+11 2.066563e+10
301184 2.495577e-01 2.482368e+07 5.967966e+05
600534 2.495577e-01 4.220225e+05 1.262697e+04
900256 2.495577e-01 4.992853e+03 1.751346e+02
1200504 2.495577e-01 2.116313e+01 5.243692e+00
1500029 2.495577e-01 5.612896e-02 1.060530e-02
1800539 2.495577e-01 1.600543e-05 1.296031e-06
2100078 2.495577e-01 1.474916e-10 2.877698e-11
2400178 2.495577e-01 7.182941e-15 0.000000e+00
2700006 2.495577e-01 0.000000e+00 0.000000e+00
3000003 2.495577e-01 0.000000e+00 0.000000e+00
1350 2.488993e-01 1.169884e+11 2.248436e+10
301184 2.488993e-01 2.786512e+07 1.647075e+06
600534 2.488993e-01 4.333039e+05 7.098505e+03
900256 2.488993e-01 5.421778e+03 2.195950e+02
1200504 2.488993e-01 1.802850e+01 4.324896e+00
1500029 2.488993e-01 5.042972e-02 5.869935e-03
1800539 2.488993e-01 1.141723e-05 1.923214e-06
2100078 2.488993e-01 1.226125e-10 3.056755e-11
2400178 2.488993e-01 4.650825e-15 0.000000e+00
2700047 2.488993e-01 0.000000e+00 0.000000e+00
3000004 2.488993e-01 0.000000e+00 0.000000e+00
1350 2.490368e-01 1.143199e+11 1.986718e+10
301184 2.490368e-01 2.638928e+07 9.540307e+05
600534 2.490368e-01 3.810093e+05 6.697159e+03
900256 2.490368e-01 3.786606e+03 5.854474e+01
1200504 2.490368e-01 1.222698e+01 3.014289e+00
1500029 2.490368e-01 2.260638e-02 4.438233e-03
1800539 2.490368e-01 5.011247e-06 1.111378e-06
2100078 2.490368e-01 6.490580e-11 1.379874e-11
2400178 2.490368e-01 5.580990e-15 0.000000e+00
2700021 2.490368e-01 0.000000e+00 0.000000e+00
3000005 2.490368e-01 0.000000e+00 0.000000e+00
1350 2.496526e-01 1.134667e+11 1.225182e+10
301184 2.496526e-01 2.685006e+07 1.790422e+06
600534 2.496526e-01 4.051444e+05 1.084266e+04
900256 2.496526e-01 5.531047e+03 2.320478e+02
1200504 2.496526e-01 1.951828e+01 3.582626e+00
1500029 2.496526e-01 4.943453e-02 1.393772e-02
1800539 2.496526e-01 1.235225e-05 3.542614e-06
2100078 2.496526e-01 1.157520e-10 1.726619e-11
2400178 2.496526e-01 4.340770e-15 0.000000e+00
2700051 2.496526e-01 0.000000e+00 0.000000e+00
3000000 2.496526e-01 0.000000e+00 0.000000e+00
1350 2.502708e-01 1.152835e+11 1.784384e+10
301184 2.502708e-01 2.616617e+07 8.212378e+05
600534 2.502708e-01 4.037987e+05 6.138646e+03
900256 2.502708e-01 5.040858e+03 1.615672e+02
1200504 2.502708e-01 1.754467e+01 2.318291e+00
1500029 2.502708e-01 3.670548e-02 7.779242e-03
1800539 2.502708e-01 6.905512e-06 1.263223e-06
2100078 2.502708e-01 7.505030e-11 1.675460e-11
2400178 2.502708e-01 5.012556e-15 0.000000e+00
2700072 2.502708e-01 0.000000e+00 0.000000e+00
3000005 2.502708e-01 0.000000e+00 0.000000e+00
1350 2.497022e-01 1.141950e+11 2.032693e+10
301184 2.497022e-01 2.586076e+07 8.382803e+05
600534 2.497022e-01 4.118786e+05 6.265912e+03
900256 2.497022e-01 6.060449e+03 2.283109e+02
1200504 2.497022e-01 2.130336e+01 3.492628e+00
1500029 2.497022e-01 6.897555e-02 1.468000e-02
1800539 2.497022e-01 1.118173e-05 1.552442e-06
2100078 2.497022e-01 9.912009e-11 2.386003e-11
2400178 2.497022e-01 5.322611e-15 0.000000e+00
2700083 2.497022e-01 0.000000e+00 0.000000e+00
3000002 2.497022e-01 0.000000e+00 0.000000e+00
1350 2.499288e-01 1.132635e+11 1.495870e+10
301184 2.499288e-01 2.733119e+07 7.668252e+05
600534 2.499288e-01 4.517615e+05 3.267976e+03
900256 2.499288e-01 4.637234e+03 2.023609e+02
1200504 2.499288e-01 1.986578e+01 4.010903e+00
1500029 2.499288e-01 4.864068e-02 3.557625e-03
1800539 2.499288e-01 9.915384e-06 2.844090e-06
2100078 2.499288e-01 8.661186e-11 1.433875e-11
2400178 2.499288e-01 5.994397e-15 0.000000e+00
2700098 2.499288e-01 0.000000e+00 0.000000e+00
2999964 2.501139e-01 0.000000e+00 0.000000e+00
1350 2.501657e-01 1.151613e+11 2.709312e+10
301184 2.501657e-01 2.684401e+07 1.055483e+06
600534 2.501657e-01 3.788135e+05 8.752534e+03
900256 2.501657e-01 3.902574e+03 1.844059e+02
1200504 2.501657e-01 1.762023e+01 3.560887e+00
1500029 2.501657e-01 4.063094e-02 7.417603e-03
1800539 2.501657e-01 1.408248e-05 2.987857e-06
2100078 2.501657e-01 2.343698e-10 4.260414e-11
2400178 2.501657e-01 4.754177e-15 0.000000e+00
2700000 2.501657e-01 0.000000e+00 0.000000e+00
3000004 2.501657e-01 0.000000e+00 0.000000e+00
1350 2.514127e-01 1.147799e+11 2.262327e+10
301184 2.514127e-01 2.541973e+07 1.809324e+06
600534 2.514127e-01 3.771019e+05 3.581087e+03
900256 2.514127e-01 3.789995e+03 1.937616e+02
1200504 2.514127e-01 1.919996e+01 3.299595e+00
1500029 2.514127e-01 3.944101e-02 1.068253e-02
1800539 2.514127e-01 7.546663e-06 1.807757e-06
2100078 2.514127e-01 1.134201e-10 3.191758e-11
2400178 2.514127e-01 4.702501e-15 0.000000e+00
2700099 2.514127e-01 0.000000e+00 0.000000e+00
2999971 2.515989e-01 0.000000e+00 0.000000e+00
1350 2.488899e-01 1.165585e+11 2.062664e+10
301184 2.488899e-01 2.639819e+07 6.054548e+05
600534 2.488899e-01 4.102885e+05 4.515796e+03
900256 2.488899e-01 4.009986e+03 1.845987e+02
1200504 2.488899e-01 1.938822e+01 2.091644e+00
1500029 2.488899e-01 5.384832e-02 7.873527e-03
1800539 2.488899e-01 8.516014e-06 1.144870e-06
2100078 2.488899e-01 9.405588e-11 1.837464e-11
2400178 2.488899e-01 2.583792e-15 0.000000e+00
2700040 2.488899e-01 0.000000e+00 0.000000e+00
3000003 2.488899e-01 0.000000e+00 0.000000e+00
1350 2.507241e-01 1.158437e+11 2.644600e+10
301184 2.507241e-01 2.767500e+07 1.632272e+06
600534 2.507241e-01 3.839665e+05 6.471723e+03
900256 2.507241e-01 4.993819e+03 1.166425e+02
1200504 2.507241e-01 2.429781e+01 4.379223e+00
1500029 2.507241e-01 5.785889e-02 1.333954e-02
1800539 2.507241e-01 9.647386e-06 2.486446e-06
2100078 2.507241e-01 9.961385e-11 2.569323e-11
2400178 2.507241e-01 3.772336e-15 0.000000e+00
2700053 2.507241e-01 0.000000e+00 0.000000e+00
3000000 2.507241e-01 0.000000e+00 0.000000e+00
1350 2.500212e-01 1.153669e+11 1.046342e+10
301184 2.500212e-01 2.730008e+07 1.142873e+06
600534 2.500212e-01 4.385557e+05 6.231323e+03
900256 2.500212e-01 5.285666e+03 3.237888e+02
1200504 2.500212e-01 1.889307e+01 4.329269e+00
1500029 2.500212e-01 3.444385e-02 7.184556e-03
1800539 2.500212e-01 9.220848e-06 1.988861e-06
2100078 2.500212e-01 1.266510e-10 2.424372e-11
2400178 2.500212e-01 5.425963e-15 0.000000e+00
2700064 2.500212e-01 0.000000e+00 0.000000e+00
3000002 2.500212e-01 0.000000e+00 0.000000e+00
1350 2.508352e-01 1.164050e+11 2.267234e+10
301184 2.508352e-01 2.590968e+07 8.722554e+05
600534 2.508352e-01 3.997414e+05 4.513482e+03
900256 2.508352e-01 4.219068e+03 1.218551e+02
1200504 2.508352e-01 1.646100e+01 3.386748e+00
1500029 2.508352e-01 4.821421e-02 7.807625e-03
1800539 2.508352e-01 8.558498e-06 2.450565e-06
2100078 2.508352e-01 1.322713e-10 2.619061e-11
2400178 2.508352e-01 5.529314e-15 0.000000e+00
2700006 2.508352e-01 0.000000e+00 0.000000e+00
3000001 2.508352e-01 0.000000e+00 0.000000e+00
1350 2.499370e-01 1.163266e+11 1.923243e+10
301184 2.499370e-01 2.574275e+07 1.192605e+06
600534 2.499370e-01 4.062500e+05 9.160425e+03
900256 2.499370e-01 3.977071e+03 1.043472e+02
1200504 2.499370e-01 1.992798e+01 4.072200e+00
1500029 2.499370e-01 3.529942e-02 5.007344e-03
1800539 2.499370e-01 1.042545e-05 1.928598e-06
2100078 2.499370e-01 8.143098e-11 1.791989e-11
2400178 2.499370e-01 5.064232e-15 0.000000e+00
2700061 2.499370e-01 0.000000e+00 0.000000e+00
3000004 2.499370e-01 0.000000e+00 0.000000e+00
1350 2.505661e-01 1.158379e+11 1.826914e+10
301184 2.505661e-01 2.606784e+07 1.416102e+06
600534 2.505661e-01 4.529000e+05 6.046288e+03
900256 2.505661e-01 5.316978e+03 2.047788e+02
1200504 2.505661e-01 2.298181e+01 4.901205e+00
1500029 2.505661e-01 6.401610e-02 1.215340e-02
1800539 2.505661e-01 1.727612e-05 3.316089e-06
2100078 2.505661e-01 1.292068e-10 2.333422e-11
2400178 2.505661e-01 7.492996e-15 0.000000e+00
2700003 2.505661e-01 0.000000e+00 0.000000e+00
3000000 2.505661e-01 0.000000e+00 0.000000e+00
0.00e+00 (0.00e+00): 
0.000000e+00 0.000000e+00 0.000000e+00 0.000000e+00 0.000000e+00 0.000000e+00 0.000000e+00 0.000000e+00 0.000000e+00 0.000000e+00 0.000000e+00 0.000000e+00 0.000000e+00 0.000000e+00 0.000000e+00 0.000000e+00 0.000000e+00 0.000000e+00 0.000000e+00 0.000000e+00 0.000000e+00 0.000000e+00 0.000000e+00 0.000000e+00 0.000000e+00 0.000000e+00 0.000000e+00 0.000000e+00 0.000000e+00 0.000000e+00 1350 2.496311e-01 1.156256e+11 2.427979e+10
301184 2.496311e-01 1.437294e+07 3.826071e+05
600534 2.496311e-01 3.883544e+05 5.546013e+03
900256 2.496311e-01 2.047349e+03 6.014404e+01
1200504 2.496311e-01 3.198291e+00 6.425227e-01
1500029 2.496311e-01 1.992520e-03 4.018364e-04
1800539 2.496311e-01 6.776223e-08 1.671212e-08
2100078 2.496311e-01 7.268731e-14 1.421085e-14
2400178 2.496311e-01 0.000000e+00 0.000000e+00
2700022 2.496311e-01 0.000000e+00 0.000000e+00
3000003 2.496311e-01 0.000000e+00 0.000000e+00
1350 2.507014e-01 1.152522e+11 1.784335e+10
301184 2.507014e-01 1.435753e+07 3.788754e+05
600534 2.507014e-01 3.444880e+05 3.110015e+03
900256 2.507014e-01 8.829819e+02 4.760909e+01
1200504 2.507014e-01 1.622247e+00 3.161343e-01
1500029 2.507014e-01 9.545315e-04 1.528153e-04
1800539 2.507014e-01 2.197553e-08 4.158181e-09
2100078 2.507014e-01 2.960305e-14 1.421085e-14
2400178 2.507014e-01 0.000000e+00 0.000000e+00
2700081 2.507014e-01 0.000000e+00 0.000000e+00
3000000 2.507014e-01 0.000000e+00 0.000000e+00
1350 2.501181e-01 1.150436e+11 1.856977e+10
301184 2.501181e-01 1.336328e+07 5.582478e+05
600534 2.501181e-01 3.326630e+05 4.377436e+03
900256 2.501181e-01 1.517375e+03 2.128092e+01
1200504 2.501181e-01 2.299414e+00 4.668424e-01
1500029 2.501181e-01 1.348154e-03 1.696671e-04
1800539 2.501181e-01 4.485285e-08 9.158711e-09
2100078 2.501181e-01 4.318849e-14 1.421085e-14
2400178 2.501181e-01 0.000000e+00 0.000000e+00
2700077 2.501181e-01 0.000000e+00 0.000000e+00
3000001 2.501181e-01 0.000000e+00 0.000000e+00
1350 2.517018e-01 1.172378e+11 2.189660e+10
301184 2.517018e-01 1.449456e+07 5.450164e+05
600534 2.517018e-01 3.810087e+05 6.931181e+03
900256 2.517018e-01 1.276366e+03 5.076724e+01
1200504 2.517018e-01 2.012491e+00 2.966292e-01
1500029 2.517018e-01 1.242066e-03 1.988311e-04
1800539 2.517018e-01 3.230390e-08 7.061772e-09
2100078 2.517018e-01 5.145789e-14 1.421085e-14
2400178 2.517018e-01 0.000000e+00 0.000000e+00
2700026 2.517018e-01 0.000000e+00 0.000000e+00
3000000 2.517018e-01 0.000000e+00 0.000000e+00
1350 2.491333e-01 1.141338e+11 2.181084e+10
301184 2.491333e-01 1.582930e+07 5.990779e+05
600534 2.491333e-01 3.528789e+05 2.392582e+03
900256 2.491333e-01 1.147539e+03 6.390439e+01
1200504 2.491333e-01 2.337920e+00 3.751758e-01
1500029 2.491333e-01 1.511110e-03 3.057769e-04
1800539 2.491333e-01 6.179657e-08 1.293810e-08
2100078 2.491333e-01 1.453399e-13 2.842171e-14
2400178 2.491333e-01 0.000000e+00 0.000000e+00
2700119 2.491333e-01 0.000000e+00 0.000000e+00
3000004 2.491333e-01 0.000000e+00 0.000000e+00
1350 2.489672e-01 1.173855e+11 1.901657e+10
301184 2.489672e-01 1.380420e+07 5.106276e+05
600534 2.489672e-01 3.255207e+05 3.055108e+03
900256 2.489672e-01 1.262833e+03 4.553446e+01
1200504 2.489672e-01 1.845553e+00 2.880671e-01
1500029 2.489672e-01 1.182402e-03 1.547039e-04
1800539 2.489672e-01 4.009335e-08 9.915354e-09
2100078 2.489672e-01 8.585580e-14 2.842171e-14
2400178 2.489672e-01 0.000000e+00 0.000000e+00
2700092 2.489672e-01 0.000000e+00 0.000000e+00
3000005 2.489672e-01 0.000000e+00 0.000000e+00
1350 2.511932e-01 1.149647e+11 1.991544e+10
301184 2.511932e-01 1.649977e+07 8.014413e+05
600534 2.511932e-01 3.553598e+05 4.347608e+03
900256 2.511932e-01 1.486707e+03 4.264444e+01
1200504 2.511932e-01 1.634827e+00 3.334661e-01
1500029 2.511932e-01 6.207577e-04 1.299163e-04
1800539 2.511932e-01 2.343525e-08 5.808346e-09
2100078 2.511932e-01 6.546027e-14 1.421085e-14
2400178 2.511932e-01 0.000000e+00 0.000000e+00
2700106 2.511932e-01 0.000000e+00 0.000000e+00
3000000 2.511932e-01 0.000000e+00 0.000000e+00
1350 2.485633e-01 1.129073e+11 9.155434e+09
301184 2.485633e-01 1.569893e+07 3.392160e+05
600534 2.485633e-01 3.122486e+05 5.720078e+03
900256 2.485633e-01 8.578180e+02 5.764844e+01
1200504 2.485633e-01 1.714745e+00 2.265925e-01
1500029 2.485633e-01 1.294573e-03 2.266981e-04
1800539 2.485633e-01 3.804773e-08 7.595830e-09
2100078 2.485633e-01 9.885057e-14 2.842171e-14
2400178 2.485633e-01 0.000000e+00 0.000000e+00
2700079 2.485633e-01 0.000000e+00 0.000000e+00
3000001 2.485633e-01 0.000000e+00 0.000000e+00
1350 2.501132e-01 1.136703e+11 2.274704e+10
301184 2.501132e-01 1.499244e+07 6.305544e+05
600534 2.501132e-01 3.425190e+05 6.254725e+03
900256 2.501132e-01 1.141755e+03 5.091931e+01
1200504 2.501132e-01 2.189008e+00 3.058879e-01
1500029 2.501132e-01 1.754453e-03 4.374121e-04
1800539 2.501132e-01 5.222984e-08 8.056432e-09
2100078 2.501132e-01 1.038539e-13 1.421085e-14
2400178 2.501132e-01 0.000000e+00 0.000000e+00
2700064 2.501132e-01 0.000000e+00 0.000000e+00
3000005 2.501132e-01 0.000000e+00 0.000000e+00
1350 2.517194e-01 1.161971e+11 2.555596e+10
301184 2.517194e-01 1.554092e+07 6.666502e+05
600534 2.517194e-01 3.885894e+05 5.399716e+03
900256 2.517194e-01 1.310456e+03 5.170142e+01
1200504 2.517194e-01 1.630351e+00 2.810336e-01
1500029 2.517194e-01 8.231492e-04 1.460150e-04
1800539 2.517194e-01 2.602779e-08 5.776499e-09
2100078 2.517194e-01 7.591862e-14 1.421085e-14
2400178 2.517194e-01 0.000000e+00 0.000000e+00
2700007 2.517194e-01 0.000000e+00 0.000000e+00
3000002 2.517194e-01 0.000000e+00 0.000000e+00
1350 2.508205e-01 1.167964e+11 1.835432e+10
301184 2.508205e-01 1.378805e+07 4.051375e+05
600534 2.508205e-01 3.174756e+05 2.357314e+03
900256 2.508205e-01 1.560213e+03 6.943622e+01
1200504 2.508205e-01 2.105734e+00 5.011500e-01
1500029 2.508205e-01 2.389269e-03 4.047650e-04
1800539 2.508205e-01 9.112122e-08 1.798087e-08
2100078 2.508205e-01 1.458263e-13 4.263256e-14
2400178 2.508205e-01 0.000000e+00 0.000000e+00
2700107 2.508205e-01 0.000000e+00 0.000000e+00
3000002 2.508205e-01 0.000000e+00 0.000000e+00
1350 2.505376e-01 1.135544e+11 1.646849e+10
301184 2.505376e-01 1.401436e+07 4.965072e+05
600534 2.505376e-01 3.640597e+05 5.911145e+03
900256 2.505376e-01 1.634917e+03 7.260052e+01
1200504 2.505376e-01 2.376637e+00 3.887578e-01
1500029 2.505376e-01 1.243090e-03 2.814195e-04
1800539 2.505376e-01 5.620377e-08 1.085419e-08
2100078 2.505376e-01 1.762632e-13 1.421085e-14
2400178 2.505376e-01 0.000000e+00 0.000000e+00
2700084 2.505376e-01 0.000000e+00 0.000000e+00
3000004 2.505376e-01 0.000000e+00 0.000000e+00
1350 2.500961e-01 1.162407e+11 1.445892e+10
301184 2.500961e-01 1.539385e+07 4.989278e+05
600534 2.500961e-01 3.275070e+05 6.424656e+03
900256 2.500961e-01 9.761338e+02 4.873627e+01
1200504 2.500961e-01 1.450028e+00 2.640867e-01
1500029 2.500961e-01 6.406209e-04 1.178681e-04
1800539 2.500961e-01 2.215433e-08 3.891316e-09
2100078 2.500961e-01 4.502999e-14 1.421085e-14
2400178 2.500961e-01 0.000000e+00 0.000000e+00
2700130 2.500961e-01 0.000000e+00 0.000000e+00
3000001 2.500961e-01 0.000000e+00 0.000000e+00
1350 2.483818e-01 1.164056e+11 1.985780e+10
301184 2.483818e-01 1.459971e+07 3.437913e+05
600534 2.483818e-01 3.123923e+05 6.517032e+03
900256 2.483818e-01 9.538270e+02 4.422791e+01
1200504 2.483818e-01 2.754163e+00 5.104478e-01
1500029 2.483818e-01 2.213935e-03 4.168702e-04
1800539 2.483818e-01 7.690117e-08 1.627892e-08
2100078 2.483818e-01 9.176251e-14 1.421085e-14
2400178 2.483818e-01 0.000000e+00 0.000000e+00
2700035 2.483818e-01 0.000000e+00 0.000000e+00
3000002 2.483818e-01 0.000000e+00 0.000000e+00
1350 2.482733e-01 1.143228e+11 1.855425e+10
301184 2.482733e-01 1.557661e+07 5.903162e+05
600534 2.482733e-01 3.485425e+05 5.789586e+03
900256 2.482733e-01 2.003323e+03 1.147145e+02
1200504 2.482733e-01 2.214085e+00 4.619606e-01
1500029 2.482733e-01 1.345414e-03 2.073326e-04
1800539 2.482733e-01 5.057543e-08 3.643009e-09
2100078 2.482733e-01 7.859402e-14 1.421085e-14
2400178 2.482733e-01 0.000000e+00 0.000000e+00
2700090 2.482733e-01 0.000000e+00 0.000000e+00
3000001 2.482733e-01 0.000000e+00 0.000000e+00
1350 2.495577e-01 1.172185e+11 2.066563e+10
301184 2.495577e-01 1.456150e+07 6.002648e+05
600534 2.495577e-01 3.520727e+05 6.674265e+03
900256 2.495577e-01 2.085589e+03 6.388924e+01
1200504 2.495577e-01 1.763275e+00 3.090687e-01
1500029 2.495577e-01 1.178173e-03 2.114450e-04
1800539 2.495577e-01 4.788645e-08 9.236530e-09
2100078 2.495577e-01 1.081623e-13 2.842171e-14
2400178 2.495577e-01 0.000000e+00 0.000000e+00
2700103 2.495577e-01 0.000000e+00 0.000000e+00
3000002 2.495577e-01 0.000000e+00 0.000000e+00
1350 2.488993e-01 1.169884e+11 2.248436e+10
301184 2.488993e-01 1.501562e+07 6.448860e+05
600534 2.488993e-01 3.957367e+05 7.521866e+03
900256 2.488993e-01 2.405889e+03 8.394372e+01
1200504 2.488993e-01 2.471429e+00 4.756250e-01
1500029 2.488993e-01 1.561901e-03 3.033355e-04
1800539 2.488993e-01 5.118325e-08 1.248198e-08
2100078 2.488993e-01 6.896955e-14 1.421085e-14
2400178 2.488993e-01 0.000000e+00 0.000000e+00
2700025 2.488993e-01 0.000000e+00 0.000000e+00
3000004 2.488993e-01 0.000000e+00 0.000000e+00
1350 2.490368e-01 1.143199e+11 1.986718e+10
301184 2.490368e-01 1.323574e+07 6.667504e+05
600534 2.490368e-01 2.720614e+05 6.711238e+03
900256 2.490368e-01 1.424500e+03 5.409746e+01
1200504 2.490368e-01 1.683038e+00 3.979913e-01
1500029 2.490368e-01 8.321289e-04 1.255540e-04
1800539 2.490368e-01 3.106818e-08 5.471023e-09
2100078 2.490368e-01 8.078298e-14 1.421085e-14
2400178 2.490368e-01 0.000000e+00 0.000000e+00
2700061 2.490368e-01 0.000000e+00 0.000000e+00
2999963 2.492213e-01 0.000000e+00 0.000000e+00
1350 2.496526e-01 1.134667e+11 1.225182e+10
301184 2.496526e-01 1.448747e+07 5.551287e+05
600534 2.496526e-01 3.849383e+05 8.363603e+03
900256 2.496526e-01 2.815283e+03 1.729663e+01
1200504 2.496526e-01 2.189490e+00 5.132371e-01
1500029 2.496526e-01 1.594368e-03 2.005204e-04
1800539 2.496526e-01 5.616534e-08 1.560002e-08
2100078 2.496526e-01 7.744742e-14 1.421085e-14
2400178 2.496526e-01 0.000000e+00 0.000000e+00
2700132 2.496526e-01 0.000000e+00 0.000000e+00
2999981 2.498375e-01 0.000000e+00 0.000000e+00
1350 2.502708e-01 1.152835e+11 1.784384e+10
301184 2.502708e-01 1.410180e+07 5.166819e+05
600534 2.502708e-01 3.457477e+05 2.922690e+03
900256 2.502708e-01 1.746559e+03 5.476747e+01
1200504 2.502708e-01 1.251804e+00 2.537741e-01
1500029 2.502708e-01 9.417414e-04 2.377836e-04
1800539 2.502708e-01 6.675917e-08 1.199120e-08
2100078 2.502708e-01 1.312332e-13 2.842171e-14
2400178 2.502708e-01 0.000000e+00 0.000000e+00
2700000 2.502708e-01 0.000000e+00 0.000000e+00
3000001 2.502708e-01 0.000000e+00 0.000000e+00
1350 2.497022e-01 1.141950e+11 2.032693e+10
301184 2.497022e-01 1.386783e+07 3.717089e+05
600534 2.497022e-01 3.090500e+05 7.351541e+03
900256 2.497022e-01 1.400766e+03 5.237481e+01
1200504 2.497022e-01 1.548494e+00 2.514214e-01
1500029 2.497022e-01 7.114610e-04 1.891076e-04
1800539 2.497022e-01 3.106848e-08 5.897490e-09
2100078 2.497022e-01 7.053309e-14 1.421085e-14
2400178 2.497022e-01 0.000000e+00 0.000000e+00
2700118 2.497022e-01 0.000000e+00 0.000000e+00
3000002 2.497022e-01 0.000000e+00 0.000000e+00
1350 2.499288e-01 1.132635e+11 1.495870e+10
301184 2.499288e-01 1.447046e+07 5.256595e+05
600534 2.499288e-01 3.843543e+05 7.549591e+03
900256 2.499288e-01 1.310049e+03 4.956320e+01
1200504 2.499288e-01 1.801775e+00 2.816623e-01
1500029 2.499288e-01 1.001152e-03 1.465486e-04
1800539 2.499288e-01 2.083977e-08 3.443560e-09
2100078 2.499288e-01 4.836555e-14 1.421085e-14
2400178 2.499288e-01 0.000000e+00 0.000000e+00
2700002 2.499288e-01 0.000000e+00 0.000000e+00
3000004 2.499288e-01 0.000000e+00 0.000000e+00
1350 2.501657e-01 1.151613e+11 2.709312e+10
301184 2.501657e-01 1.387559e+07 7.842297e+05
600534 2.501657e-01 3.185960e+05 5.017860e+03
900256 2.501657e-01 1.582330e+03 6.514867e+01
1200504 2.501657e-01 2.507173e+00 4.989849e-01
1500029 2.501657e-01 1.610067e-03 3.679828e-04
1800539 2.501657e-01 7.182505e-08 1.470971e-08
2100078 2.501657e-01 1.111504e-13 2.842171e-14
2400178 2.501657e-01 0.000000e+00 0.000000e+00
2700090 2.501657e-01 0.000000e+00 0.000000e+00
3000005 2.501657e-01 0.000000e+00 0.000000e+00
1350 2.514127e-01 1.147799e+11 2.262327e+10
301184 2.514127e-01 1.531056e+07 3.713003e+05
600534 2.514127e-01 3.537582e+05 6.862549e+03
900256 2.514127e-01 1.454892e+03 8.067571e+01
1200504 2.514127e-01 2.377138e+00 4.516328e-01
1500029 2.514127e-01 1.547315e-03 3.602323e-04
1800539 2.514127e-01 5.987887e-08 8.015249e-09
2100078 2.514127e-01 1.027073e-13 2.842171e-14
2400178 2.514127e-01 0.000000e+00 0.000000e+00
2700006 2.514127e-01 0.000000e+00 0.000000e+00
2999957 2.515989e-01 0.000000e+00 0.000000e+00
1350 2.488899e-01 1.165585e+11 2.062664e+10
301184 2.488899e-01 1.387115e+07 4.274431e+05
600534 2.488899e-01 3.484776e+05 2.022564e+03
900256 2.488899e-01 1.003652e+03 4.644901e+01
1200504 2.488899e-01 2.452477e+00 3.709515e-01
1500029 2.488899e-01 2.090506e-03 3.628188e-04
1800539 2.488899e-01 7.494780e-08 1.306950e-08
2100078 2.488899e-01 1.636159e-13 2.842171e-14
2400178 2.488899e-01 0.000000e+00 0.000000e+00
2700046 2.488899e-01 0.000000e+00 0.000000e+00
3000003 2.488899e-01 0.000000e+00 0.000000e+00
1350 2.507241e-01 1.158437e+11 2.644600e+10
301184 2.507241e-01 1.463824e+07 7.445857e+05
600534 2.507241e-01 3.769499e+05 3.845876e+03
900256 2.507241e-01 1.553456e+03 2.280570e+01
1200504 2.507241e-01 1.875186e+00 4.389428e-01
1500029 2.507241e-01 9.091571e-04 1.615877e-04
1800539 2.507241e-01 2.735533e-08 5.771895e-09
2100078 2.507241e-01 4.756641e-14 1.421085e-14
2400178 2.507241e-01 0.000000e+00 0.000000e+00
2700083 2.507241e-01 0.000000e+00 0.000000e+00
3000003 2.507241e-01 0.000000e+00 0.000000e+00
1350 2.500212e-01 1.153669e+11 1.046342e+10
301184 2.500212e-01 1.576482e+07 4.484605e+05
600534 2.500212e-01 4.152342e+05 5.919856e+03
900256 2.500212e-01 1.077508e+03 4.617930e+01
1200504 2.500212e-01 1.401974e+00 2.367179e-01
1500029 2.500212e-01 6.449079e-04 1.185606e-04
1800539 2.500212e-01 2.197991e-08 4.428799e-09
2100078 2.500212e-01 7.598812e-14 1.421085e-14
2400178 2.500212e-01 0.000000e+00 0.000000e+00
2700008 2.500212e-01 0.000000e+00 0.000000e+00
3000002 2.500212e-01 0.000000e+00 0.000000e+00
1350 2.508352e-01 1.164050e+11 2.267234e+10
301184 2.508352e-01 1.362240e+07 4.815325e+05
600534 2.508352e-01 3.821347e+05 8.884547e+03
900256 2.508352e-01 1.803714e+03 5.825769e+01
1200504 2.508352e-01 1.570886e+00 3.326062e-01
1500029 2.508352e-01 1.185282e-03 1.870894e-04
1800539 2.508352e-01 5.141801e-08 1.105424e-08
2100078 2.508352e-01 1.254308e-13 2.842171e-14
2400178 2.508352e-01 0.000000e+00 0.000000e+00
2700120 2.508352e-01 0.000000e+00 0.000000e+00
3000002 2.508352e-01 0.000000e+00 0.000000e+00
1350 2.499370e-01 1.163266e+11 1.923243e+10
301184 2.499370e-01 1.504945e+07 9.561331e+05
600534 2.499370e-01 3.658851e+05 4.040458e+03
900256 2.499370e-01 2.442615e+03 8.100980e+01
1200504 2.499370e-01 3.033755e+00 5.088919e-01
1500029 2.499370e-01 1.668142e-03 3.635494e-04
1800539 2.499370e-01 6.315292e-08 7.070696e-09
2100078 2.499370e-01 1.529838e-13 2.842171e-14
2400178 2.499370e-01 0.000000e+00 0.000000e+00
2700094 2.499370e-01 0.000000e+00 0.000000e+00
3000001 2.499370e-01 0.000000e+00 0.000000e+00
1350 2.505661e-01 1.158379e+11 1.826914e+10
301184 2.505661e-01 1.535585e+07 7.566754e+05
600534 2.505661e-01 3.871197e+05 2.426127e+03
900256 2.505661e-01 1.563925e+03 4.598929e+01
1200504 2.505661e-01 1.757305e+00 3.528144e-01
1500029 2.505661e-01 9.879351e-04 1.705739e-04
1800539 2.505661e-01 5.519341e-08 9.352746e-09
2100078 2.505661e-01 9.488959e-14 2.842171e-14
2400178 2.505661e-01 0.000000e+00 0.000000e+00
2700041 2.505661e-01 0.000000e+00 0.000000e+00
3000004 2.505661e-01 0.000000e+00 0.000000e+00
0.00e+00 (0.00e+00): 
0.000000e+00 0.000000e+00 0.000000e+00 0.000000e+00 0.000000e+00 0.000000e+00 0.000000e+00 0.000000e+00 0.000000e+00 0.000000e+00 0.000000e+00 0.000000e+00 0.000000e+00 0.000000e+00 0.000000e+00 0.000000e+00 0.000000e+00 0.000000e+00 0.000000e+00 0.000000e+00 0.000000e+00 0.000000e+00 0.000000e+00 0.000000e+00 0.000000e+00 0.000000e+00 0.000000e+00 0.000000e+00 0.000000e+00 0.000000e+00 1350 2.496311e-01 1.156256e+11 2.427979e+10
300086 2.496311e-01 2.223011e+07 3.199126e-02
601058 2.496311e-01 5.239494e+05 3.199126e-02
900245 2.496311e-01 3.244997e+03 1.284205e-02
1200433 2.496311e-01 3.740984e-01 9.414128e-03
1500109 2.496311e-01 2.024755e-04 3.784111e-05
1800286 2.496311e-01 1.329625e-08 2.118682e-09
2100171 2.496311e-01 3.245217e-14 1.421085e-14
2400076 2.496311e-01 0.000000e+00 0.000000e+00
2700116 2.496311e-01 0.000000e+00 0.000000e+00
3000005 2.496311e-01 0.000000e+00 0.000000e+00
1350 2.507014e-01 1.152522e+11 1.784335e+10
300634 2.507014e-01 2.489292e+07 2.626210e-02
600073 2.507014e-01 4.982649e+05 2.626210e-02
900091 2.507014e-01 3.256935e+03 5.464349e-03
1200089 2.507014e-01 2.243200e-01 5.448299e-03
1500270 2.507014e-01 3.642568e-04 6.233655e-05
1800419 2.507014e-01 3.023410e-08 5.638057e-09
2100268 2.507014e-01 1.879377e-13 4.263256e-14
2400267 2.507014e-01 0.000000e+00 0.000000e+00
2700067 2.507014e-01 0.000000e+00 0.000000e+00
3000004 2.507014e-01 0.000000e+00 0.000000e+00
1350 2.501181e-01 1.150436e+11 1.856977e+10
300688 2.501181e-01 2.302196e+07 2.558881e-02
600086 2.501181e-01 5.361082e+05 1.488085e-02
900796 2.501181e-01 4.362545e+03 1.004176e-02
1200604 2.501181e-01 1.543001e-01 8.376405e-03
1500641 2.501181e-01 2.301190e-04 3.520296e-05
1800115 2.501181e-01 1.250218e-08 2.070337e-09
2100107 2.501181e-01 2.859544e-14 0.000000e+00
2400117 2.501181e-01 0.000000e+00 0.000000e+00
2700030 2.501181e-01 0.000000e+00 0.000000e+00
3000003 2.501181e-01 0.000000e+00 0.000000e+00
1350 2.517018e-01 1.172378e+11 2.189660e+10
300408 2.517018e-01 2.267687e+07 3.335139e-02
601237 2.517018e-01 5.455167e+05 3.335139e-02
900627 2.517018e-01 3.444657e+03 8.855120e-03
1200321 2.517018e-01 2.921724e-01 8.661753e-03
1500517 2.517018e-01 3.592040e-04 4.533928e-05
1800201 2.517018e-01 2.399804e-08 5.083052e-09
2100202 2.517018e-01 7.279154e-14 1.421085e-14
2400225 2.517018e-01 0.000000e+00 0.000000e+00
2700101 2.517018e-01 0.000000e+00 0.000000e+00
3000001 2.517018e-01 0.000000e+00 0.000000e+00
1350 2.491333e-01 1.141338e+11 2.181084e+10
300308 2.491333e-01 2.332296e+07 4.117880e-02
600126 2.491333e-01 5.273488e+05 4.062361e-02
900827 2.491333e-01 4.746835e+03 1.919727e-02
1200459 2.491333e-01 1.649158e-01 1.614353e-02
1500293 2.491333e-01 2.365277e-04 5.447768e-05
1800303 2.491333e-01 1.382598e-08 2.759833e-09
2100257 2.491333e-01 4.457830e-14 1.421085e-14
2400123 2.491333e-01 0.000000e+00 0.000000e+00
2700003 2.491333e-01 0.000000e+00 0.000000e+00
2999956 2.493178e-01 0.000000e+00 0.000000e+00
1350 2.489672e-01 1.173855e+11 1.901657e+10
301203 2.489672e-01 2.320358e+07 5.272550e-02
600953 2.489672e-01 4.954701e+05 4.690584e-02
900474 2.489672e-01 3.227733e+03 2.020201e-02
1200287 2.489672e-01 1.800495e-01 1.276160e-02
1500142 2.489672e-01 1.666571e-04 4.676620e-05
1800485 2.489672e-01 1.149883e-08 2.337117e-09
2100272 2.489672e-01 2.675393e-14 0.000000e+00
2400040 2.489672e-01 0.000000e+00 0.000000e+00
2700008 2.489672e-01 0.000000e+00 0.000000e+00
3000001 2.489672e-01 0.000000e+00 0.000000e+00
1350 2.511932e-01 1.149647e+11 1.991544e+10
300460 2.511932e-01 2.632391e+07 5.246481e-02
601724 2.511932e-01 4.873319e+05 5.246481e-02
900471 2.511932e-01 2.803242e+03 6.306012e-03
1200130 2.511932e-01 1.357584e-01 3.792505e-03
1500128 2.511932e-01 2.335718e-04 3.985933e-05
1800394 2.511932e-01 2.111137e-08 4.742759e-09
2100132 2.511932e-01 5.507141e-14 1.421085e-14
2400272 2.511932e-01 0.000000e+00 0.000000e+00
2700084 2.511932e-01 0.000000e+00 0.000000e+00
3000001 2.511932e-01 0.000000e+00 0.000000e+00
1350 2.485633e-01 1.129073e+11 9.155434e+09
300593 2.485633e-01 2.366354e+07 5.565106e-02
600603 2.485633e-01 5.886989e+05 5.086289e-02
900254 2.485633e-01 4.461031e+03 5.065659e-02
1200000 2.485633e-01 1.761858e-01 5.577809e-03
1500456 2.485633e-01 1.507534e-04 2.829165e-05
1800144 2.485633e-01 9.623487e-09 1.826891e-09
2100096 2.485633e-01 2.550310e-14 0.000000e+00
2400132 2.485633e-01 0.000000e+00 0.000000e+00
2700039 2.485633e-01 0.000000e+00 0.000000e+00
3000003 2.485633e-01 0.000000e+00 0.000000e+00
1350 2.501132e-01 1.136703e+11 2.274704e+10
300581 2.501132e-01 2.332402e+07 4.026687e-02
600101 2.501132e-01 5.722999e+05 4.026687e-02
901361 2.501132e-01 4.483490e+03 1.168186e-02
1200658 2.501132e-01 1.832198e-01 1.137005e-02
1500017 2.501132e-01 2.504678e-04 5.641270e-05
1800253 2.501132e-01 1.731504e-08 2.537718e-09
2100382 2.501132e-01 3.689958e-14 1.421085e-14
2400089 2.501132e-01 0.000000e+00 0.000000e+00
2700097 2.501132e-01 0.000000e+00 0.000000e+00
3000002 2.501132e-01 0.000000e+00 0.000000e+00
1350 2.517194e-01 1.161971e+11 2.555596e+10
300737 2.517194e-01 2.152916e+07 5.053857e-02
600504 2.517194e-01 5.043053e+05 4.603608e-02
900113 2.517194e-01 4.237983e+03 1.723908e-02
1200681 2.517194e-01 2.905723e-01 2.215386e-03
1500384 2.517194e-01 2.635629e-04 5.071464e-05
1800421 2.517194e-01 2.158055e-08 5.530850e-09
2100330 2.517194e-01 8.286770e-14 1.421085e-14
2400125 2.517194e-01 0.000000e+00 0.000000e+00
2700126 2.517194e-01 0.000000e+00 0.000000e+00
2999959 2.519059e-01 0.000000e+00 0.000000e+00
1350 2.508205e-01 1.167964e+11 1.835432e+10
300088 2.508205e-01 2.431787e+07 3.122805e-02
601055 2.508205e-01 5.326262e+05 3.122805e-02
900930 2.508205e-01 3.232616e+03 2.990063e-02
1200541 2.508205e-01 1.281372e-01 9.467568e-03
1500594 2.508205e-01 1.719659e-04 4.158416e-05
1800215 2.508205e-01 1.332130e-08 1.814016e-09
2100318 2.508205e-01 4.537745e-14 1.421085e-14
2400064 2.508205e-01 0.000000e+00 0.000000e+00
2700050 2.508205e-01 0.000000e+00 0.000000e+00
3000000 2.508205e-01 0.000000e+00 0.000000e+00
1350 2.505376e-01 1.135544e+11 1.646849e+10
300675 2.505376e-01 2.098285e+07 3.312649e-02
600847 2.505376e-01 5.244607e+05 3.312649e-02
900526 2.505376e-01 4.463184e+03 8.948238e-03
1200451 2.505376e-01 1.015044e-01 8.925820e-03
1500183 2.505376e-01 9.747038e-05 2.264310e-05
1800167 2.505376e-01 5.192318e-09 1.430223e-09
2100034 2.505376e-01 2.032604e-14 0.000000e+00
2400213 2.505376e-01 0.000000e+00 0.000000e+00
2700073 2.505376e-01 0.000000e+00 0.000000e+00
3000004 2.505376e-01 0.000000e+00 0.000000e+00
1350 2.500961e-01 1.162407e+11 1.445892e+10
300395 2.500961e-01 2.584513e+07 4.425387e-02
600822 2.500961e-01 5.466094e+05 4.425387e-02
900387 2.500961e-01 4.212503e+03 4.425387e-02
1200672 2.500961e-01 1.137148e-01 1.647107e-02
1500509 2.500961e-01 1.637863e-04 2.573822e-05
1800514 2.500961e-01 1.848915e-08 3.807415e-09
2100300 2.500961e-01 4.489101e-14 1.421085e-14
2400183 2.500961e-01 0.000000e+00 0.000000e+00
2700123 2.500961e-01 0.000000e+00 0.000000e+00
3000002 2.500961e-01 0.000000e+00 0.000000e+00
1350 2.483818e-01 1.164056e+11 1.985780e+10
301033 2.483818e-01 2.392794e+07 2.531722e-02
600449 2.483818e-01 5.108542e+05 2.497835e-02
900311 2.483818e-01 3.745342e+03 1.948910e-02
1200391 2.483818e-01 1.557408e-01 3.034916e-03
1500170 2.483818e-01 1.663478e-04 2.755447e-05
1800333 2.483818e-01 1.119898e-08 1.637829e-09
2100087 2.483818e-01 3.721229e-14 1.421085e-14
2400212 2.483818e-01 0.000000e+00 0.000000e+00
2700032 2.483818e-01 0.000000e+00 0.000000e+00
3000004 2.483818e-01 0.000000e+00 0.000000e+00
1350 2.482733e-01 1.143228e+11 1.855425e+10
300075 2.482733e-01 2.698973e+07 4.464013e-02
600163 2.482733e-01 5.574907e+05 4.332729e-02
900623 2.482733e-01 3.703499e+03 2.722781e-02
1200626 2.482733e-01 9.511460e-02 4.062474e-03
1500542 2.482733e-01 9.328636e-05 1.747636e-05
1800045 2.482733e-01 8.737510e-09 1.791776e-09
2100321 2.482733e-01 4.051310e-14 1.421085e-14
2400184 2.482733e-01 0.000000e+00 0.000000e+00
2700005 2.482733e-01 0.000000e+00 0.000000e+00
3000003 2.482733e-01 0.000000e+00 0.000000e+00
1350 2.495577e-01 1.172185e+11 2.066563e+10
300342 2.495577e-01 2.550803e+07 8.157299e-03
600888 2.495577e-01 5.807663e+05 8.157299e-03
900803 2.495577e-01 3.666565e+03 8.157299e-03
1200797 2.495577e-01 2.339611e-01 5.027036e-03
1500168 2.495577e-01 1.959574e-04 3.970825e-05
1800289 2.495577e-01 1.565406e-08 3.618766e-09
2100050 2.495577e-01 4.204189e-14 1.421085e-14
2400250 2.495577e-01 0.000000e+00 0.000000e+00
2700085 2.495577e-01 0.000000e+00 0.000000e+00
2999978 2.497426e-01 0.000000e+00 0.000000e+00
1350 2.488993e-01 1.169884e+11 2.248436e+10
300738 2.488993e-01 2.554855e+07 5.056150e-02
600514 2.488993e-01 5.931596e+05 2.492256e-02
900269 2.488993e-01 4.471741e+03 1.624725e-02
1200747 2.488993e-01 1.008112e-01 7.979514e-03
1500657 2.488993e-01 1.663130e-04 3.230162e-05
1800221 2.488993e-01 1.361612e-08 1.638895e-09
2100084 2.488993e-01 2.699715e-14 0.000000e+00
2400215 2.488993e-01 0.000000e+00 0.000000e+00
2700024 2.488993e-01 0.000000e+00 0.000000e+00
3000000 2.488993e-01 0.000000e+00 0.000000e+00
1350 2.490368e-01 1.143199e+11 1.986718e+10
301151 2.490368e-01 2.328811e+07 4.858613e-02
600764 2.490368e-01 4.841930e+05 4.858613e-02
901107 2.490368e-01 3.637633e+03 1.225134e-02
1200542 2.490368e-01 1.626522e-01 1.771372e-03
1500564 2.490368e-01 2.579145e-04 5.372298e-05
1800018 2.490368e-01 2.935890e-08 6.393222e-09
2100080 2.490368e-01 1.515940e-13 2.842171e-14
2400210 2.490368e-01 0.000000e+00 0.000000e+00
2700079 2.490368e-01 0.000000e+00 0.000000e+00
3000001 2.490368e-01 0.000000e+00 0.000000e+00
1350 2.496526e-01 1.134667e+11 1.225182e+10
300005 2.496526e-01 2.541886e+07 2.795790e-02
600565 2.496526e-01 6.167622e+05 2.795790e-02
900769 2.496526e-01 4.815506e+03 2.789855e-02
1200697 2.496526e-01 2.436005e-01 5.464365e-03
1500318 2.496526e-01 2.630463e-04 6.378555e-05
1800325 2.496526e-01 1.358287e-08 1.448683e-09
2100173 2.496526e-01 3.766398e-14 1.421085e-14
2400047 2.496526e-01 0.000000e+00 0.000000e+00
2700119 2.496526e-01 0.000000e+00 0.000000e+00
3000000 2.496526e-01 0.000000e+00 0.000000e+00
1350 2.502708e-01 1.152835e+11 1.784384e+10
301364 2.502708e-01 2.152722e+07 5.535180e-02
600077 2.502708e-01 5.646315e+05 4.399092e-02
900516 2.502708e-01 3.735393e+03 2.643258e-02
1200722 2.502708e-01 1.946789e-01 1.329326e-02
1500665 2.502708e-01 2.452708e-04 5.101147e-05
1800228 2.502708e-01 1.967263e-08 3.701146e-09
2100329 2.502708e-01 5.739934e-14 1.421085e-14
2400212 2.502708e-01 0.000000e+00 0.000000e+00
2700076 2.502708e-01 0.000000e+00 0.000000e+00
3000002 2.502708e-01 0.000000e+00 0.000000e+00
1350 2.497022e-01 1.141950e+11 2.032693e+10
301155 2.497022e-01 2.207767e+07 2.311986e-02
600709 2.497022e-01 4.994870e+05 2.311986e-02
900839 2.497022e-01 3.714323e+03 2.167842e-02
1200385 2.497022e-01 2.042363e-01 1.510161e-02
1500530 2.497022e-01 3.065123e-04 4.066641e-05
1800531 2.497022e-01 2.101201e-08 2.798018e-09
2100400 2.497022e-01 5.361210e-14 1.421085e-14
2400177 2.497022e-01 0.000000e+00 0.000000e+00
2700123 2.497022e-01 0.000000e+00 0.000000e+00
3000000 2.497022e-01 0.000000e+00 0.000000e+00
1350 2.499288e-01 1.132635e+11 1.495870e+10
301013 2.499288e-01 2.925330e+07 4.802990e-02
600515 2.499288e-01 5.575932e+05 3.273089e-02
900752 2.499288e-01 2.094368e+03 2.249937e-02
1200411 2.499288e-01 1.502534e-01 1.459296e-02
1500360 2.499288e-01 2.413240e-04 5.795634e-05
1800437 2.499288e-01 2.382138e-08 5.192291e-09
2100201 2.499288e-01 6.674585e-14 1.421085e-14
2400229 2.499288e-01 0.000000e+00 0.000000e+00
2700079 2.499288e-01 0.000000e+00 0.000000e+00
3000004 2.499288e-01 0.000000e+00 0.000000e+00
1350 2.501657e-01 1.151613e+11 2.709312e+10
300518 2.501657e-01 2.383389e+07 5.365877e-02
600627 2.501657e-01 4.606165e+05 3.318666e-02
900617 2.501657e-01 4.468363e+03 1.403141e-02
1200296 2.501657e-01 1.730123e-01 6.999323e-03
1500399 2.501657e-01 2.187833e-04 3.664569e-05
1800019 2.501657e-01 1.224145e-08 2.606853e-09
2100013 2.501657e-01 4.787911e-14 1.421085e-14
2400013 2.501657e-01 0.000000e+00 0.000000e+00
2700068 2.501657e-01 0.000000e+00 0.000000e+00
3000003 2.501657e-01 0.000000e+00 0.000000e+00
1350 2.514127e-01 1.147799e+11 2.262327e+10
300541 2.514127e-01 2.303639e+07 4.717735e-02
600283 2.514127e-01 5.691450e+05 4.717735e-02
900595 2.514127e-01 4.047035e+03 1.983590e-02
1200494 2.514127e-01 3.096516e-01 1.520153e-02
1500480 2.514127e-01 2.373530e-04 4.969816e-05
1800534 2.514127e-01 1.260073e-08 2.915357e-09
2100200 2.514127e-01 2.894289e-14 1.421085e-14
2400162 2.514127e-01 0.000000e+00 0.000000e+00
2700077 2.514127e-01 0.000000e+00 0.000000e+00
3000002 2.514127e-01 0.000000e+00 0.000000e+00
1350 2.488899e-01 1.165585e+11 2.062664e+10
300885 2.488899e-01 2.021786e+07 3.988593e-02
600853 2.488899e-01 4.620092e+05 2.922227e-02
900345 2.488899e-01 2.820819e+03 2.353752e-02
1200696 2.488899e-01 1.711477e-01 8.434472e-03
1500085 2.488899e-01 1.975209e-04 3.585602e-05
1800131 2.488899e-01 1.496480e-08 3.201393e-09
2100334 2.488899e-01 5.236127e-14 1.421085e-14
2400253 2.488899e-01 0.000000e+00 0.000000e+00
2700026 2.488899e-01 0.000000e+00 0.000000e+00
3000002 2.488899e-01 0.000000e+00 0.000000e+00
1350 2.507241e-01 1.158437e+11 2.644600e+10
300435 2.507241e-01 2.363881e+07 3.659467e-02
600841 2.507241e-01 5.786868e+05 3.659467e-02
900060 2.507241e-01 3.352098e+03 3.617655e-02
1200404 2.507241e-01 3.603267e-01 8.505068e-03
1500334 2.507241e-01 2.621382e-04 3.836240e-05
1800337 2.507241e-01 1.601714e-08 3.267061e-09
2100331 2.507241e-01 6.507807e-14 1.421085e-14
2400159 2.507241e-01 0.000000e+00 0.000000e+00
2700138 2.507241e-01 0.000000e+00 0.000000e+00
3000004 2.507241e-01 0.000000e+00 0.000000e+00
1350 2.500212e-01 1.153669e+11 1.046342e+10
300884 2.500212e-01 2.452533e+07 4.965622e-02
600825 2.500212e-01 5.878399e+05 4.038235e-02
900823 2.500212e-01 5.266275e+03 2.257642e-02
1200552 2.500212e-01 1.971936e-01 1.883777e-02
1500532 2.500212e-01 3.106337e-04 5.305386e-05
1800079 2.500212e-01 2.499649e-08 4.527479e-09
2100329 2.500212e-01 1.016649e-13 1.421085e-14
2400122 2.500212e-01 0.000000e+00 0.000000e+00
2700139 2.500212e-01 0.000000e+00 0.000000e+00
2999960 2.502064e-01 0.000000e+00 0.000000e+00
1350 2.508352e-01 1.164050e+11 2.267234e+10
300062 2.508352e-01 2.637257e+07 3.847300e-02
600775 2.508352e-01 4.946991e+05 3.847300e-02
900596 2.508352e-01 3.575105e+03 1.085821e-02
1200797 2.508352e-01 1.482280e-01 5.393997e-03
1500173 2.508352e-01 1.582970e-04 3.712757e-05
1800332 2.508352e-01 1.158661e-08 2.369262e-09
2100181 2.508352e-01 4.878249e-14 1.421085e-14
2400216 2.508352e-01 0.000000e+00 0.000000e+00
2700060 2.508352e-01 0.000000e+00 0.000000e+00
3000005 2.508352e-01 0.000000e+00 0.000000e+00
1350 2.499370e-01 1.163266e+11 1.923243e+10
300422 2.499370e-01 2.343067e+07 1.846432e-02
601158 2.499370e-01 5.251587e+05 1.846432e-02
900948 2.499370e-01 2.097786e+03 1.813849e-02
1200641 2.499370e-01 2.664045e-01 1.782820e-02
1500349 2.499370e-01 3.511609e-04 6.282020e-05
1800294 2.499370e-01 2.824243e-08 6.719901e-09
2100283 2.499370e-01 6.327131e-14 1.421085e-14
2400232 2.499370e-01 0.000000e+00 0.000000e+00
2700081 2.499370e-01 0.000000e+00 0.000000e+00
2999958 2.501221e-01 0.000000e+00 0.000000e+00
1350 2.505661e-01 1.158379e+11 1.826914e+10
301038 2.505661e-01 2.339064e+07 3.143385e-02
600755 2.505661e-01 5.936592e+05 1.925245e-02
900101 2.505661e-01 4.691132e+03 1.925245e-02
1200765 2.505661e-01 2.889856e-01 1.053746e-02
1500073 2.505661e-01 2.328351e-04 3.925797e-05
1800215 2.505661e-01 1.024345e-08 2.287806e-09
2100034 2.505661e-01 2.425227e-14 0.000000e+00
2400060 2.505661e-01 0.000000e+00 0.000000e+00
2700130 2.505661e-01 0.000000e+00 0.000000e+00
3000001 2.505661e-01 0.000000e+00 0.000000e+00
0.00e+00 (0.00e+00): 
0.000000e+00 0.000000e+00 0.000000e+00 0.000000e+00 0.000000e+00 0.000000e+00 0.000000e+00 0.000000e+00 0.000000e+00 0.000000e+00 0.000000e+00 0.000000e+00 0.000000e+00 0.000000e+00 0.000000e+00 0.000000e+00 0.000000e+00 0.000000e+00 0.000000e+00 0.000000e+00 0.000000e+00 0.000000e+00 0.000000e+00 0.000000e+00 0.000000e+00 0.000000e+00 0.000000e+00 0.000000e+00 0.000000e+00 0.000000e+00 