600 2.481754e-01 1.973468e+10 1.557387e+08
100183 2.481754e-01 4.830745e+05 1.040422e+00
200324 2.481754e-01 8.247571e+02 1.040422e+00
300204 2.481754e-01 9.950166e+00 1.040422e+00
400348 2.481754e-01 4.117612e+00 2.244375e-02
500030 2.481754e-01 2.030137e+00 2.244375e-02
600065 2.481754e-01 8.824962e-01 2.244375e-02
700099 2.481754e-01 4.121394e-01 2.244375e-02
800121 2.481754e-01 2.366752e-01 2.110498e-02
900008 2.481754e-01 7.462839e-02 1.714907e-02
1000004 2.481754e-01 1.472892e-02 1.472892e-02
600 2.490543e-01 1.951538e+10 1.182156e+08
100249 2.490543e-01 8.295711e+05 1.075228e+00
200369 2.490543e-01 1.235275e+03 5.289426e-02
300356 2.490543e-01 1.106681e+01 5.289426e-02
400074 2.490543e-01 3.787509e+00 5.289426e-02
500196 2.490543e-01 1.686614e+00 5.289426e-02
600043 2.490543e-01 6.869960e-01 5.289426e-02
700117 2.490543e-01 3.699796e-01 5.289426e-02
800035 2.490543e-01 1.777860e-01 5.261033e-02
900036 2.490543e-01 9.330619e-02 5.238795e-02
1000001 2.490543e-01 1.473231e-02 1.473231e-02
600 2.488799e-01 1.959607e+10 6.254759e+07
100083 2.488799e-01 5.393652e+05 3.523326e-01
200424 2.488799e-01 9.566622e+02 3.236137e-02
300233 2.488799e-01 1.162844e+01 3.236137e-02
400236 2.488799e-01 4.203581e+00 3.236137e-02
500086 2.488799e-01 1.959669e+00 3.236137e-02
600154 2.488799e-01 7.573870e-01 3.236137e-02
700014 2.488799e-01 2.560320e-01 1.010236e-02
800116 2.488799e-01 1.210261e-01 9.888525e-03
900048 2.488799e-01 5.345527e-02 6.110263e-03
1000003 2.488799e-01 6.412187e-04 6.412185e-04
600 2.533213e-01 1.954289e+10 1.606361e+08
100225 2.533213e-01 5.867073e+05 1.038939e+00
200629 2.533213e-01 1.192675e+03 1.038939e+00
300244 2.533213e-01 1.017542e+01 1.553533e-01
400238 2.533213e-01 3.855702e+00 1.553533e-01
500052 2.533213e-01 1.742899e+00 1.553533e-01
600019 2.533213e-01 7.045941e-01 1.553533e-01
700197 2.533213e-01 4.302039e-01 4.533580e-02
800044 2.533213e-01 2.432332e-01 4.533580e-02
900054 2.533213e-01 9.223855e-02 2.560162e-02
1000002 2.533213e-01 9.275194e-03 9.274306e-03
600 2.465582e-01 1.988085e+10 1.298957e+08
100233 2.465582e-01 6.201217e+05 1.043690e+00
200737 2.465582e-01 1.078417e+03 8.590640e-02
300304 2.465582e-01 1.070317e+01 8.590640e-02
400146 2.465582e-01 3.795774e+00 8.590640e-02
500141 2.465582e-01 1.817858e+00 8.590640e-02
600037 2.465582e-01 7.062085e-01 8.590640e-02
700235 2.465582e-01 3.791016e-01 2.721576e-02
800009 2.465582e-01 2.123689e-01 2.721576e-02
900013 2.465582e-01 9.945060e-02 2.416200e-02
1000005 2.465582e-01 2.134673e-02 2.134673e-02
600 2.527145e-01 2.034136e+10 3.860106e+08
100470 2.527145e-01 7.585076e+05 1.316866e-01
200281 2.527145e-01 1.279490e+03 1.316866e-01
300178 2.527145e-01 1.168619e+01 1.316866e-01
400171 2.527145e-01 4.256394e+00 4.805648e-02
500097 2.527145e-01 1.900769e+00 4.805648e-02
600173 2.527145e-01 7.392897e-01 4.805648e-02
700258 2.527145e-01 2.646386e-01 2.715188e-02
800033 2.527145e-01 1.321202e-01 2.715188e-02
900047 2.527145e-01 6.387433e-02 2.478104e-02
1000000 2.527145e-01 1.117508e-02 1.117508e-02
600 2.503961e-01 1.951170e+10 1.856660e+08
100249 2.503961e-01 5.995534e+05 4.710813e-02
200413 2.503961e-01 1.017763e+03 4.710813e-02
300237 2.503961e-01 1.087730e+01 4.710813e-02
400139 2.503961e-01 4.189797e+00 4.710813e-02
500041 2.503961e-01 1.942530e+00 4.710813e-02
600243 2.503961e-01 7.654691e-01 4.710813e-02
700031 2.503961e-01 4.236696e-01 1.794010e-02
800037 2.503961e-01 2.456320e-01 1.794010e-02
900028 2.503961e-01 1.104067e-01 1.679369e-02
1000000 2.503961e-01 1.234115e-02 1.234105e-02
600 2.476866e-01 1.824720e+10 1.642821e+08
100437 2.476866e-01 4.805104e+05 1.513322e-01
200241 2.476866e-01 8.196302e+02 1.513322e-01
300249 2.476866e-01 1.060986e+01 1.513322e-01
400271 2.476866e-01 4.048039e+00 1.513322e-01
500205 2.476866e-01 1.719812e+00 1.513322e-01
600085 2.476866e-01 6.615733e-01 1.513322e-01
700117 2.476866e-01 4.280326e-01 1.513322e-01
800056 2.476866e-01 2.758997e-01 7.762476e-02
900044 2.476866e-01 1.374657e-01 8.165388e-03
1000000 2.476866e-01 1.907936e-03 1.907935e-03
600 2.470424e-01 2.006755e+10 1.785103e+08
100477 2.470424e-01 4.784039e+05 1.027237e+00
200030 2.470424e-01 5.993925e+02 4.857231e-02
300414 2.470424e-01 1.090369e+01 4.857231e-02
400031 2.470424e-01 4.287091e+00 4.857231e-02
500095 2.470424e-01 2.189992e+00 4.857231e-02
600238 2.470424e-01 9.799929e-01 4.857231e-02
700250 2.470424e-01 4.473863e-01 4.857231e-02
800369 2.470424e-01 2.546564e-01 4.857231e-02
900012 2.470424e-01 1.514973e-01 3.039441e-02
1000000 2.470424e-01 2.916531e-02 2.916531e-02
600 2.519750e-01 1.879097e+10 3.157517e+08
100116 2.519750e-01 6.453127e+05 1.473683e-01
200416 2.519750e-01 1.078276e+03 9.523651e-02
300384 2.519750e-01 1.083116e+01 9.523651e-02
400053 2.519750e-01 4.230159e+00 5.026200e-02
500118 2.519750e-01 1.955718e+00 5.026200e-02
600146 2.519750e-01 7.385518e-01 5.026200e-02
700108 2.519750e-01 3.514109e-01 5.026200e-02
800079 2.519750e-01 1.897416e-01 5.026200e-02
900025 2.519750e-01 1.024027e-01 4.753421e-02
1000001 2.519750e-01 2.879703e-02 2.879700e-02
600 2.481702e-01 2.036714e+10 1.241878e+08
100012 2.481702e-01 6.723171e+05 3.230497e-01
200053 2.481702e-01 1.113336e+03 3.230497e-01
300316 2.481702e-01 1.077041e+01 1.031025e-01
400268 2.481702e-01 3.979272e+00 4.829083e-02
500184 2.481702e-01 1.973671e+00 4.829083e-02
600081 2.481702e-01 8.381074e-01 4.829083e-02
700078 2.481702e-01 4.125318e-01 4.829083e-02
800065 2.481702e-01 2.167846e-01 3.799562e-02
900040 2.481702e-01 9.616040e-02 3.373659e-02
1000000 2.481702e-01 1.139108e-02 1.138970e-02
600 2.493656e-01 1.968822e+10 1.713777e+08
100377 2.493656e-01 6.432293e+05 2.517221e-02
200177 2.493656e-01 8.920485e+02 2.517221e-02
300379 2.493656e-01 1.041211e+01 2.517221e-02
400347 2.493656e-01 3.710657e+00 2.517221e-02
500203 2.493656e-01 1.714468e+00 2.517221e-02
600242 2.493656e-01 6.777616e-01 2.517221e-02
700091 2.493656e-01 3.915326e-01 1.839721e-02
800105 2.493656e-01 2.183961e-01 1.839721e-02
900059 2.493656e-01 7.951960e-02 1.383829e-02
1000005 2.493656e-01 8.827083e-03 8.827083e-03
600 2.490850e-01 1.938370e+10 1.192376e+08
100180 2.490850e-01 4.786920e+05 1.138257e+00
200144 2.490850e-01 1.241091e+03 1.096821e-01
300239 2.490850e-01 1.235848e+01 1.096821e-01
400297 2.490850e-01 4.478461e+00 1.096821e-01
500270 2.490850e-01 2.087633e+00 1.096821e-01
600082 2.490850e-01 8.522688e-01 1.096821e-01
700007 2.490850e-01 4.544313e-01 4.276809e-02
800038 2.490850e-01 2.536826e-01 4.276809e-02
900035 2.490850e-01 1.194378e-01 1.760098e-02
1000001 2.490850e-01 1.246552e-02 1.246544e-02
600 2.490583e-01 1.943164e+10 3.167703e+08
100082 2.490583e-01 5.691033e+05 2.523047e-01
200008 2.490583e-01 7.447523e+02 1.149833e-01
300045 2.490583e-01 1.029321e+01 1.149833e-01
400035 2.490583e-01 3.789616e+00 1.149833e-01
500007 2.490583e-01 1.740378e+00 1.149833e-01
600037 2.490583e-01 6.717308e-01 1.149833e-01
700077 2.490583e-01 4.040991e-01 6.639075e-02
800110 2.490583e-01 2.340258e-01 5.924663e-02
900002 2.490583e-01 1.124067e-01 3.924897e-02
1000004 2.490583e-01 1.661519e-02 1.661518e-02
600 2.487310e-01 2.027348e+10 5.912114e+07
100152 2.487310e-01 5.958037e+05 4.437571e-02
200266 2.487310e-01 8.120108e+02 2.617450e-02
300199 2.487310e-01 1.137852e+01 2.617450e-02
400190 2.487310e-01 4.070196e+00 2.617450e-02
500223 2.487310e-01 1.961374e+00 2.617450e-02
600157 2.487310e-01 7.943874e-01 2.617450e-02
700131 2.487310e-01 3.741733e-01 2.617450e-02
800028 2.487310e-01 1.817153e-01 2.617450e-02
900011 2.487310e-01 5.273770e-02 1.230168e-02
1000002 2.487310e-01 9.429478e-03 9.429478e-03
600 2.490479e-01 1.965066e+10 1.893866e+08
100030 2.490479e-01 7.056012e+05 1.301145e+00
200240 2.490479e-01 1.170487e+03 1.105525e+00
300173 2.490479e-01 1.136426e+01 1.329821e-01
400196 2.490479e-01 4.308929e+00 1.329821e-01
500000 2.490479e-01 2.048969e+00 1.329821e-01
600125 2.490479e-01 8.455714e-01 1.329821e-01
700174 2.490479e-01 3.684990e-01 3.516865e-02
800032 2.490479e-01 1.871072e-01 2.229787e-02
900046 2.490479e-01 7.914310e-02 2.031732e-02
1000002 2.490479e-01 5.069511e-03 5.069511e-03
600 2.473587e-01 1.964832e+10 3.038878e+08
100004 2.473587e-01 5.557435e+05 1.156134e-01
200140 2.473587e-01 8.025547e+02 1.156134e-01
300167 2.473587e-01 9.332017e+00 1.156134e-01
400096 2.473587e-01 3.433516e+00 3.418906e-02
500292 2.473587e-01 1.834231e+00 3.418906e-02
600030 2.473587e-01 7.683152e-01 3.418906e-02
700091 2.473587e-01 3.735138e-01 3.418906e-02
800025 2.473587e-01 1.908255e-01 3.418906e-02
900025 2.473587e-01 7.541370e-02 3.087502e-02
1000004 2.473587e-01 2.489158e-02 2.489158e-02
600 2.476152e-01 1.907776e+10 4.346901e+07
100857 2.476152e-01 5.217766e+05 1.016867e+00
200190 2.476152e-01 1.146651e+03 3.670893e-01
300385 2.476152e-01 9.733737e+00 3.670893e-01
400224 2.476152e-01 3.579872e+00 1.398056e-01
500091 2.476152e-01 1.729989e+00 1.222751e-01
600183 2.476152e-01 6.799162e-01 1.222751e-01
700009 2.476152e-01 4.409588e-01 1.003171e-01
800059 2.476152e-01 3.090702e-01 1.003171e-01
900181 2.476152e-01 1.518227e-01 5.825961e-02
1000005 2.476152e-01 4.779972e-02 4.779972e-02
600 2.465476e-01 1.991763e+10 1.782995e+08
100122 2.465476e-01 3.734708e+05 1.073731e+00
200232 2.465476e-01 8.885374e+02 1.025713e+00
300404 2.465476e-01 1.115045e+01 2.607182e-01
400140 2.465476e-01 3.992778e+00 4.922695e-02
500203 2.465476e-01 1.787641e+00 4.922695e-02
600186 2.465476e-01 7.648938e-01 4.922695e-02
700021 2.465476e-01 4.014889e-01 4.922695e-02
800096 2.465476e-01 2.349489e-01 4.922695e-02
900007 2.465476e-01 1.260164e-01 4.467734e-02
1000000 2.465476e-01 2.503187e-02 2.503187e-02
600 2.501597e-01 2.016189e+10 1.165211e+08
100238 2.501597e-01 6.942391e+05 8.743236e-02
200479 2.501597e-01 6.029793e+02 8.743236e-02
300258 2.501597e-01 9.782848e+00 8.743236e-02
400261 2.501597e-01 3.744117e+00 8.743236e-02
500083 2.501597e-01 1.648202e+00 8.743236e-02
600181 2.501597e-01 7.035587e-01 8.743236e-02
700098 2.501597e-01 3.898493e-01 4.076303e-02
800029 2.501597e-01 2.210119e-01 4.076303e-02
900002 2.501597e-01 1.043671e-01 4.028893e-02
1000001 2.501597e-01 1.890230e-02 1.890225e-02
600 2.502538e-01 1.979879e+10 2.095429e+08
100948 2.502538e-01 5.761045e+05 1.051506e+00
200075 2.502538e-01 9.805219e+02 1.711987e-01
300245 2.502538e-01 1.121252e+01 1.711987e-01
400328 2.502538e-01 3.974145e+00 1.711987e-01
500141 2.502538e-01 2.017026e+00 1.711987e-01
600206 2.502538e-01 8.144066e-01 1.711987e-01
700108 2.502538e-01 3.837330e-01 2.760553e-02
800071 2.502538e-01 1.958529e-01 2.641909e-02
900057 2.502538e-01 7.567154e-02 2.332949e-02
1000005 2.502538e-01 2.126844e-02 2.126843e-02
600 2.514565e-01 1.962763e+10 1.646679e+08
100349 2.514565e-01 5.160816e+05 1.100241e+00
200299 2.514565e-01 5.612679e+02 1.398793e-01
300388 2.514565e-01 9.853145e+00 1.398793e-01
400350 2.514565e-01 3.866814e+00 1.464090e-02
500214 2.514565e-01 1.835176e+00 1.464090e-02
600125 2.514565e-01 7.588080e-01 1.464090e-02
700081 2.514565e-01 4.042148e-01 1.464090e-02
800011 2.514565e-01 2.002771e-01 1.464090e-02
900014 2.514565e-01 7.092182e-02 1.464090e-02
999995 2.518756e-01 1.371535e-02 1.371535e-02
600 2.492795e-01 1.929643e+10 1.685079e+08
100147 2.492795e-01 4.914348e+05 1.156812e-01
200394 2.492795e-01 9.385045e+02 1.156812e-01
300218 2.492795e-01 1.129026e+01 1.156812e-01
400205 2.492795e-01 4.099896e+00 1.156812e-01
500260 2.492795e-01 1.953632e+00 1.156812e-01
600233 2.492795e-01 7.694466e-01 1.156812e-01
700115 2.492795e-01 3.759764e-01 3.425119e-02
800123 2.492795e-01 1.831701e-01 3.425119e-02
900004 2.492795e-01 8.571406e-02 1.499434e-02
1000004 2.492795e-01 9.118394e-03 9.118362e-03
600 2.518942e-01 1.967285e+10 3.787143e+08
100486 2.518942e-01 5.008309e+05 1.098967e+00
200375 2.518942e-01 1.071054e+03 3.648393e-01
300157 2.518942e-01 1.083733e+01 3.648393e-01
400075 2.518942e-01 4.013404e+00 8.033860e-02
500068 2.518942e-01 1.860373e+00 5.996456e-02
600103 2.518942e-01 7.544862e-01 5.996456e-02
700024 2.518942e-01 4.350158e-01 5.996456e-02
800097 2.518942e-01 2.570002e-01 5.682126e-02
900039 2.518942e-01 9.736935e-02 2.123617e-02
1000005 2.518942e-01 1.646089e-02 1.646064e-02
600 2.488026e-01 2.043326e+10 2.342915e+08
100816 2.488026e-01 5.747107e+05 1.119600e+00
200056 2.488026e-01 1.249734e+03 3.436706e-02
300314 2.488026e-01 1.029485e+01 3.436706e-02
400313 2.488026e-01 4.091152e+00 3.436706e-02
500264 2.488026e-01 2.081020e+00 3.436706e-02
600013 2.488026e-01 8.536549e-01 3.436706e-02
700092 2.488026e-01 3.852468e-01 3.436706e-02
800041 2.488026e-01 1.665041e-01 9.211291e-03
900043 2.488026e-01 7.648644e-02 8.473403e-03
999996 2.492173e-01 7.544529e-03 7.544528e-03
600 2.487115e-01 2.020732e+10 2.003951e+08
100067 2.487115e-01 5.008697e+05 2.936386e-01
200164 2.487115e-01 5.860330e+02 1.561575e-01
300346 2.487115e-01 1.024249e+01 1.561575e-01
400203 2.487115e-01 3.870108e+00 1.561575e-01
500083 2.487115e-01 1.740146e+00 1.561575e-01
600020 2.487115e-01 6.904279e-01 4.824690e-02
700040 2.487115e-01 4.000560e-01 4.824690e-02
800022 2.487115e-01 2.703034e-01 4.665498e-02
900045 2.487115e-01 1.558616e-01 4.623346e-02
999940 2.491260e-01 2.739303e-02 2.739288e-02
600 2.495761e-01 1.987474e+10 6.946801e+08
100455 2.495761e-01 5.940260e+05 1.321376e-01
200098 2.495761e-01 5.202947e+02 1.321376e-01
300271 2.495761e-01 1.000322e+01 1.397180e-02
400326 2.495761e-01 3.875822e+00 1.397180e-02
500113 2.495761e-01 1.897268e+00 1.397180e-02
600024 2.495761e-01 6.817949e-01 1.397180e-02
700047 2.495761e-01 3.498145e-01 1.397180e-02
800095 2.495761e-01 1.689528e-01 7.627480e-03
900010 2.495761e-01 8.746033e-02 7.627480e-03
1000000 2.495761e-01 2.908386e-03 2.906713e-03
600 2.533821e-01 1.992627e+10 5.634852e+07
100396 2.533821e-01 5.485581e+05 1.056406e+00
200321 2.533821e-01 6.932597e+02 1.012911e+00
300272 2.533821e-01 9.434711e+00 1.012911e+00
400039 2.533821e-01 3.911792e+00 1.012911e+00
500217 2.533821e-01 2.042632e+00 4.163722e-01
600117 2.533821e-01 8.848566e-01 2.530648e-01
700149 2.533821e-01 4.457428e-01 1.226503e-01
800005 2.533821e-01 2.132484e-01 4.874957e-02
900063 2.533821e-01 6.652961e-02 2.116808e-02
1000001 2.533821e-01 1.411784e-02 1.411784e-02
600 2.498448e-01 2.078817e+10 3.899461e+08
100466 2.498448e-01 4.718038e+05 1.051705e+00
200083 2.498448e-01 6.958944e+02 3.809193e-02
300313 2.498448e-01 1.067718e+01 3.809193e-02
400168 2.498448e-01 3.933665e+00 3.809193e-02
500270 2.498448e-01 1.973395e+00 3.809193e-02
600136 2.498448e-01 8.169845e-01 3.809193e-02
700034 2.498448e-01 4.057574e-01 3.809193e-02
800177 2.498448e-01 2.112930e-01 3.809193e-02
900027 2.498448e-01 9.667865e-02 1.306533e-02
1000002 2.498448e-01 4.697424e-03 4.697424e-03
600 2.496758e-01 2.004292e+10 9.329153e+07
100276 2.496758e-01 5.712502e+05 1.725316e-01
200000 2.496758e-01 1.401985e+03 5.469093e-02
300137 2.496758e-01 9.966305e+00 5.469093e-02
400154 2.496758e-01 3.928798e+00 5.469093e-02
500212 2.496758e-01 1.879180e+00 5.469093e-02
600060 2.496758e-01 7.899744e-01 5.420361e-02
700098 2.496758e-01 3.462838e-01 5.420361e-02
800052 2.496758e-01 1.872562e-01 4.958138e-02
900061 2.496758e-01 7.841135e-02 1.120784e-02
1000002 2.496758e-01 1.870775e-03 1.870764e-03
1.48e-02 (1.03e-02): 
1.472892e-02 1.473231e-02 6.412185e-04 9.274306e-03 2.134673e-02 1.117508e-02 1.234105e-02 1.907935e-03 2.916531e-02 2.879700e-02 1.138970e-02 8.827083e-03 1.246544e-02 1.661518e-02 9.429478e-03 5.069511e-03 2.489158e-02 4.779972e-02 2.503187e-02 1.890225e-02 2.126843e-02 1.371535e-02 9.118362e-03 1.646064e-02 7.544528e-03 2.739288e-02 2.906713e-03 1.411784e-02 4.697424e-03 1.870764e-03 