2400 2.506985e-01 7.917078e+03 1.735382e+03
1002005 2.506985e-01 5.232997e+02 2.925113e+01
2000538 2.506985e-01 6.601521e+01 5.402649e+00
3001303 2.506985e-01 6.462754e+00 6.272950e-01
4000155 2.506985e-01 4.059782e-01 3.663915e-02
5000784 2.506985e-01 5.965967e-09 1.623448e-10
6000109 2.506985e-01 1.401980e-12 0.000000e+00
7000428 2.506985e-01 5.276074e-13 0.000000e+00
8000480 2.506985e-01 0.000000e+00 0.000000e+00
9000047 2.506985e-01 0.000000e+00 0.000000e+00
10000001 2.506985e-01 0.000000e+00 0.000000e+00
2400 2.506362e-01 7.904383e+03 2.185062e+03
1000066 2.506362e-01 5.578497e+02 9.526650e+01
2000957 2.506362e-01 1.060218e+02 2.513767e+00
3000041 2.506362e-01 2.255283e+01 4.369232e-01
4001220 2.506362e-01 1.259433e+00 1.798946e-01
5001179 2.506362e-01 4.256846e-03 5.593322e-05
6000901 2.506362e-01 1.620863e-12 0.000000e+00
7000275 2.506362e-01 8.969326e-13 0.000000e+00
8000369 2.506362e-01 0.000000e+00 0.000000e+00
9000221 2.506362e-01 0.000000e+00 0.000000e+00
10000003 2.506362e-01 0.000000e+00 0.000000e+00
2400 2.503384e-01 7.925969e+03 2.825783e+02
1001942 2.503384e-01 5.337135e+02 4.443205e+01
2000878 2.503384e-01 7.280865e+01 5.999034e+00
3000542 2.503384e-01 8.201305e+00 6.166730e-01
4000567 2.503384e-01 2.988553e-01 2.594748e-02
5000042 2.503384e-01 7.186747e-12 1.818989e-12
6000544 2.503384e-01 1.228384e-12 0.000000e+00
7000033 2.503384e-01 4.195735e-13 0.000000e+00
8000154 2.503384e-01 0.000000e+00 0.000000e+00
9000160 2.503384e-01 0.000000e+00 0.000000e+00
10000003 2.503384e-01 0.000000e+00 0.000000e+00
2400 2.518746e-01 7.925486e+03 1.498438e+03
1001631 2.518746e-01 5.447475e+02 7.252688e+01
2000094 2.518746e-01 7.117633e+01 5.084938e+00
3001244 2.518746e-01 7.971475e+00 5.595127e-01
4000477 2.518746e-01 3.839195e-01 5.786132e-02
5000540 2.518746e-01 9.143348e-10 1.004992e-10
6000861 2.518746e-01 1.264235e-12 0.000000e+00
7000305 2.518746e-01 3.592755e-13 0.000000e+00
8000288 2.518746e-01 0.000000e+00 0.000000e+00
9000152 2.518746e-01 0.000000e+00 0.000000e+00
10000002 2.518746e-01 0.000000e+00 0.000000e+00
2400 2.495045e-01 7.925826e+03 8.481823e+02
1002197 2.495045e-01 5.216965e+02 8.455240e+01
2001127 2.495045e-01 8.032110e+01 3.579016e+00
3000025 2.495045e-01 1.199583e+01 6.893160e-01
4000040 2.495045e-01 4.095399e-01 6.306028e-02
5000166 2.495045e-01 2.542764e-09 9.140422e-11
6000442 2.495045e-01 1.315182e-12 0.000000e+00
7000687 2.495045e-01 5.250950e-13 0.000000e+00
8000107 2.495045e-01 0.000000e+00 0.000000e+00
9000164 2.495045e-01 0.000000e+00 0.000000e+00
10000002 2.495045e-01 0.000000e+00 0.000000e+00
2400 2.498388e-01 7.915255e+03 2.971364e+02
1001223 2.498388e-01 5.369043e+02 4.774997e+01
2000242 2.498388e-01 7.099128e+01 4.703846e+00
3000956 2.498388e-01 7.852251e+00 4.209787e-01
4000056 2.498388e-01 2.652159e-01 3.098387e-02
5000807 2.498388e-01 9.581825e-12 1.818989e-12
6000021 2.498388e-01 1.326504e-12 0.000000e+00
7000392 2.498388e-01 5.075081e-13 0.000000e+00
8000354 2.498388e-01 0.000000e+00 0.000000e+00
9000191 2.498388e-01 0.000000e+00 0.000000e+00
10000002 2.498388e-01 0.000000e+00 0.000000e+00
2400 2.511137e-01 7.906076e+03 1.140866e+03
1001114 2.511137e-01 5.529425e+02 3.665653e+01
2000152 2.511137e-01 8.727104e+01 8.857861e+00
3001475 2.511137e-01 1.348394e+01 6.969522e-01
4001200 2.511137e-01 5.368870e-01 5.587374e-02
5000853 2.511137e-01 5.697430e-08 1.714398e-10
6000414 2.511137e-01 1.439719e-12 0.000000e+00
7000628 2.511137e-01 5.301198e-13 0.000000e+00
8000152 2.511137e-01 0.000000e+00 0.000000e+00
9000114 2.511137e-01 0.000000e+00 0.000000e+00
10000000 2.511137e-01 0.000000e+00 0.000000e+00
2400 2.495682e-01 7.918417e+03 4.552780e+03
1000560 2.495682e-01 5.563623e+02 1.005017e+02
2000016 2.495682e-01 7.777376e+01 6.910815e+00
3001410 2.495682e-01 1.110719e+01 7.255476e-01
4001172 2.495682e-01 5.339177e-01 4.700857e-02
5000739 2.495682e-01 5.846714e-07 1.605258e-10
6000099 2.495682e-01 1.449153e-12 0.000000e+00
7000329 2.495682e-01 5.049957e-13 0.000000e+00
8000041 2.495682e-01 0.000000e+00 0.000000e+00
9000147 2.495682e-01 0.000000e+00 0.000000e+00
10000003 2.495682e-01 0.000000e+00 0.000000e+00
2400 2.504202e-01 7.853128e+03 3.739859e+03
1001494 2.504202e-01 5.212140e+02 3.344442e+01
2000953 2.504202e-01 7.691803e+01 6.241411e+00
3000281 2.504202e-01 1.058700e+01 4.642569e-01
4000165 2.504202e-01 4.623889e-01 5.574318e-02
5000267 2.504202e-01 5.123672e-09 1.477929e-10
6000642 2.504202e-01 1.366129e-12 0.000000e+00
7000025 2.504202e-01 5.200702e-13 0.000000e+00
8000260 2.504202e-01 0.000000e+00 0.000000e+00
9000024 2.504202e-01 0.000000e+00 0.000000e+00
10000005 2.504202e-01 0.000000e+00 0.000000e+00
2400 2.498864e-01 7.889306e+03 3.617976e+02
1000287 2.498864e-01 5.441237e+02 9.800119e+01
2001564 2.498864e-01 9.421040e+01 6.982576e+00
3001614 2.498864e-01 1.727691e+01 1.301603e+00
4001203 2.498864e-01 7.000955e-01 1.144265e-01
5000216 2.498864e-01 3.549327e-06 2.169145e-10
6000847 2.498864e-01 1.418963e-12 0.000000e+00
7000248 2.498864e-01 5.778557e-13 0.000000e+00
8000365 2.498864e-01 0.000000e+00 0.000000e+00
9000037 2.498864e-01 0.000000e+00 0.000000e+00
10000005 2.498864e-01 0.000000e+00 0.000000e+00
2400 2.502866e-01 7.874441e+03 5.644288e+02
1001143 2.502866e-01 5.235244e+02 9.395096e+01
2001405 2.502866e-01 6.484458e+01 6.280452e+00
3000005 2.502866e-01 8.127434e+00 4.132880e-01
4000835 2.502866e-01 3.072569e-01 2.978811e-02
5001045 2.502866e-01 6.204901e-11 2.000888e-11
6000226 2.502866e-01 1.322730e-12 0.000000e+00
7000533 2.502866e-01 4.773591e-13 0.000000e+00
8000088 2.502866e-01 0.000000e+00 0.000000e+00
9000232 2.502866e-01 0.000000e+00 0.000000e+00
10000001 2.502866e-01 0.000000e+00 0.000000e+00
2400 2.494391e-01 7.903616e+03 4.389812e+02
1001747 2.494391e-01 5.168467e+02 6.244516e+01
2000114 2.494391e-01 7.323426e+01 4.472028e+00
3000265 2.494391e-01 8.394869e+00 4.461931e-01
4000246 2.494391e-01 2.693549e-01 1.240343e-02
5000182 2.494391e-01 7.114169e-12 1.818989e-12
6000497 2.494391e-01 1.217062e-12 0.000000e+00
7000722 2.494391e-01 3.542507e-13 0.000000e+00
8000136 2.494391e-01 0.000000e+00 0.000000e+00
9000124 2.494391e-01 0.000000e+00 0.000000e+00
10000005 2.494391e-01 0.000000e+00 0.000000e+00
2400 2.506215e-01 7.907408e+03 4.755720e+03
1000134 2.506215e-01 5.367938e+02 8.634444e+01
2000142 2.506215e-01 7.415947e+01 3.534590e+00
3000789 2.506215e-01 9.002278e+00 7.495434e-01
4000326 2.506215e-01 3.675425e-01 4.418351e-02
5000698 2.506215e-01 1.406061e-10 3.683454e-11
6000937 2.506215e-01 1.320843e-12 0.000000e+00
7000312 2.506215e-01 5.351447e-13 0.000000e+00
8000384 2.506215e-01 0.000000e+00 0.000000e+00
9000242 2.506215e-01 0.000000e+00 0.000000e+00
10000003 2.506215e-01 0.000000e+00 0.000000e+00
2400 2.501195e-01 7.920406e+03 3.305361e+03
1002423 2.501195e-01 5.354631e+02 7.646803e+01
2000820 2.501195e-01 7.800127e+01 5.306527e+00
3001079 2.501195e-01 1.028267e+01 7.722615e-01
4001255 2.501195e-01 3.919159e-01 5.073513e-02
5000932 2.501195e-01 1.743261e-09 1.095941e-10
6000099 2.501195e-01 1.351034e-12 0.000000e+00
7000318 2.501195e-01 5.351447e-13 0.000000e+00
8000025 2.501195e-01 0.000000e+00 0.000000e+00
9000156 2.501195e-01 0.000000e+00 0.000000e+00
10000000 2.501195e-01 0.000000e+00 0.000000e+00
2400 2.481803e-01 7.924007e+03 2.828118e+03
1000773 2.481803e-01 5.349494e+02 8.850434e+01
2000360 2.481803e-01 8.096521e+01 6.869699e+00
3000289 2.481803e-01 1.159763e+01 7.743980e-01
4001334 2.481803e-01 5.244559e-01 6.299842e-02
5000958 2.481803e-01 4.293629e-08 1.714398e-10
6000479 2.481803e-01 1.469909e-12 0.000000e+00
7000650 2.481803e-01 5.879054e-13 0.000000e+00
8000123 2.481803e-01 0.000000e+00 0.000000e+00
9000136 2.481803e-01 0.000000e+00 0.000000e+00
9999978 2.482837e-01 0.000000e+00 0.000000e+00
2400 2.493744e-01 7.905565e+03 1.532027e+03
1000419 2.493744e-01 5.255883e+02 8.514805e+01
2001622 2.493744e-01 7.111599e+01 6.760917e+00
3000586 2.493744e-01 8.239119e+00 4.651820e-01
4001331 2.493744e-01 3.406700e-01 3.123216e-02
5000568 2.493744e-01 6.802385e-11 1.637090e-11
6000805 2.493744e-01 1.215175e-12 0.000000e+00
7000193 2.493744e-01 3.894245e-13 0.000000e+00
8000349 2.493744e-01 0.000000e+00 0.000000e+00
9000221 2.493744e-01 0.000000e+00 0.000000e+00
10000000 2.493744e-01 0.000000e+00 0.000000e+00
2400 2.498025e-01 7.898592e+03 1.550783e+03
1000406 2.498025e-01 5.154515e+02 5.869128e+01
2001576 2.498025e-01 5.122566e+01 4.484205e+00
3000191 2.498025e-01 2.598555e+00 2.186092e-01
4000003 2.498025e-01 1.665525e-01 2.004296e-02
5000444 2.498025e-01 2.532674e-12 0.000000e+00
6000747 2.498025e-01 1.283105e-12 0.000000e+00
7000224 2.498025e-01 4.019866e-13 0.000000e+00
8000301 2.498025e-01 0.000000e+00 0.000000e+00
9000083 2.498025e-01 0.000000e+00 0.000000e+00
10000005 2.498025e-01 0.000000e+00 0.000000e+00
2400 2.496571e-01 7.879572e+03 2.306170e+03
1001829 2.496571e-01 5.382580e+02 6.414919e+01
2000816 2.496571e-01 6.453663e+01 6.595961e+00
3001592 2.496571e-01 6.935871e+00 5.221979e-01
4000849 2.496571e-01 3.197684e-01 2.843872e-02
5000892 2.496571e-01 3.311680e-11 5.456968e-12
6000102 2.496571e-01 1.318956e-12 0.000000e+00
7000496 2.496571e-01 4.999708e-13 0.000000e+00
8000038 2.496571e-01 0.000000e+00 0.000000e+00
9000150 2.496571e-01 0.000000e+00 0.000000e+00
10000005 2.496571e-01 0.000000e+00 0.000000e+00
2400 2.504732e-01 7.894859e+03 9.261191e+02
1001501 2.504732e-01 5.227413e+02 3.187075e+01
2000558 2.504732e-01 7.749924e+01 5.174637e+00
3001351 2.504732e-01 9.867640e+00 7.150496e-01
4000733 2.504732e-01 4.823585e-01 6.483095e-02
5000518 2.504732e-01 1.378441e-08 1.768967e-10
6000891 2.504732e-01 1.394433e-12 0.000000e+00
7000280 2.504732e-01 5.627813e-13 0.000000e+00
8000346 2.504732e-01 0.000000e+00 0.000000e+00
9000062 2.504732e-01 0.000000e+00 0.000000e+00
10000005 2.504732e-01 0.000000e+00 0.000000e+00
2400 2.494730e-01 7.896911e+03 2.048810e+03
1001887 2.494730e-01 5.434786e+02 3.230352e+01
2000412 2.494730e-01 9.179234e+01 7.876683e+00
3000326 2.494730e-01 1.659612e+01 9.667326e-01
4001146 2.494730e-01 8.028214e-01 1.249158e-01
5000663 2.494730e-01 1.770965e-05 9.140422e-11
6000105 2.494730e-01 1.492553e-12 0.000000e+00
7000490 2.494730e-01 5.502192e-13 0.000000e+00
8000053 2.494730e-01 0.000000e+00 0.000000e+00
9000007 2.494730e-01 0.000000e+00 0.000000e+00
10000001 2.494730e-01 0.000000e+00 0.000000e+00
2400 2.499714e-01 7.916011e+03 6.441195e+02
1000250 2.499714e-01 5.202496e+02 6.057065e+01
2000998 2.499714e-01 8.265870e+01 4.193666e+00
3000014 2.499714e-01 1.058094e+01 6.025352e-01
4000689 2.499714e-01 4.653253e-01 5.006821e-02
5000294 2.499714e-01 1.656171e-07 1.768967e-10
6000400 2.499714e-01 1.345373e-12 0.000000e+00
7000559 2.499714e-01 4.899212e-13 0.000000e+00
8000401 2.499714e-01 0.000000e+00 0.000000e+00
9000047 2.499714e-01 0.000000e+00 0.000000e+00
10000003 2.499714e-01 0.000000e+00 0.000000e+00
2400 2.496853e-01 7.910866e+03 4.230318e+03
1001627 2.496853e-01 5.590837e+02 1.007397e+02
2000081 2.496853e-01 8.654344e+01 8.375548e+00
3000856 2.496853e-01 1.188335e+01 3.642634e-01
4001146 2.496853e-01 5.665828e-01 6.780126e-02
5000519 2.496853e-01 7.609845e-08 1.550688e-10
6000337 2.496853e-01 1.377450e-12 0.000000e+00
7000577 2.496853e-01 5.250950e-13 0.000000e+00
8000153 2.496853e-01 0.000000e+00 0.000000e+00
9000038 2.496853e-01 0.000000e+00 0.000000e+00
10000003 2.496853e-01 0.000000e+00 0.000000e+00
2400 2.507830e-01 7.927309e+03 1.908394e+03
1001102 2.507830e-01 5.414888e+02 1.008273e+02
2001399 2.507830e-01 8.012286e+01 3.666038e+00
3001661 2.507830e-01 1.165447e+01 4.233968e-01
4000180 2.507830e-01 5.521419e-01 6.838348e-02
5000690 2.507830e-01 7.799291e-08 1.768967e-10
6000413 2.507830e-01 1.371790e-12 0.000000e+00
7000565 2.507830e-01 4.899212e-13 0.000000e+00
8000024 2.507830e-01 0.000000e+00 0.000000e+00
9000064 2.507830e-01 0.000000e+00 0.000000e+00
10000002 2.507830e-01 0.000000e+00 0.000000e+00
2400 2.505462e-01 7.904389e+03 2.049317e+03
1000651 2.505462e-01 5.489808e+02 7.993096e+01
2001357 2.505462e-01 9.866965e+01 4.990094e+00
3001293 2.505462e-01 1.881785e+01 1.164452e+00
4000456 2.505462e-01 8.935305e-01 5.020850e-02
5000725 2.505462e-01 9.018897e-05 4.538379e-10
6000363 2.505462e-01 1.490666e-12 0.000000e+00
7000501 2.505462e-01 6.381537e-13 0.000000e+00
8000335 2.505462e-01 0.000000e+00 0.000000e+00
9000000 2.505462e-01 0.000000e+00 0.000000e+00
10000000 2.505462e-01 0.000000e+00 0.000000e+00
2400 2.505377e-01 7.931787e+03 1.518373e+03
1000007 2.505377e-01 5.118967e+02 7.759302e+01
2000017 2.505377e-01 6.770025e+01 7.482803e+00
3001551 2.505377e-01 7.155244e+00 4.887041e-01
4000537 2.505377e-01 3.627952e-01 3.188839e-02
5000914 2.505377e-01 3.918614e-10 1.059561e-10
6000126 2.505377e-01 1.284991e-12 0.000000e+00
7000350 2.505377e-01 4.924336e-13 0.000000e+00
8000448 2.505377e-01 0.000000e+00 0.000000e+00
9000237 2.505377e-01 0.000000e+00 0.000000e+00
10000004 2.505377e-01 0.000000e+00 0.000000e+00
2400 2.506404e-01 7.914690e+03 4.271767e+03
1001473 2.506404e-01 5.386279e+02 8.176084e+01
2000263 2.506404e-01 7.251387e+01 6.755723e+00
3000495 2.506404e-01 9.658361e+00 7.644718e-01
4000933 2.506404e-01 3.988891e-01 4.118889e-02
5000085 2.506404e-01 7.834873e-10 1.641638e-10
6000471 2.506404e-01 1.249140e-12 0.000000e+00
7000047 2.506404e-01 4.597722e-13 0.000000e+00
8000202 2.506404e-01 0.000000e+00 0.000000e+00
9000154 2.506404e-01 0.000000e+00 0.000000e+00
9999994 2.507449e-01 0.000000e+00 0.000000e+00
2400 2.497604e-01 7.868650e+03 6.909806e+02
1002011 2.497604e-01 5.580894e+02 1.008287e+02
2000903 2.497604e-01 7.938790e+01 1.092388e+01
3000776 2.497604e-01 8.692197e+00 2.845028e-01
4000500 2.497604e-01 3.510732e-01 3.416009e-02
5000638 2.497604e-01 1.995959e-10 5.866241e-11
6000921 2.497604e-01 1.349147e-12 0.000000e+00
7000310 2.497604e-01 5.351447e-13 0.000000e+00
8000461 2.497604e-01 0.000000e+00 0.000000e+00
9000209 2.497604e-01 0.000000e+00 0.000000e+00
10000004 2.497604e-01 0.000000e+00 0.000000e+00
2400 2.503362e-01 7.887631e+03 2.057400e+03
1000749 2.503362e-01 5.249479e+02 1.537365e+01
2000704 2.503362e-01 7.109390e+01 3.779873e+00
3000372 2.503362e-01 8.646869e+00 4.809762e-01
4000548 2.503362e-01 3.586691e-01 3.455334e-02
5001191 2.503362e-01 2.157064e-10 6.411938e-11
6000410 2.503362e-01 1.298200e-12 0.000000e+00
7000719 2.503362e-01 5.276074e-13 0.000000e+00
8000185 2.503362e-01 0.000000e+00 0.000000e+00
9000122 2.503362e-01 0.000000e+00 0.000000e+00
10000004 2.503362e-01 0.000000e+00 0.000000e+00
2400 2.496123e-01 7.892577e+03 2.250455e+03
1001339 2.496123e-01 5.278196e+02 9.331498e+01
2001274 2.496123e-01 7.708861e+01 6.945328e+00
3000401 2.496123e-01 1.009759e+01 5.104137e-01
4001120 2.496123e-01 4.350023e-01 6.245936e-02
5000600 2.496123e-01 2.081119e-09 1.205080e-10
6000856 2.496123e-01 1.311408e-12 0.000000e+00
7000105 2.496123e-01 4.622846e-13 0.000000e+00
8000193 2.496123e-01 0.000000e+00 0.000000e+00
9000062 2.496123e-01 0.000000e+00 0.000000e+00
10000002 2.496123e-01 0.000000e+00 0.000000e+00
2400 2.508741e-01 7.891799e+03 1.218517e+03
1000638 2.508741e-01 5.455245e+02 9.437205e+01
2000278 2.508741e-01 8.494227e+01 5.042901e+00
3001443 2.508741e-01 1.267382e+01 7.634929e-01
4001238 2.508741e-01 6.496609e-01 6.521800e-02
5000499 2.508741e-01 3.165941e-06 1.623448e-10
6000593 2.508741e-01 1.428397e-12 0.000000e+00
7000677 2.508741e-01 5.175578e-13 0.000000e+00
8000293 2.508741e-01 0.000000e+00 0.000000e+00
9000180 2.508741e-01 0.000000e+00 0.000000e+00
10000002 2.508741e-01 0.000000e+00 0.000000e+00
0.00e+00 (0.00e+00): 
0.000000e+00 0.000000e+00 0.000000e+00 0.000000e+00 0.000000e+00 0.000000e+00 0.000000e+00 0.000000e+00 0.000000e+00 0.000000e+00 0.000000e+00 0.000000e+00 0.000000e+00 0.000000e+00 0.000000e+00 0.000000e+00 0.000000e+00 0.000000e+00 0.000000e+00 0.000000e+00 0.000000e+00 0.000000e+00 0.000000e+00 0.000000e+00 0.000000e+00 0.000000e+00 0.000000e+00 0.000000e+00 0.000000e+00 0.000000e+00 