2400 2.506985e-01 1.227422e+03 3.066706e+02
1000733 2.506985e-01 2.325453e+02 3.693786e+01
2001265 2.506985e-01 1.490519e+02 2.982899e+01
3000404 2.506985e-01 1.027775e+02 2.772150e+01
4001403 2.506985e-01 6.131610e+01 2.433485e+01
5000728 2.506985e-01 4.340924e+01 2.301639e+01
6000559 2.506985e-01 3.288696e+01 2.073212e+01
7000285 2.506985e-01 2.720020e+01 1.336537e+01
8000385 2.506985e-01 2.380843e+01 1.014286e+01
9000222 2.506985e-01 2.114683e+01 4.337995e+00
9999991 2.508029e-01 2.661302e+00 2.142196e+00
2400 2.506362e-01 1.227232e+03 3.029405e+02
1000571 2.506362e-01 2.202487e+02 4.240331e+01
2001421 2.506362e-01 1.416098e+02 2.971304e+01
3001049 2.506362e-01 9.538892e+01 2.839071e+01
4000796 2.506362e-01 5.813609e+01 2.611131e+01
5001040 2.506362e-01 4.273156e+01 2.490910e+01
6000593 2.506362e-01 3.276330e+01 1.280797e+01
7000701 2.506362e-01 2.718765e+01 6.700344e+00
8000175 2.506362e-01 2.392059e+01 4.005274e+00
9000106 2.506362e-01 2.117354e+01 2.275939e+00
10000005 2.506362e-01 2.452053e+00 1.681768e+00
2400 2.503384e-01 1.220379e+03 2.592925e+02
1000589 2.503384e-01 2.257235e+02 3.939048e+01
2001327 2.503384e-01 1.425164e+02 2.863763e+01
3000769 2.503384e-01 9.885777e+01 2.417522e+01
4000701 2.503384e-01 6.076215e+01 2.373884e+01
5002641 2.503384e-01 4.373268e+01 2.146404e+01
6000445 2.503384e-01 3.299896e+01 1.796140e+01
7000142 2.503384e-01 2.722960e+01 8.515416e+00
8000148 2.503384e-01 2.399445e+01 6.595116e+00
9000065 2.503384e-01 2.074082e+01 3.489927e+00
10000004 2.503384e-01 3.492641e+00 7.477944e-01
2400 2.518746e-01 1.227675e+03 2.713056e+02
1001616 2.518746e-01 2.233922e+02 4.132834e+01
2000111 2.518746e-01 1.486975e+02 3.035983e+01
3000750 2.518746e-01 1.054647e+02 2.879323e+01
4001280 2.518746e-01 6.345287e+01 2.563023e+01
5000516 2.518746e-01 4.463725e+01 2.554690e+01
6000424 2.518746e-01 3.328316e+01 1.936459e+01
7000693 2.518746e-01 2.760249e+01 1.440183e+01
8000417 2.518746e-01 2.415194e+01 1.096940e+01
9000197 2.518746e-01 2.128777e+01 5.707373e+00
9999958 2.519796e-01 4.253892e+00 3.865604e+00
2400 2.495045e-01 1.226819e+03 2.955101e+02
1000377 2.495045e-01 2.280387e+02 3.546643e+01
2000194 2.495045e-01 1.445597e+02 2.651306e+01
3001626 2.495045e-01 1.028328e+02 2.396590e+01
4000538 2.495045e-01 6.446356e+01 2.362101e+01
5000107 2.495045e-01 4.522650e+01 2.102000e+01
6000263 2.495045e-01 3.368490e+01 1.593496e+01
7000532 2.495045e-01 2.750274e+01 9.544589e+00
8000349 2.495045e-01 2.369675e+01 4.988825e+00
9000222 2.495045e-01 2.026631e+01 2.306379e+00
10000003 2.495045e-01 1.917295e+00 1.399930e+00
2400 2.498388e-01 1.225619e+03 2.929333e+02
1002141 2.498388e-01 2.240012e+02 4.208866e+01
2000923 2.498388e-01 1.461252e+02 3.025099e+01
3000642 2.498388e-01 1.046197e+02 2.781673e+01
4000802 2.498388e-01 6.274544e+01 2.452889e+01
5000526 2.498388e-01 4.437888e+01 2.367313e+01
6000552 2.498388e-01 3.316616e+01 2.227741e+01
7000390 2.498388e-01 2.704938e+01 1.172954e+01
8000207 2.498388e-01 2.354706e+01 7.647607e+00
9000035 2.498388e-01 2.041235e+01 3.378042e+00
10000000 2.498388e-01 2.533239e+00 2.391782e+00
2400 2.511137e-01 1.228712e+03 2.498700e+02
1001987 2.511137e-01 2.300763e+02 3.615585e+01
2000863 2.511137e-01 1.474839e+02 2.581160e+01
3000904 2.511137e-01 1.025928e+02 2.494125e+01
4001393 2.511137e-01 6.002543e+01 2.375873e+01
5001024 2.511137e-01 4.364307e+01 2.375873e+01
6000257 2.511137e-01 3.316378e+01 2.215740e+01
7000236 2.511137e-01 2.761796e+01 1.940108e+01
8000436 2.511137e-01 2.403819e+01 1.071954e+01
9000172 2.511137e-01 2.123061e+01 4.179629e+00
10000004 2.511137e-01 2.407290e+00 1.599150e+00
2400 2.495682e-01 1.229840e+03 2.192644e+02
1001241 2.495682e-01 2.296213e+02 4.155362e+01
2001039 2.495682e-01 1.459316e+02 2.854189e+01
3000107 2.495682e-01 9.961171e+01 2.717742e+01
4001766 2.495682e-01 5.819101e+01 2.592387e+01
5000683 2.495682e-01 4.304719e+01 1.953042e+01
6000385 2.495682e-01 3.266271e+01 1.626817e+01
7000406 2.495682e-01 2.702904e+01 1.190674e+01
8000082 2.495682e-01 2.370439e+01 4.531558e+00
9000107 2.495682e-01 2.022723e+01 1.331994e+00
10000004 2.495682e-01 1.509166e+00 1.330442e+00
2400 2.504202e-01 1.218012e+03 2.266075e+02
1001008 2.504202e-01 2.286039e+02 3.375786e+01
2001073 2.504202e-01 1.474296e+02 2.986512e+01
3001173 2.504202e-01 9.997584e+01 2.589044e+01
4001117 2.504202e-01 5.901929e+01 2.324214e+01
5000182 2.504202e-01 4.326302e+01 2.251899e+01
6000079 2.504202e-01 3.267656e+01 2.213522e+01
7000722 2.504202e-01 2.704101e+01 1.273401e+01
8000471 2.504202e-01 2.365967e+01 5.889463e+00
9000140 2.504202e-01 2.054198e+01 1.993329e+00
10000005 2.504202e-01 2.022008e+00 1.991133e+00
2400 2.498864e-01 1.212733e+03 3.360032e+02
1001922 2.498864e-01 2.236016e+02 3.946263e+01
2001876 2.498864e-01 1.443009e+02 2.804886e+01
3000847 2.498864e-01 1.021825e+02 2.652563e+01
4000300 2.498864e-01 6.199696e+01 2.637862e+01
5000008 2.498864e-01 4.424664e+01 2.507796e+01
6000101 2.498864e-01 3.334623e+01 1.844779e+01
7000340 2.498864e-01 2.734383e+01 1.276959e+01
8000143 2.498864e-01 2.377367e+01 9.174154e+00
9000032 2.498864e-01 2.100070e+01 4.011387e+00
10000002 2.498864e-01 3.497529e+00 1.585958e+00
2400 2.502866e-01 1.220726e+03 1.938633e+02
1002137 2.502866e-01 2.247092e+02 3.891928e+01
2000550 2.502866e-01 1.461062e+02 3.144398e+01
3000980 2.502866e-01 1.027904e+02 3.060540e+01
4000823 2.502866e-01 6.423003e+01 2.599048e+01
5001046 2.502866e-01 4.496715e+01 2.531290e+01
6000302 2.502866e-01 3.372195e+01 1.392226e+01
7000686 2.502866e-01 2.769828e+01 7.643768e+00
8000279 2.502866e-01 2.392096e+01 5.612438e+00
9000072 2.502866e-01 2.071096e+01 4.194428e+00
10000002 2.502866e-01 2.623845e+00 2.137810e+00
2400 2.494391e-01 1.227793e+03 3.236338e+02
1000624 2.494391e-01 2.266382e+02 4.466041e+01
2001232 2.494391e-01 1.463541e+02 2.998559e+01
3000968 2.494391e-01 1.012551e+02 2.961799e+01
4000938 2.494391e-01 5.968604e+01 2.698170e+01
5001093 2.494391e-01 4.291348e+01 2.271653e+01
6000795 2.494391e-01 3.243894e+01 1.465151e+01
7000078 2.494391e-01 2.659371e+01 8.638510e+00
8000395 2.494391e-01 2.315382e+01 6.106347e+00
9000230 2.494391e-01 2.002957e+01 4.528256e+00
9999980 2.495430e-01 2.574761e+00 1.418494e+00
2400 2.506215e-01 1.233649e+03 2.845510e+02
1000214 2.506215e-01 2.274855e+02 4.309123e+01
2001427 2.506215e-01 1.469195e+02 2.697392e+01
3002420 2.506215e-01 1.030004e+02 2.151798e+01
4000682 2.506215e-01 6.205079e+01 1.515767e+01
5000558 2.506215e-01 4.344059e+01 1.513563e+01
6000445 2.506215e-01 3.272900e+01 1.245187e+01
7000077 2.506215e-01 2.730403e+01 9.431942e+00
8000269 2.506215e-01 2.375727e+01 5.315925e+00
9000011 2.506215e-01 2.044609e+01 2.325748e+00
10000003 2.506215e-01 2.351598e+00 2.311870e+00
2400 2.501195e-01 1.227961e+03 2.855637e+02
1001880 2.501195e-01 2.268336e+02 4.355127e+01
2000437 2.501195e-01 1.447449e+02 3.010647e+01
3000995 2.501195e-01 9.948515e+01 2.617995e+01
4000626 2.501195e-01 5.874195e+01 2.612880e+01
5000393 2.501195e-01 4.228919e+01 2.245490e+01
6000615 2.501195e-01 3.206734e+01 1.591558e+01
7000495 2.501195e-01 2.686536e+01 7.623196e+00
8000035 2.501195e-01 2.355438e+01 6.564425e+00
9000070 2.501195e-01 2.057781e+01 3.295519e+00
10000000 2.501195e-01 3.069291e+00 2.191205e+00
2400 2.481803e-01 1.211444e+03 2.575470e+02
1002142 2.481803e-01 2.219685e+02 3.815733e+01
2000731 2.481803e-01 1.432274e+02 3.068889e+01
3000627 2.481803e-01 9.830179e+01 2.885066e+01
4001080 2.481803e-01 5.938795e+01 2.535782e+01
5000012 2.481803e-01 4.338998e+01 2.373944e+01
6000707 2.481803e-01 3.312589e+01 2.188677e+01
7000107 2.481803e-01 2.742117e+01 1.270310e+01
8000052 2.481803e-01 2.395381e+01 8.690737e+00
9000106 2.481803e-01 2.086884e+01 2.347013e+00
9999777 2.482837e-01 2.701457e-01 2.573309e-01
2400 2.493744e-01 1.222464e+03 3.332272e+02
1000213 2.493744e-01 2.236179e+02 4.237167e+01
2000154 2.493744e-01 1.465032e+02 2.639799e+01
3002994 2.493744e-01 1.014217e+02 2.568769e+01
4000875 2.493744e-01 6.181150e+01 2.169667e+01
5001239 2.493744e-01 4.421251e+01 1.756933e+01
6000022 2.493744e-01 3.318727e+01 1.112965e+01
7000367 2.493744e-01 2.727996e+01 5.650269e+00
8000405 2.493744e-01 2.370098e+01 4.245794e+00
9000011 2.493744e-01 2.081703e+01 2.561459e+00
9999983 2.494783e-01 2.083200e+00 1.298785e+00
2400 2.498025e-01 1.227201e+03 3.028474e+02
1001320 2.498025e-01 2.278996e+02 3.626528e+01
2001014 2.498025e-01 1.453116e+02 2.572776e+01
3001252 2.498025e-01 9.788109e+01 2.537321e+01
4001276 2.498025e-01 5.884327e+01 2.529756e+01
5000890 2.498025e-01 4.300558e+01 2.436551e+01
6000393 2.498025e-01 3.260136e+01 1.702240e+01
7000482 2.498025e-01 2.704199e+01 8.130382e+00
8000445 2.498025e-01 2.342738e+01 5.367862e+00
9000015 2.498025e-01 1.997290e+01 1.295907e+00
10000000 2.498025e-01 1.444342e+00 1.291034e+00
2400 2.496571e-01 1.234718e+03 2.229797e+02
1002034 2.496571e-01 2.266331e+02 4.527975e+01
2000855 2.496571e-01 1.474696e+02 3.035278e+01
3000409 2.496571e-01 1.033121e+02 2.533414e+01
4001038 2.496571e-01 6.034914e+01 2.225444e+01
5000667 2.496571e-01 4.374661e+01 1.936340e+01
6000892 2.496571e-01 3.305760e+01 1.406528e+01
7001783 2.496571e-01 2.714823e+01 7.888195e+00
8000399 2.496571e-01 2.359210e+01 4.694718e+00
9000203 2.496571e-01 2.027921e+01 2.200122e+00
10000002 2.496571e-01 1.721362e+00 4.104272e-01
2400 2.504732e-01 1.222547e+03 2.649320e+02
1001835 2.504732e-01 2.245625e+02 4.104283e+01
2000336 2.504732e-01 1.450097e+02 2.727827e+01
3002197 2.504732e-01 1.020960e+02 2.486852e+01
4001360 2.504732e-01 6.071257e+01 2.450970e+01
5000288 2.504732e-01 4.351347e+01 1.961750e+01
6000562 2.504732e-01 3.314736e+01 1.552817e+01
7000292 2.504732e-01 2.710095e+01 9.120821e+00
8000280 2.504732e-01 2.296739e+01 5.912818e+00
9000237 2.504732e-01 1.880591e+01 1.336501e+00
9999535 2.505776e-01 1.588162e+00 1.334561e+00
2400 2.494730e-01 1.224088e+03 2.370513e+02
1001352 2.494730e-01 2.212910e+02 3.273178e+01
2001350 2.494730e-01 1.415118e+02 2.785857e+01
3000336 2.494730e-01 9.601668e+01 2.610870e+01
4000266 2.494730e-01 5.849809e+01 2.586521e+01
5000817 2.494730e-01 4.281707e+01 2.215555e+01
6000470 2.494730e-01 3.263802e+01 1.164113e+01
7000714 2.494730e-01 2.712814e+01 8.986829e+00
8000421 2.494730e-01 2.371071e+01 4.816773e+00
9000137 2.494730e-01 2.075157e+01 4.072413e+00
10000001 2.494730e-01 2.630913e+00 1.861246e+00
2400 2.499714e-01 1.229759e+03 2.570656e+02
1001079 2.499714e-01 2.220974e+02 3.959958e+01
2000269 2.499714e-01 1.447558e+02 2.686392e+01
3001230 2.499714e-01 9.803572e+01 2.558227e+01
4001186 2.499714e-01 5.859263e+01 2.556159e+01
5001067 2.499714e-01 4.215812e+01 2.306493e+01
6000333 2.499714e-01 3.244556e+01 2.030156e+01
7000138 2.499714e-01 2.719852e+01 1.396015e+01
8000295 2.499714e-01 2.388860e+01 7.359466e+00
9000189 2.499714e-01 2.077363e+01 1.983741e+00
9999986 2.500756e-01 7.345677e-01 5.530896e-01
2400 2.496853e-01 1.229848e+03 2.133781e+02
1000121 2.496853e-01 2.223815e+02 3.950901e+01
2000541 2.496853e-01 1.412080e+02 2.641316e+01
3000006 2.496853e-01 9.794493e+01 2.500548e+01
4000852 2.496853e-01 5.879627e+01 2.493001e+01
5000991 2.496853e-01 4.259540e+01 2.380206e+01
6000642 2.496853e-01 3.263347e+01 1.312469e+01
7000163 2.496853e-01 2.720502e+01 5.614965e+00
8000471 2.496853e-01 2.384989e+01 4.903768e+00
9000048 2.496853e-01 2.103814e+01 3.009105e+00
9999988 2.497893e-01 1.449922e+00 5.610391e-01
2400 2.507830e-01 1.217230e+03 3.049477e+02
1001706 2.507830e-01 2.227070e+02 3.637898e+01
2001031 2.507830e-01 1.417330e+02 2.567361e+01
3000595 2.507830e-01 9.893449e+01 2.407047e+01
4000269 2.507830e-01 6.001557e+01 2.361548e+01
5000486 2.507830e-01 4.351028e+01 1.943897e+01
6000781 2.507830e-01 3.277820e+01 1.674022e+01
7000180 2.507830e-01 2.716866e+01 1.048868e+01
8000281 2.507830e-01 2.401650e+01 6.249773e+00
9000066 2.507830e-01 2.147495e+01 4.345803e+00
10000005 2.507830e-01 3.684883e+00 1.879596e+00
2400 2.505462e-01 1.226247e+03 2.634776e+02
1000267 2.505462e-01 2.243013e+02 4.204428e+01
2000881 2.505462e-01 1.455870e+02 3.007840e+01
3001074 2.505462e-01 1.007845e+02 2.560249e+01
4000803 2.505462e-01 5.941941e+01 2.468928e+01
5000288 2.505462e-01 4.319986e+01 2.445726e+01
6000724 2.505462e-01 3.285687e+01 1.420292e+01
7000597 2.505462e-01 2.721424e+01 1.231290e+01
8000474 2.505462e-01 2.367589e+01 7.677679e+00
9000190 2.505462e-01 2.032480e+01 1.047314e+00
10000000 2.505462e-01 1.577656e+00 1.043539e+00
2400 2.505377e-01 1.229258e+03 3.715712e+02
1000006 2.505377e-01 2.261893e+02 3.870343e+01
2000337 2.505377e-01 1.469189e+02 2.953316e+01
3000003 2.505377e-01 1.005904e+02 2.466951e+01
4000070 2.505377e-01 5.949099e+01 2.398552e+01
5000312 2.505377e-01 4.268184e+01 2.082285e+01
6000146 2.505377e-01 3.251753e+01 1.406963e+01
7000665 2.505377e-01 2.696022e+01 8.435051e+00
8000142 2.505377e-01 2.331103e+01 4.968207e+00
9000157 2.505377e-01 1.982031e+01 2.493007e+00
10000005 2.505377e-01 2.449415e+00 2.201111e+00
2400 2.506404e-01 1.225980e+03 2.340715e+02
1000621 2.506404e-01 2.253969e+02 3.821769e+01
2000416 2.506404e-01 1.448711e+02 2.853178e+01
3000482 2.506404e-01 1.002438e+02 2.324233e+01
4000479 2.506404e-01 6.119370e+01 2.290610e+01
5000076 2.506404e-01 4.328646e+01 2.287718e+01
6000144 2.506404e-01 3.271168e+01 2.173946e+01
7000018 2.506404e-01 2.707076e+01 1.066345e+01
8000339 2.506404e-01 2.383970e+01 5.002299e+00
9000150 2.506404e-01 2.091749e+01 2.837373e+00
10000003 2.506404e-01 2.736688e+00 2.255376e+00
2400 2.497604e-01 1.222645e+03 1.550401e+02
1000478 2.497604e-01 2.298708e+02 3.606616e+01
2001693 2.497604e-01 1.483730e+02 2.883044e+01
3000277 2.497604e-01 1.041567e+02 2.430602e+01
4000751 2.497604e-01 6.300549e+01 2.417146e+01
5000054 2.497604e-01 4.436397e+01 2.416840e+01
6000498 2.497604e-01 3.338188e+01 1.760799e+01
7000365 2.497604e-01 2.756749e+01 8.682652e+00
8000478 2.497604e-01 2.392611e+01 6.074914e+00
9000103 2.497604e-01 2.068091e+01 3.837719e+00
10000005 2.497604e-01 3.484589e+00 2.769637e+00
2400 2.503362e-01 1.221945e+03 2.232845e+02
1001627 2.503362e-01 2.200537e+02 3.766811e+01
2000095 2.503362e-01 1.407640e+02 2.828785e+01
3000408 2.503362e-01 9.530804e+01 2.500479e+01
4000608 2.503362e-01 5.730523e+01 2.497209e+01
5000926 2.503362e-01 4.146288e+01 2.256335e+01
6000085 2.503362e-01 3.179680e+01 1.114424e+01
7000253 2.503362e-01 2.687649e+01 1.070635e+01
8000400 2.503362e-01 2.373461e+01 5.203865e+00
9000031 2.503362e-01 2.114263e+01 2.961602e+00
10000003 2.503362e-01 2.085560e+00 1.372287e+00
2400 2.496123e-01 1.226133e+03 2.507202e+02
1000759 2.496123e-01 2.245988e+02 3.641939e+01
2000272 2.496123e-01 1.436205e+02 2.646350e+01
3000630 2.496123e-01 9.952917e+01 2.497995e+01
4001154 2.496123e-01 5.927887e+01 2.411031e+01
5000518 2.496123e-01 4.257544e+01 2.261774e+01
6000824 2.496123e-01 3.236856e+01 1.636611e+01
7000658 2.496123e-01 2.710001e+01 1.226453e+01
8000194 2.496123e-01 2.363366e+01 5.182827e+00
9000208 2.496123e-01 2.051011e+01 3.165159e+00
9999944 2.497163e-01 2.780513e+00 1.760059e+00
2400 2.508741e-01 1.234482e+03 2.520445e+02
1001516 2.508741e-01 2.230873e+02 3.756401e+01
2001720 2.508741e-01 1.452387e+02 2.831387e+01
3000455 2.508741e-01 1.024442e+02 2.557661e+01
4000110 2.508741e-01 5.896999e+01 2.519962e+01
5002046 2.508741e-01 4.230377e+01 2.453563e+01
6000541 2.508741e-01 3.241265e+01 1.756987e+01
7000360 2.508741e-01 2.699409e+01 9.590390e+00
8000397 2.508741e-01 2.360869e+01 7.349979e+00
9000173 2.508741e-01 2.090730e+01 4.200276e+00
9999942 2.509787e-01 2.181610e+00 1.358128e+00
1.63e+00 (7.57e-01): 
2.142196e+00 1.681768e+00 7.477944e-01 3.865604e+00 1.399930e+00 2.391782e+00 1.599150e+00 1.330442e+00 1.991133e+00 1.585958e+00 2.137810e+00 1.418494e+00 2.311870e+00 2.191205e+00 2.573309e-01 1.298785e+00 1.291034e+00 4.104272e-01 1.334561e+00 1.861246e+00 5.530896e-01 5.610391e-01 1.879596e+00 1.043539e+00 2.201111e+00 2.255376e+00 2.769637e+00 1.372287e+00 1.760059e+00 1.358128e+00 