600 2.481754e-01 1.474198e+04 1.088977e+03
100293 2.481754e-01 2.183242e+03 2.537994e+02
200377 2.481754e-01 1.079989e+03 4.223769e+01
300073 2.481754e-01 1.943971e+02 8.419299e+00
400204 2.481754e-01 1.059169e-01 2.123055e-02
500203 2.481754e-01 2.307505e-13 0.000000e+00
600151 2.481754e-01 0.000000e+00 0.000000e+00
700065 2.481754e-01 0.000000e+00 0.000000e+00
800073 2.481754e-01 0.000000e+00 0.000000e+00
900011 2.481754e-01 0.000000e+00 0.000000e+00
1000005 2.481754e-01 0.000000e+00 0.000000e+00
600 2.490543e-01 1.493858e+04 1.413326e+03
100410 2.490543e-01 2.049443e+03 1.271340e+02
200414 2.490543e-01 9.688220e+02 3.383165e+01
300076 2.490543e-01 1.338218e+02 1.179258e+01
400267 2.490543e-01 2.391026e-02 4.182619e-03
500138 2.490543e-01 3.174227e-13 1.136868e-13
600092 2.490543e-01 0.000000e+00 0.000000e+00
700050 2.490543e-01 0.000000e+00 0.000000e+00
800066 2.490543e-01 0.000000e+00 0.000000e+00
900012 2.490543e-01 0.000000e+00 0.000000e+00
1000003 2.490543e-01 0.000000e+00 0.000000e+00
600 2.488799e-01 1.465554e+04 1.740572e+03
100202 2.488799e-01 2.014681e+03 1.060216e+02
200230 2.488799e-01 9.104623e+02 1.543590e+01
300358 2.488799e-01 1.018688e+02 7.397154e+00
400005 2.488799e-01 2.819646e-03 2.160050e-12
500158 2.488799e-01 4.052204e-14 0.000000e+00
600109 2.488799e-01 0.000000e+00 0.000000e+00
700074 2.488799e-01 0.000000e+00 0.000000e+00
800082 2.488799e-01 0.000000e+00 0.000000e+00
900049 2.488799e-01 0.000000e+00 0.000000e+00
1000001 2.488799e-01 0.000000e+00 0.000000e+00
600 2.533213e-01 1.475617e+04 1.929018e+03
100333 2.533213e-01 2.209423e+03 4.594325e+01
200469 2.533213e-01 9.544597e+02 3.490405e+01
300114 2.533213e-01 5.742573e+01 4.271846e+00
400098 2.533213e-01 4.226475e-04 1.136868e-12
500179 2.533213e-01 3.414357e-14 0.000000e+00
600146 2.533213e-01 0.000000e+00 0.000000e+00
700075 2.533213e-01 0.000000e+00 0.000000e+00
800111 2.533213e-01 0.000000e+00 0.000000e+00
900012 2.533213e-01 0.000000e+00 0.000000e+00
999988 2.537436e-01 0.000000e+00 0.000000e+00
600 2.465582e-01 1.477722e+04 1.805389e+03
100515 2.465582e-01 2.039231e+03 1.420359e+02
200075 2.465582e-01 9.419569e+02 2.835153e+01
300174 2.465582e-01 7.161700e+01 6.403191e+00
400356 2.465582e-01 4.855354e-03 1.705303e-12
500123 2.465582e-01 8.329531e-14 0.000000e+00
600084 2.465582e-01 0.000000e+00 0.000000e+00
700029 2.465582e-01 0.000000e+00 0.000000e+00
800078 2.465582e-01 0.000000e+00 0.000000e+00
900055 2.465582e-01 0.000000e+00 0.000000e+00
1000004 2.465582e-01 0.000000e+00 0.000000e+00
600 2.527145e-01 1.520512e+04 2.086257e+03
100263 2.527145e-01 2.176676e+03 1.517070e+02
200283 2.527145e-01 1.038548e+03 4.102587e+01
300083 2.527145e-01 8.775051e+01 2.152771e+00
400440 2.527145e-01 1.171875e-03 6.821210e-13
500042 2.527145e-01 5.515500e-14 0.000000e+00
600003 2.527145e-01 0.000000e+00 0.000000e+00
700119 2.527145e-01 0.000000e+00 0.000000e+00
800002 2.527145e-01 0.000000e+00 0.000000e+00
900037 2.527145e-01 0.000000e+00 0.000000e+00
999990 2.531356e-01 0.000000e+00 0.000000e+00
600 2.503961e-01 1.520363e+04 1.983999e+03
100505 2.503961e-01 2.095975e+03 8.442055e+01
200413 2.503961e-01 9.794745e+02 3.057753e+01
300359 2.503961e-01 1.246479e+02 6.114094e+00
400286 2.503961e-01 2.613991e-02 4.774847e-12
500139 2.503961e-01 1.005547e-13 0.000000e+00
600092 2.503961e-01 0.000000e+00 0.000000e+00
700053 2.503961e-01 0.000000e+00 0.000000e+00
800065 2.503961e-01 0.000000e+00 0.000000e+00
900055 2.503961e-01 0.000000e+00 0.000000e+00
1000005 2.503961e-01 0.000000e+00 0.000000e+00
600 2.476866e-01 1.451064e+04 9.703485e+02
100218 2.476866e-01 2.146340e+03 1.514603e+02
200304 2.476866e-01 1.004870e+03 4.665501e+01
300390 2.476866e-01 1.382051e+02 1.486754e+01
400172 2.476866e-01 3.207129e-02 7.110088e-03
500058 2.476866e-01 2.750246e-13 1.136868e-13
600046 2.476866e-01 0.000000e+00 0.000000e+00
700027 2.476866e-01 0.000000e+00 0.000000e+00
800034 2.476866e-01 0.000000e+00 0.000000e+00
900050 2.476866e-01 0.000000e+00 0.000000e+00
1000001 2.476866e-01 0.000000e+00 0.000000e+00
600 2.470424e-01 1.454000e+04 1.453649e+03
100204 2.470424e-01 2.091818e+03 3.453706e+01
200233 2.470424e-01 8.953675e+02 3.283630e+01
300183 2.470424e-01 5.427997e+01 5.138727e+00
400085 2.470424e-01 3.996601e-04 1.250555e-12
500000 2.470424e-01 5.140296e-14 0.000000e+00
600001 2.470424e-01 0.000000e+00 0.000000e+00
700139 2.470424e-01 0.000000e+00 0.000000e+00
800110 2.470424e-01 0.000000e+00 0.000000e+00
900018 2.470424e-01 0.000000e+00 0.000000e+00
1000004 2.470424e-01 0.000000e+00 0.000000e+00
600 2.519750e-01 1.476956e+04 2.187331e+03
100052 2.519750e-01 2.005980e+03 1.270221e+02
200123 2.519750e-01 9.320328e+02 4.842826e+01
300126 2.519750e-01 8.105816e+01 4.820642e+00
400297 2.519750e-01 1.721956e-03 6.821210e-13
500188 2.519750e-01 4.990214e-14 0.000000e+00
600136 2.519750e-01 0.000000e+00 0.000000e+00
700058 2.519750e-01 0.000000e+00 0.000000e+00
800080 2.519750e-01 0.000000e+00 0.000000e+00
900000 2.519750e-01 0.000000e+00 0.000000e+00
1000004 2.519750e-01 0.000000e+00 0.000000e+00
600 2.481702e-01 1.465810e+04 2.163152e+03
100373 2.481702e-01 2.027756e+03 8.287941e+01
200355 2.481702e-01 9.825166e+02 5.118631e+01
300227 2.481702e-01 1.150960e+02 1.305535e+01
400245 2.481702e-01 2.043363e-02 1.477929e-12
500079 2.481702e-01 1.054323e-13 0.000000e+00
600054 2.481702e-01 0.000000e+00 0.000000e+00
700058 2.481702e-01 0.000000e+00 0.000000e+00
800100 2.481702e-01 0.000000e+00 0.000000e+00
900023 2.481702e-01 0.000000e+00 0.000000e+00
1000005 2.481702e-01 0.000000e+00 0.000000e+00
600 2.493656e-01 1.490818e+04 1.089968e+03
100000 2.493656e-01 2.094500e+03 8.544125e+01
200199 2.493656e-01 8.843538e+02 3.154809e+01
300104 2.493656e-01 1.031438e+02 7.561988e+00
400337 2.493656e-01 6.830539e-03 1.174779e-03
500244 2.493656e-01 1.170637e-13 0.000000e+00
600179 2.493656e-01 0.000000e+00 0.000000e+00
700094 2.493656e-01 0.000000e+00 0.000000e+00
800095 2.493656e-01 0.000000e+00 0.000000e+00
900064 2.493656e-01 0.000000e+00 0.000000e+00
1000002 2.493656e-01 0.000000e+00 0.000000e+00
600 2.490850e-01 1.498863e+04 2.177584e+03
100488 2.490850e-01 2.014618e+03 9.723089e+01
200054 2.490850e-01 1.011957e+03 2.520945e+01
300155 2.490850e-01 1.175434e+02 8.780693e+00
400305 2.490850e-01 4.856267e-02 6.478684e-03
500248 2.490850e-01 3.129202e-13 0.000000e+00
600187 2.490850e-01 0.000000e+00 0.000000e+00
700102 2.490850e-01 0.000000e+00 0.000000e+00
800088 2.490850e-01 0.000000e+00 0.000000e+00
900008 2.490850e-01 0.000000e+00 0.000000e+00
1000005 2.490850e-01 0.000000e+00 0.000000e+00
600 2.490583e-01 1.470899e+04 1.155057e+03
100371 2.490583e-01 2.009219e+03 5.300583e+01
200379 2.490583e-01 8.406939e+02 1.464209e+01
300289 2.490583e-01 6.201320e+01 4.605185e+00
400089 2.490583e-01 2.220993e-03 2.885456e-04
500286 2.490583e-01 6.340949e-14 0.000000e+00
600224 2.490583e-01 0.000000e+00 0.000000e+00
700093 2.490583e-01 0.000000e+00 0.000000e+00
800074 2.490583e-01 0.000000e+00 0.000000e+00
900010 2.490583e-01 0.000000e+00 0.000000e+00
1000001 2.490583e-01 0.000000e+00 0.000000e+00
600 2.487310e-01 1.464445e+04 1.931475e+03
100283 2.487310e-01 2.066401e+03 6.837779e+01
200373 2.487310e-01 9.467550e+02 2.649261e+01
300274 2.487310e-01 1.362482e+02 1.269216e+01
400146 2.487310e-01 8.700663e-02 1.108522e-02
500182 2.487310e-01 2.847799e-13 0.000000e+00
600142 2.487310e-01 0.000000e+00 0.000000e+00
700071 2.487310e-01 0.000000e+00 0.000000e+00
800051 2.487310e-01 0.000000e+00 0.000000e+00
900049 2.487310e-01 0.000000e+00 0.000000e+00
1000000 2.487310e-01 0.000000e+00 0.000000e+00
600 2.490479e-01 1.468747e+04 2.037237e+03
100512 2.490479e-01 1.853945e+03 3.001344e+01
200055 2.490479e-01 8.607357e+02 2.144744e+01
300190 2.490479e-01 1.186403e+02 4.436910e+00
400268 2.490479e-01 9.515183e-02 2.059234e-02
500259 2.490479e-01 1.864764e-13 0.000000e+00
600161 2.490479e-01 0.000000e+00 0.000000e+00
700159 2.490479e-01 0.000000e+00 0.000000e+00
800020 2.490479e-01 0.000000e+00 0.000000e+00
900063 2.490479e-01 0.000000e+00 0.000000e+00
1000000 2.490479e-01 0.000000e+00 0.000000e+00
600 2.473587e-01 1.487819e+04 3.045956e+03
100404 2.473587e-01 1.905873e+03 7.813292e+01
200439 2.473587e-01 8.418583e+02 3.676597e+01
300101 2.473587e-01 5.866066e+01 4.797691e+00
400087 2.473587e-01 2.144625e-03 5.684342e-13
500102 2.473587e-01 5.815663e-14 0.000000e+00
600058 2.473587e-01 0.000000e+00 0.000000e+00
700178 2.473587e-01 0.000000e+00 0.000000e+00
800079 2.473587e-01 0.000000e+00 0.000000e+00
900063 2.473587e-01 0.000000e+00 0.000000e+00
1000005 2.473587e-01 0.000000e+00 0.000000e+00
600 2.476152e-01 1.435806e+04 1.852865e+03
100086 2.476152e-01 1.979490e+03 9.789575e+01
200308 2.476152e-01 9.092063e+02 2.560961e+01
300284 2.476152e-01 1.139816e+02 1.058660e+01
400218 2.476152e-01 1.113322e-01 1.250555e-12
500265 2.476152e-01 1.350735e-12 2.273737e-13
600190 2.476152e-01 0.000000e+00 0.000000e+00
700096 2.476152e-01 0.000000e+00 0.000000e+00
800119 2.476152e-01 0.000000e+00 0.000000e+00
900015 2.476152e-01 0.000000e+00 0.000000e+00
1000000 2.476152e-01 0.000000e+00 0.000000e+00
600 2.465476e-01 1.442786e+04 2.512431e+03
100187 2.465476e-01 1.996318e+03 4.256800e+01
200242 2.465476e-01 9.441286e+02 2.693229e+01
300227 2.465476e-01 1.122038e+02 5.977146e+00
400138 2.465476e-01 2.283246e-02 2.614797e-12
500008 2.465476e-01 1.309462e-13 0.000000e+00
600001 2.465476e-01 0.000000e+00 0.000000e+00
700148 2.465476e-01 0.000000e+00 0.000000e+00
800031 2.465476e-01 0.000000e+00 0.000000e+00
900033 2.465476e-01 0.000000e+00 0.000000e+00
1000001 2.465476e-01 0.000000e+00 0.000000e+00
600 2.501597e-01 1.502343e+04 2.625705e+03
100033 2.501597e-01 2.178094e+03 7.114168e+01
200106 2.501597e-01 9.658959e+02 3.303903e+01
300202 2.501597e-01 1.016275e+02 5.341137e+00
400211 2.501597e-01 1.583200e-02 5.684342e-13
500278 2.501597e-01 1.898533e-13 0.000000e+00
600203 2.501597e-01 0.000000e+00 0.000000e+00
700172 2.501597e-01 0.000000e+00 0.000000e+00
800027 2.501597e-01 0.000000e+00 0.000000e+00
900018 2.501597e-01 0.000000e+00 0.000000e+00
1000003 2.501597e-01 0.000000e+00 0.000000e+00
600 2.502538e-01 1.493673e+04 1.841308e+03
100365 2.502538e-01 1.997805e+03 5.748935e+01
200015 2.502538e-01 9.624168e+02 3.560546e+01
300418 2.502538e-01 1.605961e+02 9.997937e+00
400309 2.502538e-01 6.134197e-02 1.182363e-02
500063 2.502538e-01 2.498859e-13 0.000000e+00
600021 2.502538e-01 0.000000e+00 0.000000e+00
700163 2.502538e-01 0.000000e+00 0.000000e+00
800120 2.502538e-01 0.000000e+00 0.000000e+00
900052 2.502538e-01 0.000000e+00 0.000000e+00
1000003 2.502538e-01 0.000000e+00 0.000000e+00
600 2.514565e-01 1.539676e+04 2.271475e+03
100251 2.514565e-01 2.034651e+03 8.405245e+01
200272 2.514565e-01 9.733054e+02 2.869235e+01
300362 2.514565e-01 1.242196e+02 4.939110e+00
400385 2.514565e-01 4.680195e-02 2.614797e-12
500105 2.514565e-01 1.800980e-13 0.000000e+00
600102 2.514565e-01 0.000000e+00 0.000000e+00
700039 2.514565e-01 0.000000e+00 0.000000e+00
800032 2.514565e-01 0.000000e+00 0.000000e+00
900033 2.514565e-01 0.000000e+00 0.000000e+00
1000003 2.514565e-01 0.000000e+00 0.000000e+00
600 2.492795e-01 1.441308e+04 2.619181e+03
100243 2.492795e-01 1.972486e+03 1.085219e+02
200176 2.492795e-01 9.536341e+02 5.366954e+01
300265 2.492795e-01 1.543871e+02 9.004113e+00
400052 2.492795e-01 4.923602e-02 6.018590e-03
500207 2.492795e-01 1.583361e-13 0.000000e+00
600146 2.492795e-01 0.000000e+00 0.000000e+00
700103 2.492795e-01 0.000000e+00 0.000000e+00
800072 2.492795e-01 0.000000e+00 0.000000e+00
900003 2.492795e-01 0.000000e+00 0.000000e+00
1000003 2.492795e-01 0.000000e+00 0.000000e+00
600 2.518942e-01 1.546354e+04 1.489273e+03
100378 2.518942e-01 2.114929e+03 1.455102e+02
200386 2.518942e-01 9.331985e+02 1.573597e+01
300054 2.518942e-01 1.000162e+02 5.545629e+00
400281 2.518942e-01 2.732050e-02 1.136868e-12
500104 2.518942e-01 1.587113e-13 0.000000e+00
600056 2.518942e-01 0.000000e+00 0.000000e+00
700043 2.518942e-01 0.000000e+00 0.000000e+00
800051 2.518942e-01 0.000000e+00 0.000000e+00
900000 2.518942e-01 0.000000e+00 0.000000e+00
1000002 2.518942e-01 0.000000e+00 0.000000e+00
600 2.488026e-01 1.502728e+04 2.279856e+03
100528 2.488026e-01 2.192083e+03 1.172361e+02
200123 2.488026e-01 1.190989e+03 4.004362e+01
300258 2.488026e-01 3.333091e+02 1.020506e+01
400011 2.488026e-01 8.698342e-01 1.447649e-01
500013 2.488026e-01 2.541708e-11 4.547474e-13
600137 2.488026e-01 0.000000e+00 0.000000e+00
700070 2.488026e-01 0.000000e+00 0.000000e+00
800068 2.488026e-01 0.000000e+00 0.000000e+00
900007 2.488026e-01 0.000000e+00 0.000000e+00
999992 2.492173e-01 0.000000e+00 0.000000e+00
600 2.487115e-01 1.449307e+04 2.205480e+03
100198 2.487115e-01 2.240660e+03 9.025459e+01
200446 2.487115e-01 1.081411e+03 4.918543e+01
300066 2.487115e-01 1.136660e+02 6.257977e+00
400113 2.487115e-01 3.222396e-03 4.674107e-04
500169 2.487115e-01 7.354000e-14 0.000000e+00
600114 2.487115e-01 0.000000e+00 0.000000e+00
700080 2.487115e-01 0.000000e+00 0.000000e+00
800091 2.487115e-01 0.000000e+00 0.000000e+00
900063 2.487115e-01 0.000000e+00 0.000000e+00
1000002 2.487115e-01 0.000000e+00 0.000000e+00
600 2.495761e-01 1.473984e+04 2.752214e+03
100501 2.495761e-01 1.926991e+03 4.631109e+01
200014 2.495761e-01 9.285393e+02 2.636046e+01
300224 2.495761e-01 8.657854e+01 8.262515e+00
400090 2.495761e-01 4.612107e-03 8.502809e-04
500179 2.495761e-01 1.088092e-13 0.000000e+00
600138 2.495761e-01 0.000000e+00 0.000000e+00
700075 2.495761e-01 0.000000e+00 0.000000e+00
800086 2.495761e-01 0.000000e+00 0.000000e+00
900047 2.495761e-01 0.000000e+00 0.000000e+00
1000004 2.495761e-01 0.000000e+00 0.000000e+00
600 2.533821e-01 1.522764e+04 1.761137e+03
100265 2.533821e-01 2.111796e+03 9.447426e+01
200285 2.533821e-01 1.009527e+03 5.454689e+01
300405 2.533821e-01 1.609638e+02 2.255219e+01
400236 2.533821e-01 6.865425e-02 7.175076e-03
500299 2.533821e-01 2.360034e-13 0.000000e+00
600212 2.533821e-01 0.000000e+00 0.000000e+00
700134 2.533821e-01 0.000000e+00 0.000000e+00
800095 2.533821e-01 0.000000e+00 0.000000e+00
900016 2.533821e-01 0.000000e+00 0.000000e+00
1000004 2.533821e-01 0.000000e+00 0.000000e+00
600 2.498448e-01 1.493311e+04 2.283683e+03
100415 2.498448e-01 2.054141e+03 9.279248e+01
200026 2.498448e-01 9.414493e+02 4.430898e+01
300154 2.498448e-01 1.025189e+02 3.914460e+00
400071 2.498448e-01 1.342988e-02 2.242545e-03
500281 2.498448e-01 1.099348e-13 0.000000e+00
600236 2.498448e-01 0.000000e+00 0.000000e+00
700130 2.498448e-01 0.000000e+00 0.000000e+00
800036 2.498448e-01 0.000000e+00 0.000000e+00
900062 2.498448e-01 0.000000e+00 0.000000e+00
1000001 2.498448e-01 0.000000e+00 0.000000e+00
600 2.496758e-01 1.448314e+04 1.441522e+03
100114 2.496758e-01 2.061473e+03 1.217442e+02
200154 2.496758e-01 8.285490e+02 1.828836e+01
300262 2.496758e-01 4.416578e+01 3.669532e+00
400128 2.496758e-01 9.354615e-05 2.387424e-12
500076 2.496758e-01 3.414357e-14 0.000000e+00
600033 2.496758e-01 0.000000e+00 0.000000e+00
700180 2.496758e-01 0.000000e+00 0.000000e+00
800071 2.496758e-01 0.000000e+00 0.000000e+00
900014 2.496758e-01 0.000000e+00 0.000000e+00
1000001 2.496758e-01 0.000000e+00 0.000000e+00
0.00e+00 (0.00e+00): 
0.000000e+00 0.000000e+00 0.000000e+00 0.000000e+00 0.000000e+00 0.000000e+00 0.000000e+00 0.000000e+00 0.000000e+00 0.000000e+00 0.000000e+00 0.000000e+00 0.000000e+00 0.000000e+00 0.000000e+00 0.000000e+00 0.000000e+00 0.000000e+00 0.000000e+00 0.000000e+00 0.000000e+00 0.000000e+00 0.000000e+00 0.000000e+00 0.000000e+00 0.000000e+00 0.000000e+00 0.000000e+00 0.000000e+00 0.000000e+00 