2400 2.506985e-01 7.191712e+13 5.295712e+04
1001744 2.506985e-01 3.427726e+04 5.981974e-09
2001502 2.506985e-01 3.245624e+02 3.333639e-09
3001263 2.506985e-01 2.678327e-06 4.561684e-10
4000893 2.506985e-01 6.582492e-14 0.000000e+00
5000789 2.506985e-01 2.022359e-14 0.000000e+00
6000111 2.506985e-01 0.000000e+00 0.000000e+00
7000475 2.506985e-01 0.000000e+00 0.000000e+00
8000177 2.506985e-01 0.000000e+00 0.000000e+00
9000111 2.506985e-01 0.000000e+00 0.000000e+00
9999987 2.508029e-01 0.000000e+00 0.000000e+00
2400 2.506362e-01 7.419466e+13 9.336071e+04
1000821 2.506362e-01 3.473217e+04 2.978595e-09
2000171 2.506362e-01 1.648599e+02 2.978595e-09
3001428 2.506362e-01 2.068592e-07 2.764352e-09
4000825 2.506362e-01 5.534650e-14 0.000000e+00
5000818 2.506362e-01 1.630173e-14 0.000000e+00
6000094 2.506362e-01 0.000000e+00 0.000000e+00
7000317 2.506362e-01 0.000000e+00 0.000000e+00
8000432 2.506362e-01 0.000000e+00 0.000000e+00
9000124 2.506362e-01 0.000000e+00 0.000000e+00
10000000 2.506362e-01 0.000000e+00 0.000000e+00
2400 2.503384e-01 6.918423e+13 5.460434e+04
1001875 2.503384e-01 3.453873e+04 4.465619e-09
2000055 2.503384e-01 2.104425e+02 1.177000e-09
3000178 2.503384e-01 3.062987e-07 1.177000e-09
4001228 2.503384e-01 5.617328e-14 0.000000e+00
5000048 2.503384e-01 1.422267e-14 0.000000e+00
6000414 2.503384e-01 0.000000e+00 0.000000e+00
7000122 2.503384e-01 0.000000e+00 0.000000e+00
8000416 2.503384e-01 0.000000e+00 0.000000e+00
9000009 2.503384e-01 0.000000e+00 0.000000e+00
10000004 2.503384e-01 0.000000e+00 0.000000e+00
2400 2.518746e-01 7.098035e+13 6.147250e+04
1001846 2.518746e-01 3.442894e+04 6.035407e-09
2000241 2.518746e-01 2.333483e+02 3.326477e-09
3001002 2.518746e-01 9.339620e-07 3.307832e-09
4000594 2.518746e-01 5.711917e-14 0.000000e+00
5000560 2.518746e-01 1.294688e-14 0.000000e+00
6000805 2.518746e-01 0.000000e+00 0.000000e+00
7000043 2.518746e-01 0.000000e+00 0.000000e+00
8000298 2.518746e-01 0.000000e+00 0.000000e+00
9000095 2.518746e-01 0.000000e+00 0.000000e+00
10000002 2.518746e-01 0.000000e+00 0.000000e+00
2400 2.495045e-01 6.760149e+13 9.247390e+04
1002348 2.495045e-01 3.568602e+04 2.575234e-09
2000811 2.495045e-01 4.014110e+02 2.575234e-09
3000484 2.495045e-01 2.575332e-06 2.575234e-09
4001441 2.495045e-01 6.626476e-14 0.000000e+00
5000098 2.495045e-01 1.989283e-14 0.000000e+00
6000448 2.495045e-01 0.000000e+00 0.000000e+00
7000056 2.495045e-01 0.000000e+00 0.000000e+00
8000123 2.495045e-01 0.000000e+00 0.000000e+00
9000092 2.495045e-01 0.000000e+00 0.000000e+00
10000002 2.495045e-01 0.000000e+00 0.000000e+00
2400 2.498388e-01 6.881639e+13 8.317217e+04
1001159 2.498388e-01 3.592303e+04 3.421917e-09
2000864 2.498388e-01 2.775722e+02 3.421917e-09
3000704 2.498388e-01 7.690967e-07 8.647589e-10
4000505 2.498388e-01 5.723734e-14 0.000000e+00
5000502 2.498388e-01 1.384466e-14 0.000000e+00
6000841 2.498388e-01 0.000000e+00 0.000000e+00
7000250 2.498388e-01 0.000000e+00 0.000000e+00
8000325 2.498388e-01 0.000000e+00 0.000000e+00
9000158 2.498388e-01 0.000000e+00 0.000000e+00
10000003 2.498388e-01 0.000000e+00 0.000000e+00
2400 2.511137e-01 7.042104e+13 4.907157e+04
1000699 2.511137e-01 3.436179e+04 3.936236e-09
2000940 2.511137e-01 2.414880e+02 3.281002e-09
3000347 2.511137e-01 4.372299e-07 4.878302e-10
4001293 2.511137e-01 5.648864e-14 0.000000e+00
5000077 2.511137e-01 1.838079e-14 0.000000e+00
6000347 2.511137e-01 0.000000e+00 0.000000e+00
7000476 2.511137e-01 0.000000e+00 0.000000e+00
8000462 2.511137e-01 0.000000e+00 0.000000e+00
9000088 2.511137e-01 0.000000e+00 0.000000e+00
10000001 2.511137e-01 0.000000e+00 0.000000e+00
2400 2.495682e-01 6.948666e+13 3.748957e+04
1001515 2.495682e-01 3.770415e+04 4.124786e-09
2000798 2.495682e-01 3.633917e+02 4.124786e-09
3000731 2.495682e-01 3.356969e-06 8.325287e-10
4000672 2.495682e-01 6.472192e-14 0.000000e+00
5000799 2.495682e-01 2.173564e-14 0.000000e+00
6000063 2.495682e-01 0.000000e+00 0.000000e+00
7000237 2.495682e-01 0.000000e+00 0.000000e+00
8000431 2.495682e-01 0.000000e+00 0.000000e+00
9000109 2.495682e-01 0.000000e+00 0.000000e+00
10000004 2.495682e-01 0.000000e+00 0.000000e+00
2400 2.504202e-01 6.846924e+13 6.259513e+04
1000495 2.504202e-01 3.544943e+04 6.304674e-09
2001045 2.504202e-01 2.022350e+02 2.301306e-09
3000502 2.504202e-01 5.527393e-07 1.676426e-09
4001424 2.504202e-01 5.696168e-14 0.000000e+00
5000102 2.504202e-01 1.667974e-14 0.000000e+00
6000527 2.504202e-01 0.000000e+00 0.000000e+00
7000685 2.504202e-01 0.000000e+00 0.000000e+00
8000467 2.504202e-01 0.000000e+00 0.000000e+00
9000145 2.504202e-01 0.000000e+00 0.000000e+00
10000005 2.504202e-01 0.000000e+00 0.000000e+00
2400 2.498864e-01 6.916915e+13 4.689727e+04
1001091 2.498864e-01 3.350795e+04 5.917570e-09
2001721 2.498864e-01 2.709574e+02 5.400921e-09
3001450 2.498864e-01 9.348763e-07 1.008743e-09
4000858 2.498864e-01 6.180688e-14 0.000000e+00
5000784 2.498864e-01 1.842804e-14 0.000000e+00
6000102 2.498864e-01 0.000000e+00 0.000000e+00
7000343 2.498864e-01 0.000000e+00 0.000000e+00
8000464 2.498864e-01 0.000000e+00 0.000000e+00
9000081 2.498864e-01 0.000000e+00 0.000000e+00
10000001 2.498864e-01 0.000000e+00 0.000000e+00
2400 2.502866e-01 7.533363e+13 6.417254e+04
1001484 2.502866e-01 3.541955e+04 4.435492e-09
2000824 2.502866e-01 2.998221e+02 4.435492e-09
3001238 2.502866e-01 8.300663e-07 2.888669e-09
4000630 2.502866e-01 5.904940e-14 0.000000e+00
5000653 2.502866e-01 1.389191e-14 0.000000e+00
6000922 2.502866e-01 0.000000e+00 0.000000e+00
7000311 2.502866e-01 0.000000e+00 0.000000e+00
8000414 2.502866e-01 0.000000e+00 0.000000e+00
9000112 2.502866e-01 0.000000e+00 0.000000e+00
10000002 2.502866e-01 0.000000e+00 0.000000e+00
2400 2.494391e-01 6.655390e+13 7.007566e+04
1002097 2.494391e-01 3.661857e+04 4.405081e-09
2000026 2.494391e-01 3.561902e+02 4.405081e-09
3001228 2.494391e-01 8.043263e-07 3.237858e-09
4000705 2.494391e-01 5.790702e-14 0.000000e+00
5000633 2.494391e-01 1.030080e-14 0.000000e+00
6000839 2.494391e-01 0.000000e+00 0.000000e+00
7000134 2.494391e-01 0.000000e+00 0.000000e+00
8000354 2.494391e-01 0.000000e+00 0.000000e+00
9000028 2.494391e-01 0.000000e+00 0.000000e+00
10000000 2.494391e-01 0.000000e+00 0.000000e+00
2400 2.506215e-01 6.626885e+13 6.217756e+04
1001819 2.506215e-01 3.465430e+04 5.443269e-09
2000482 2.506215e-01 3.359571e+02 5.443269e-09
3000684 2.506215e-01 5.767227e-06 2.499291e-09
4000882 2.506215e-01 6.661277e-14 0.000000e+00
5000888 2.506215e-01 1.946757e-14 0.000000e+00
6000103 2.506215e-01 0.000000e+00 0.000000e+00
7000468 2.506215e-01 0.000000e+00 0.000000e+00
8000167 2.506215e-01 0.000000e+00 0.000000e+00
9000145 2.506215e-01 0.000000e+00 0.000000e+00
10000000 2.506215e-01 0.000000e+00 0.000000e+00
2400 2.501195e-01 6.893817e+13 5.556348e+04
1001889 2.501195e-01 3.845579e+04 6.857306e-09
2000416 2.501195e-01 5.397255e+02 4.693277e-09
3000560 2.501195e-01 2.282798e-05 7.613039e-10
4000668 2.501195e-01 1.029721e-13 5.684342e-14
5000787 2.501195e-01 2.017634e-14 0.000000e+00
6000171 2.501195e-01 0.000000e+00 0.000000e+00
7000478 2.501195e-01 0.000000e+00 0.000000e+00
8000190 2.501195e-01 0.000000e+00 0.000000e+00
9000037 2.501195e-01 0.000000e+00 0.000000e+00
10000005 2.501195e-01 0.000000e+00 0.000000e+00
2400 2.481803e-01 6.641303e+13 7.223072e+04
1001214 2.481803e-01 3.069548e+04 5.748802e-09
2001019 2.481803e-01 1.517813e+02 1.777607e-09
3000900 2.481803e-01 1.637594e-07 8.852794e-10
4000523 2.481803e-01 5.597678e-14 0.000000e+00
5000538 2.481803e-01 1.620723e-14 0.000000e+00
6000902 2.481803e-01 0.000000e+00 0.000000e+00
7000250 2.481803e-01 0.000000e+00 0.000000e+00
8000261 2.481803e-01 0.000000e+00 0.000000e+00
9000087 2.481803e-01 0.000000e+00 0.000000e+00
10000005 2.481803e-01 0.000000e+00 0.000000e+00
2400 2.493744e-01 6.861267e+13 6.628009e+04
1000422 2.493744e-01 3.742547e+04 6.602932e-09
2001290 2.493744e-01 2.786267e+02 1.725027e-09
3000526 2.493744e-01 1.033684e-06 4.251319e-10
4000099 2.493744e-01 6.109781e-14 0.000000e+00
5000200 2.493744e-01 1.526220e-14 0.000000e+00
6000572 2.493744e-01 0.000000e+00 0.000000e+00
7000063 2.493744e-01 0.000000e+00 0.000000e+00
8000327 2.493744e-01 0.000000e+00 0.000000e+00
9000217 2.493744e-01 0.000000e+00 0.000000e+00
10000000 2.493744e-01 0.000000e+00 0.000000e+00
2400 2.498025e-01 7.441958e+13 5.228329e+04
1001066 2.498025e-01 3.588357e+04 4.909111e-09
2001851 2.498025e-01 3.325051e+02 4.547474e-10
3001352 2.498025e-01 1.874893e-06 4.547474e-10
4000727 2.498025e-01 6.109781e-14 0.000000e+00
5000774 2.498025e-01 1.875880e-14 0.000000e+00
6000014 2.498025e-01 0.000000e+00 0.000000e+00
7000310 2.498025e-01 0.000000e+00 0.000000e+00
8000310 2.498025e-01 0.000000e+00 0.000000e+00
9000209 2.498025e-01 0.000000e+00 0.000000e+00
10000002 2.498025e-01 0.000000e+00 0.000000e+00
2400 2.496571e-01 6.358175e+13 6.228972e+04
1001102 2.496571e-01 3.467800e+04 3.481262e-09
2000842 2.496571e-01 2.146257e+02 2.362924e-09
3000378 2.496571e-01 2.938005e-07 1.056662e-09
4001441 2.496571e-01 5.514837e-14 0.000000e+00
5000181 2.496571e-01 1.148209e-14 0.000000e+00
6000451 2.496571e-01 0.000000e+00 0.000000e+00
7000715 2.496571e-01 0.000000e+00 0.000000e+00
8000159 2.496571e-01 0.000000e+00 0.000000e+00
9000043 2.496571e-01 0.000000e+00 0.000000e+00
9999987 2.497612e-01 0.000000e+00 0.000000e+00
2400 2.504732e-01 7.151815e+13 6.853369e+04
1000203 2.504732e-01 3.781217e+04 3.158675e-09
2000915 2.504732e-01 4.311667e+02 3.158675e-09
3001680 2.504732e-01 5.073005e-06 4.530989e-10
4001330 2.504732e-01 7.000965e-14 0.000000e+00
5000070 2.504732e-01 2.088511e-14 0.000000e+00
6000453 2.504732e-01 0.000000e+00 0.000000e+00
7000018 2.504732e-01 0.000000e+00 0.000000e+00
8000269 2.504732e-01 0.000000e+00 0.000000e+00
9000212 2.504732e-01 0.000000e+00 0.000000e+00
10000003 2.504732e-01 0.000000e+00 0.000000e+00
2400 2.494730e-01 6.999051e+13 5.054127e+04
1002164 2.494730e-01 3.522319e+04 6.568087e-09
2001878 2.494730e-01 3.353830e+02 2.285674e-09
3000539 2.494730e-01 1.041956e-05 1.618730e-09
4000897 2.494730e-01 7.839113e-14 0.000000e+00
5000874 2.494730e-01 1.894781e-14 0.000000e+00
6000139 2.494730e-01 0.000000e+00 0.000000e+00
7000480 2.494730e-01 0.000000e+00 0.000000e+00
8000476 2.494730e-01 0.000000e+00 0.000000e+00
9000078 2.494730e-01 0.000000e+00 0.000000e+00
10000004 2.494730e-01 0.000000e+00 0.000000e+00
2400 2.499714e-01 7.495945e+13 7.134386e+04
1000401 2.499714e-01 3.940345e+04 4.453568e-09
2001051 2.499714e-01 5.048175e+02 4.453568e-09
3000425 2.499714e-01 7.519262e-06 2.210641e-10
4000225 2.499714e-01 7.260043e-14 0.000000e+00
5000344 2.499714e-01 1.979833e-14 0.000000e+00
6000768 2.499714e-01 0.000000e+00 0.000000e+00
7000100 2.499714e-01 0.000000e+00 0.000000e+00
8000197 2.499714e-01 0.000000e+00 0.000000e+00
9000083 2.499714e-01 0.000000e+00 0.000000e+00
10000004 2.499714e-01 0.000000e+00 0.000000e+00
2400 2.496853e-01 6.981867e+13 3.671197e+04
1000431 2.496853e-01 3.736674e+04 4.609603e-09
2001217 2.496853e-01 3.451088e+02 2.602007e-09
3000234 2.496853e-01 1.778044e-06 2.015383e-09
4000017 2.496853e-01 5.983725e-14 0.000000e+00
5000222 2.496853e-01 1.436442e-14 0.000000e+00
6000489 2.496853e-01 0.000000e+00 0.000000e+00
7000152 2.496853e-01 0.000000e+00 0.000000e+00
8000249 2.496853e-01 0.000000e+00 0.000000e+00
9000162 2.496853e-01 0.000000e+00 0.000000e+00
9999985 2.497893e-01 0.000000e+00 0.000000e+00
2400 2.507830e-01 6.700014e+13 9.934310e+04
1002044 2.507830e-01 3.650814e+04 4.552874e-09
2001325 2.507830e-01 2.958579e+02 4.354320e-09
3001005 2.507830e-01 3.444064e-06 2.123159e-09
4000668 2.507830e-01 6.964599e-14 0.000000e+00
5000765 2.507830e-01 2.088511e-14 0.000000e+00
6000135 2.507830e-01 0.000000e+00 0.000000e+00
7000408 2.507830e-01 0.000000e+00 0.000000e+00
8000169 2.507830e-01 0.000000e+00 0.000000e+00
9000143 2.507830e-01 0.000000e+00 0.000000e+00
10000002 2.507830e-01 0.000000e+00 0.000000e+00
2400 2.505462e-01 6.720251e+13 6.681605e+04
1000949 2.505462e-01 3.525999e+04 3.329546e-09
2000036 2.505462e-01 2.135841e+02 3.329546e-09
3000216 2.505462e-01 8.500570e-07 1.515275e-09
4001335 2.505462e-01 5.806543e-14 0.000000e+00
5000121 2.505462e-01 1.615997e-14 0.000000e+00
6000523 2.505462e-01 0.000000e+00 0.000000e+00
7000006 2.505462e-01 0.000000e+00 0.000000e+00
8000163 2.505462e-01 0.000000e+00 0.000000e+00
9000118 2.505462e-01 0.000000e+00 0.000000e+00
10000003 2.505462e-01 0.000000e+00 0.000000e+00
2400 2.505377e-01 7.308013e+13 7.254859e+04
1001585 2.505377e-01 3.208842e+04 5.345498e-09
2001762 2.505377e-01 1.755196e+02 1.012438e-09
3001084 2.505377e-01 3.940003e-07 1.012438e-09
4000548 2.505377e-01 5.940393e-14 0.000000e+00
5000628 2.505377e-01 1.805003e-14 0.000000e+00
6000836 2.505377e-01 0.000000e+00 0.000000e+00
7000070 2.505377e-01 0.000000e+00 0.000000e+00
8000284 2.505377e-01 0.000000e+00 0.000000e+00
9000053 2.505377e-01 0.000000e+00 0.000000e+00
10000005 2.505377e-01 0.000000e+00 0.000000e+00
2400 2.506404e-01 7.394086e+13 2.995613e+04
1002083 2.506404e-01 3.387195e+04 5.810705e-09
2001864 2.506404e-01 2.255336e+02 4.119556e-09
3000567 2.506404e-01 6.831360e-07 2.111278e-09
4000100 2.506404e-01 5.723734e-14 0.000000e+00
5000262 2.506404e-01 1.346665e-14 0.000000e+00
6000713 2.506404e-01 0.000000e+00 0.000000e+00
7000200 2.506404e-01 0.000000e+00 0.000000e+00
8000413 2.506404e-01 0.000000e+00 0.000000e+00
9000236 2.506404e-01 0.000000e+00 0.000000e+00
10000004 2.506404e-01 0.000000e+00 0.000000e+00
2400 2.497604e-01 7.339244e+13 7.696738e+04
1001662 2.497604e-01 3.806160e+04 5.620336e-09
2001816 2.497604e-01 3.732464e+02 5.500965e-09
3000120 2.497604e-01 2.199043e-06 3.537764e-09
4000124 2.497604e-01 6.176748e-14 0.000000e+00
5000371 2.497604e-01 1.719950e-14 0.000000e+00
6000593 2.497604e-01 0.000000e+00 0.000000e+00
7000027 2.497604e-01 0.000000e+00 0.000000e+00
8000275 2.497604e-01 0.000000e+00 0.000000e+00
9000069 2.497604e-01 0.000000e+00 0.000000e+00
9999999 2.498645e-01 0.000000e+00 0.000000e+00
2400 2.503362e-01 6.668502e+13 6.179161e+04
1001055 2.503362e-01 3.547633e+04 3.751040e-09
2001582 2.503362e-01 2.105952e+02 1.130161e-09
3000482 2.503362e-01 4.873450e-07 1.130161e-09
4000342 2.503362e-01 5.562225e-14 0.000000e+00
5000456 2.503362e-01 1.677424e-14 0.000000e+00
6000787 2.503362e-01 0.000000e+00 0.000000e+00
7000201 2.503362e-01 0.000000e+00 0.000000e+00
8000327 2.503362e-01 0.000000e+00 0.000000e+00
9000057 2.503362e-01 0.000000e+00 0.000000e+00
10000005 2.503362e-01 0.000000e+00 0.000000e+00
2400 2.496123e-01 6.604010e+13 5.449136e+04
1000938 2.496123e-01 3.717963e+04 3.104844e-09
2001761 2.496123e-01 3.595646e+02 3.104844e-09
3000559 2.496123e-01 2.039505e-06 1.859917e-09
4000244 2.496123e-01 6.216141e-14 0.000000e+00
5000393 2.496123e-01 1.625448e-14 0.000000e+00
6000691 2.496123e-01 0.000000e+00 0.000000e+00
7000059 2.496123e-01 0.000000e+00 0.000000e+00
8000174 2.496123e-01 0.000000e+00 0.000000e+00
9000103 2.496123e-01 0.000000e+00 0.000000e+00
10000003 2.496123e-01 0.000000e+00 0.000000e+00
2400 2.508741e-01 7.121022e+13 7.431476e+04
1000512 2.508741e-01 3.671580e+04 5.713673e-09
2000144 2.508741e-01 3.731296e+02 4.716071e-09
3000357 2.508741e-01 6.706826e-07 5.523475e-10
4000201 2.508741e-01 5.692220e-14 0.000000e+00
5000280 2.508741e-01 2.154663e-14 0.000000e+00
6000742 2.508741e-01 0.000000e+00 0.000000e+00
7000116 2.508741e-01 0.000000e+00 0.000000e+00
8000294 2.508741e-01 0.000000e+00 0.000000e+00
9000142 2.508741e-01 0.000000e+00 0.000000e+00
10000004 2.508741e-01 0.000000e+00 0.000000e+00
0.00e+00 (0.00e+00): 
0.000000e+00 0.000000e+00 0.000000e+00 0.000000e+00 0.000000e+00 0.000000e+00 0.000000e+00 0.000000e+00 0.000000e+00 0.000000e+00 0.000000e+00 0.000000e+00 0.000000e+00 0.000000e+00 0.000000e+00 0.000000e+00 0.000000e+00 0.000000e+00 0.000000e+00 0.000000e+00 0.000000e+00 0.000000e+00 0.000000e+00 0.000000e+00 0.000000e+00 0.000000e+00 0.000000e+00 0.000000e+00 0.000000e+00 0.000000e+00 