2400 2.506985e-01 5.063331e+03 9.415471e+02
1002156 2.506985e-01 3.199435e+02 2.587149e+02
2001331 2.506985e-01 2.895471e+02 2.449906e+02
3000520 2.506985e-01 2.784674e+02 2.421626e+02
4000101 2.506985e-01 2.707025e+02 2.375673e+02
5000463 2.506985e-01 2.641987e+02 2.349329e+02
6000717 2.506985e-01 2.589362e+02 2.341145e+02
7000621 2.506985e-01 2.544464e+02 2.339606e+02
8000095 2.506985e-01 2.504228e+02 2.339172e+02
9000104 2.506985e-01 2.456178e+02 2.319758e+02
10000004 2.506985e-01 2.337289e+02 2.319758e+02
2400 2.506362e-01 4.990067e+03 7.799428e+02
1000336 2.506362e-01 3.152347e+02 2.544766e+02
2001796 2.506362e-01 2.870058e+02 2.455426e+02
3000221 2.506362e-01 2.769153e+02 2.420893e+02
4000346 2.506362e-01 2.697021e+02 2.398520e+02
5000560 2.506362e-01 2.638345e+02 2.365926e+02
6000189 2.506362e-01 2.588554e+02 2.360348e+02
7000163 2.506362e-01 2.547725e+02 2.357595e+02
8000451 2.506362e-01 2.508265e+02 2.356819e+02
9000241 2.506362e-01 2.465364e+02 2.356486e+02
10000001 2.506362e-01 2.358419e+02 2.351034e+02
2400 2.503384e-01 4.992909e+03 8.599183e+02
1000832 2.503384e-01 3.159510e+02 2.549584e+02
2000938 2.503384e-01 2.872783e+02 2.455889e+02
3000480 2.503384e-01 2.767862e+02 2.411639e+02
4000492 2.503384e-01 2.692905e+02 2.399185e+02
5000801 2.503384e-01 2.631496e+02 2.378407e+02
6000260 2.503384e-01 2.581937e+02 2.365883e+02
7000567 2.503384e-01 2.539775e+02 2.363721e+02
8000292 2.503384e-01 2.501406e+02 2.363245e+02
9000183 2.503384e-01 2.454861e+02 2.362972e+02
10000005 2.503384e-01 2.345837e+02 2.335270e+02
2400 2.518746e-01 5.052603e+03 1.098532e+03
1001477 2.518746e-01 3.163853e+02 2.570979e+02
2001272 2.518746e-01 2.884872e+02 2.445482e+02
3000518 2.518746e-01 2.782774e+02 2.413214e+02
4000043 2.518746e-01 2.708800e+02 2.365235e+02
5000034 2.518746e-01 2.646012e+02 2.358710e+02
6000636 2.518746e-01 2.595935e+02 2.352092e+02
7000564 2.518746e-01 2.554225e+02 2.350458e+02
8000308 2.518746e-01 2.513959e+02 2.349847e+02
9000185 2.518746e-01 2.465561e+02 2.349092e+02
10000004 2.518746e-01 2.353947e+02 2.349092e+02
2400 2.495045e-01 4.959862e+03 7.821873e+02
1000804 2.495045e-01 3.162301e+02 2.515584e+02
2001113 2.495045e-01 2.877414e+02 2.417635e+02
3001450 2.495045e-01 2.773483e+02 2.415199e+02
4001051 2.495045e-01 2.702489e+02 2.388363e+02
5000998 2.495045e-01 2.642656e+02 2.357080e+02
6000799 2.495045e-01 2.594293e+02 2.348932e+02
7000400 2.495045e-01 2.551797e+02 2.345852e+02
8000258 2.495045e-01 2.507032e+02 2.338575e+02
9000073 2.495045e-01 2.456984e+02 2.332977e+02
10000003 2.495045e-01 2.338438e+02 2.332977e+02
2400 2.498388e-01 5.045482e+03 1.060513e+03
1000995 2.498388e-01 3.168606e+02 2.536291e+02
2000343 2.498388e-01 2.870837e+02 2.475312e+02
3001470 2.498388e-01 2.763222e+02 2.440889e+02
4000966 2.498388e-01 2.689770e+02 2.433508e+02
5000303 2.498388e-01 2.628003e+02 2.418358e+02
6000320 2.498388e-01 2.581812e+02 2.380967e+02
7000209 2.498388e-01 2.541669e+02 2.376645e+02
8000336 2.498388e-01 2.501938e+02 2.375128e+02
9000017 2.498388e-01 2.459181e+02 2.326964e+02
10000000 2.498388e-01 2.362209e+02 2.326964e+02
2400 2.511137e-01 5.017488e+03 9.606836e+02
1000633 2.511137e-01 3.179085e+02 2.550753e+02
2001385 2.511137e-01 2.886389e+02 2.433075e+02
3000085 2.511137e-01 2.781616e+02 2.429725e+02
4000302 2.511137e-01 2.705973e+02 2.415194e+02
5000744 2.511137e-01 2.643816e+02 2.400471e+02
6000173 2.511137e-01 2.595855e+02 2.380305e+02
7000263 2.511137e-01 2.554416e+02 2.366251e+02
8000396 2.511137e-01 2.514130e+02 2.346020e+02
9000141 2.511137e-01 2.464990e+02 2.341464e+02
10000000 2.511137e-01 2.341258e+02 2.341117e+02
2400 2.495682e-01 5.086275e+03 7.966556e+02
1000073 2.495682e-01 3.174672e+02 2.573424e+02
2000197 2.495682e-01 2.881331e+02 2.423602e+02
3001107 2.495682e-01 2.777586e+02 2.393509e+02
4000763 2.495682e-01 2.703547e+02 2.374309e+02
5001132 2.495682e-01 2.641768e+02 2.368815e+02
6000762 2.495682e-01 2.591810e+02 2.357803e+02
7000596 2.495682e-01 2.545139e+02 2.352706e+02
8000254 2.495682e-01 2.503321e+02 2.347698e+02
9000077 2.495682e-01 2.458604e+02 2.335883e+02
10000000 2.495682e-01 2.346733e+02 2.335883e+02
2400 2.504202e-01 5.044795e+03 9.434602e+02
1001241 2.504202e-01 3.169440e+02 2.575732e+02
2001402 2.504202e-01 2.882125e+02 2.460622e+02
3000674 2.504202e-01 2.776101e+02 2.436806e+02
4000234 2.504202e-01 2.701104e+02 2.394228e+02
5000847 2.504202e-01 2.642240e+02 2.372614e+02
6000347 2.504202e-01 2.594568e+02 2.369931e+02
7000097 2.504202e-01 2.554060e+02 2.368327e+02
8000203 2.504202e-01 2.514110e+02 2.368181e+02
9000155 2.504202e-01 2.467007e+02 2.358304e+02
10000000 2.504202e-01 2.335905e+02 2.324705e+02
2400 2.498864e-01 5.030979e+03 9.330646e+02
1001376 2.498864e-01 3.177121e+02 2.568053e+02
2000696 2.498864e-01 2.886163e+02 2.483985e+02
3000473 2.498864e-01 2.781161e+02 2.412537e+02
4001400 2.498864e-01 2.707680e+02 2.389698e+02
5000155 2.498864e-01 2.647096e+02 2.379325e+02
6000910 2.498864e-01 2.599803e+02 2.363208e+02
7000228 2.498864e-01 2.555988e+02 2.359147e+02
8000424 2.498864e-01 2.514347e+02 2.357875e+02
9000110 2.498864e-01 2.467301e+02 2.357059e+02
10000003 2.498864e-01 2.368663e+02 2.357059e+02
2400 2.502866e-01 5.127810e+03 6.955695e+02
1001683 2.502866e-01 3.187591e+02 2.528219e+02
2001813 2.502866e-01 2.890646e+02 2.433728e+02
3000383 2.502866e-01 2.781227e+02 2.378835e+02
4000138 2.502866e-01 2.704446e+02 2.367429e+02
5000241 2.502866e-01 2.641216e+02 2.335620e+02
6000794 2.502866e-01 2.588763e+02 2.329167e+02
7000402 2.502866e-01 2.547625e+02 2.327119e+02
8000078 2.502866e-01 2.507123e+02 2.326776e+02
9000103 2.502866e-01 2.455312e+02 2.314973e+02
10000002 2.502866e-01 2.315506e+02 2.314899e+02
2400 2.494391e-01 5.051953e+03 7.458931e+02
1001343 2.494391e-01 3.172924e+02 2.559203e+02
2001729 2.494391e-01 2.881215e+02 2.411284e+02
3000796 2.494391e-01 2.776465e+02 2.390129e+02
4001303 2.494391e-01 2.704003e+02 2.371004e+02
5000352 2.494391e-01 2.640464e+02 2.346216e+02
6000518 2.494391e-01 2.591298e+02 2.331725e+02
7000005 2.494391e-01 2.548486e+02 2.327023e+02
8000095 2.494391e-01 2.507631e+02 2.324820e+02
9000199 2.494391e-01 2.461108e+02 2.324511e+02
10000003 2.494391e-01 2.322329e+02 2.305371e+02
2400 2.506215e-01 5.021408e+03 8.620361e+02
1000417 2.506215e-01 3.185244e+02 2.531537e+02
2001249 2.506215e-01 2.889052e+02 2.460302e+02
3000000 2.506215e-01 2.778758e+02 2.401843e+02
4001479 2.506215e-01 2.702516e+02 2.371608e+02
5000335 2.506215e-01 2.638465e+02 2.360966e+02
6000630 2.506215e-01 2.589500e+02 2.355180e+02
7000483 2.506215e-01 2.546254e+02 2.354596e+02
8000451 2.506215e-01 2.506842e+02 2.354409e+02
9000150 2.506215e-01 2.461535e+02 2.354220e+02
10000005 2.506215e-01 2.357947e+02 2.353085e+02
2400 2.501195e-01 5.040754e+03 6.687489e+02
1000046 2.501195e-01 3.197518e+02 2.488893e+02
2001223 2.501195e-01 2.898931e+02 2.434699e+02
3001521 2.501195e-01 2.787720e+02 2.417841e+02
4001411 2.501195e-01 2.707480e+02 2.380854e+02
5000275 2.501195e-01 2.641757e+02 2.338026e+02
6000145 2.501195e-01 2.591087e+02 2.333451e+02
7000396 2.501195e-01 2.548138e+02 2.332691e+02
8000341 2.501195e-01 2.507541e+02 2.332512e+02
9000316 2.501195e-01 2.457679e+02 2.332100e+02
9999982 2.502237e-01 2.330048e+02 2.323247e+02
2400 2.481803e-01 5.045062e+03 8.948905e+02
1002299 2.481803e-01 3.197894e+02 2.541979e+02
2000465 2.481803e-01 2.902808e+02 2.421081e+02
3000900 2.481803e-01 2.793878e+02 2.377713e+02
4001373 2.481803e-01 2.716810e+02 2.371827e+02
5000698 2.481803e-01 2.653998e+02 2.356640e+02
6000089 2.481803e-01 2.602938e+02 2.352003e+02
7000060 2.481803e-01 2.557200e+02 2.351886e+02
8000175 2.481803e-01 2.513105e+02 2.335579e+02
9000059 2.481803e-01 2.465630e+02 2.332851e+02
10000001 2.481803e-01 2.344259e+02 2.332851e+02
2400 2.493744e-01 5.064766e+03 9.688203e+02
1001728 2.493744e-01 3.187415e+02 2.523314e+02
2000271 2.493744e-01 2.895826e+02 2.440378e+02
3000656 2.493744e-01 2.785248e+02 2.390554e+02
4000202 2.493744e-01 2.710979e+02 2.369083e+02
5000541 2.493744e-01 2.647218e+02 2.354177e+02
6000028 2.493744e-01 2.595297e+02 2.352317e+02
7000705 2.493744e-01 2.551491e+02 2.350748e+02
8000382 2.493744e-01 2.511983e+02 2.350534e+02
9000153 2.493744e-01 2.463092e+02 2.350290e+02
10000005 2.493744e-01 2.360214e+02 2.350290e+02
2400 2.498025e-01 5.082048e+03 1.021935e+03
1000018 2.498025e-01 3.172561e+02 2.574910e+02
2001538 2.498025e-01 2.883143e+02 2.423167e+02
3001274 2.498025e-01 2.777477e+02 2.392187e+02
4000194 2.498025e-01 2.702306e+02 2.359037e+02
5000389 2.498025e-01 2.639402e+02 2.346207e+02
6000495 2.498025e-01 2.591392e+02 2.341211e+02
7000037 2.498025e-01 2.551718e+02 2.339928e+02
8000230 2.498025e-01 2.509646e+02 2.339889e+02
9000142 2.498025e-01 2.460525e+02 2.338349e+02
10000004 2.498025e-01 2.338731e+02 2.338095e+02
2400 2.496571e-01 5.011380e+03 9.277887e+02
1001359 2.496571e-01 3.176070e+02 2.556867e+02
2000821 2.496571e-01 2.886484e+02 2.460714e+02
3001125 2.496571e-01 2.776995e+02 2.365049e+02
4001268 2.496571e-01 2.701863e+02 2.359027e+02
5000798 2.496571e-01 2.637652e+02 2.333626e+02
6000304 2.496571e-01 2.588829e+02 2.318513e+02
7000321 2.496571e-01 2.547598e+02 2.317524e+02
8000126 2.496571e-01 2.507625e+02 2.317411e+02
9000195 2.496571e-01 2.460963e+02 2.317254e+02
9999965 2.497612e-01 2.327270e+02 2.317254e+02
2400 2.504732e-01 5.005507e+03 9.212252e+02
1000713 2.504732e-01 3.141462e+02 2.509304e+02
2001885 2.504732e-01 2.867257e+02 2.435661e+02
3001074 2.504732e-01 2.769750e+02 2.414747e+02
4001035 2.504732e-01 2.697922e+02 2.398519e+02
5000357 2.504732e-01 2.637207e+02 2.387182e+02
6000040 2.504732e-01 2.588971e+02 2.374641e+02
7000673 2.504732e-01 2.546569e+02 2.343752e+02
8000190 2.504732e-01 2.506538e+02 2.334612e+02
9000064 2.504732e-01 2.455644e+02 2.330333e+02
10000004 2.504732e-01 2.330220e+02 2.329894e+02
2400 2.494730e-01 5.048094e+03 1.077544e+03
1001437 2.494730e-01 3.193042e+02 2.562547e+02
2001784 2.494730e-01 2.892822e+02 2.470512e+02
3001536 2.494730e-01 2.787296e+02 2.447647e+02
4001117 2.494730e-01 2.710183e+02 2.358091e+02
5000758 2.494730e-01 2.645769e+02 2.337606e+02
6000282 2.494730e-01 2.598218e+02 2.328366e+02
7000365 2.494730e-01 2.555169e+02 2.325898e+02
8000206 2.494730e-01 2.515137e+02 2.325656e+02
9000001 2.494730e-01 2.467916e+02 2.325364e+02
10000000 2.494730e-01 2.361140e+02 2.325364e+02
2400 2.499714e-01 5.061892e+03 1.088791e+03
1000966 2.499714e-01 3.172491e+02 2.552704e+02
2000361 2.499714e-01 2.888637e+02 2.365061e+02
3000828 2.499714e-01 2.784753e+02 2.342778e+02
4000362 2.499714e-01 2.709740e+02 2.275257e+02
5000618 2.499714e-01 2.646480e+02 2.269284e+02
6000704 2.499714e-01 2.597930e+02 2.266151e+02
7000061 2.499714e-01 2.553659e+02 2.261942e+02
8000474 2.499714e-01 2.509989e+02 2.261595e+02
9000008 2.499714e-01 2.461357e+02 2.261332e+02
10000003 2.499714e-01 2.319862e+02 2.261332e+02
2400 2.496853e-01 4.967872e+03 1.137427e+03
1000564 2.496853e-01 3.196057e+02 2.593019e+02
2000019 2.496853e-01 2.897739e+02 2.467445e+02
3000517 2.496853e-01 2.791054e+02 2.443087e+02
4001720 2.496853e-01 2.713417e+02 2.416598e+02
5000488 2.496853e-01 2.650623e+02 2.400240e+02
6000003 2.496853e-01 2.602973e+02 2.385978e+02
7000065 2.496853e-01 2.561525e+02 2.382330e+02
8000431 2.496853e-01 2.521957e+02 2.382046e+02
9000163 2.496853e-01 2.475930e+02 2.380114e+02
9999942 2.497893e-01 2.379315e+02 2.379310e+02
2400 2.507830e-01 5.089080e+03 7.981175e+02
1001755 2.507830e-01 3.181903e+02 2.545444e+02
2000054 2.507830e-01 2.896818e+02 2.444106e+02
3001513 2.507830e-01 2.789558e+02 2.402024e+02
4001090 2.507830e-01 2.713729e+02 2.389254e+02
5001013 2.507830e-01 2.648874e+02 2.374874e+02
6000834 2.507830e-01 2.599404e+02 2.338303e+02
7000270 2.507830e-01 2.555579e+02 2.332672e+02
8000158 2.507830e-01 2.513199e+02 2.332473e+02
9000115 2.507830e-01 2.464197e+02 2.332156e+02
10000004 2.507830e-01 2.342228e+02 2.332156e+02
2400 2.505462e-01 5.092582e+03 9.199170e+02
1000996 2.505462e-01 3.172726e+02 2.479891e+02
2001827 2.505462e-01 2.876290e+02 2.437921e+02
3000279 2.505462e-01 2.771137e+02 2.411513e+02
4000222 2.505462e-01 2.696914e+02 2.375836e+02
5001187 2.505462e-01 2.634608e+02 2.353061e+02
6000440 2.505462e-01 2.585239e+02 2.338993e+02
7000429 2.505462e-01 2.542414e+02 2.327844e+02
8000057 2.505462e-01 2.499543e+02 2.326909e+02
9000159 2.505462e-01 2.448601e+02 2.318067e+02
10000005 2.505462e-01 2.318067e+02 2.318067e+02
2400 2.505377e-01 5.063014e+03 1.041197e+03
1001201 2.505377e-01 3.176076e+02 2.545420e+02
2000320 2.505377e-01 2.886666e+02 2.415142e+02
3000076 2.505377e-01 2.781960e+02 2.389070e+02
4000255 2.505377e-01 2.705400e+02 2.363655e+02
5000193 2.505377e-01 2.642185e+02 2.338706e+02
6000726 2.505377e-01 2.593686e+02 2.334749e+02
7000671 2.505377e-01 2.546779e+02 2.324736e+02
8000321 2.505377e-01 2.503922e+02 2.322972e+02
9000179 2.505377e-01 2.454298e+02 2.318481e+02
10000000 2.505377e-01 2.326006e+02 2.318481e+02
2400 2.506404e-01 5.073329e+03 8.992391e+02
1000232 2.506404e-01 3.176602e+02 2.541612e+02
2000718 2.506404e-01 2.885189e+02 2.447599e+02
3000442 2.506404e-01 2.781725e+02 2.410656e+02
4000324 2.506404e-01 2.706251e+02 2.359327e+02
5000355 2.506404e-01 2.642959e+02 2.354875e+02
6000103 2.506404e-01 2.594533e+02 2.353425e+02
7000445 2.506404e-01 2.550983e+02 2.353150e+02
8000379 2.506404e-01 2.509261e+02 2.353126e+02
9000268 2.506404e-01 2.461500e+02 2.353006e+02
10000002 2.506404e-01 2.347552e+02 2.347532e+02
2400 2.497604e-01 5.027787e+03 9.785938e+02
1001089 2.497604e-01 3.183550e+02 2.524621e+02
2002104 2.497604e-01 2.883061e+02 2.424807e+02
3000749 2.497604e-01 2.776304e+02 2.420737e+02
4000304 2.497604e-01 2.702669e+02 2.413655e+02
5001000 2.497604e-01 2.640473e+02 2.383035e+02
6000919 2.497604e-01 2.590557e+02 2.368432e+02
7000736 2.497604e-01 2.548182e+02 2.342954e+02
8000001 2.497604e-01 2.507000e+02 2.341578e+02
9000151 2.497604e-01 2.459842e+02 2.341285e+02
10000003 2.497604e-01 2.340432e+02 2.339590e+02
2400 2.503362e-01 5.060773e+03 8.991026e+02
1002014 2.503362e-01 3.186189e+02 2.538977e+02
2000460 2.503362e-01 2.886381e+02 2.431930e+02
3001007 2.503362e-01 2.778074e+02 2.416474e+02
4000887 2.503362e-01 2.702371e+02 2.381631e+02
5001081 2.503362e-01 2.638550e+02 2.355020e+02
6000572 2.503362e-01 2.587186e+02 2.350514e+02
7000588 2.503362e-01 2.543374e+02 2.348670e+02
8000242 2.503362e-01 2.502062e+02 2.345333e+02
9000054 2.503362e-01 2.455820e+02 2.334176e+02
10000001 2.503362e-01 2.348216e+02 2.334176e+02
2400 2.496123e-01 5.031374e+03 1.112060e+03
1000000 2.496123e-01 3.162802e+02 2.559123e+02
2001319 2.496123e-01 2.871847e+02 2.469889e+02
3001142 2.496123e-01 2.770489e+02 2.445254e+02
4000010 2.496123e-01 2.695591e+02 2.356139e+02
5000310 2.496123e-01 2.633823e+02 2.343624e+02
6000697 2.496123e-01 2.586985e+02 2.339450e+02
7000419 2.496123e-01 2.546497e+02 2.337509e+02
8000205 2.496123e-01 2.506308e+02 2.337166e+02
9000140 2.496123e-01 2.460812e+02 2.337117e+02
10000000 2.496123e-01 2.335354e+02 2.334933e+02
2400 2.508741e-01 5.052269e+03 9.436349e+02
1001731 2.508741e-01 3.172459e+02 2.589646e+02
2000700 2.508741e-01 2.882449e+02 2.463008e+02
3001062 2.508741e-01 2.776332e+02 2.440405e+02
4000206 2.508741e-01 2.701040e+02 2.398442e+02
5000425 2.508741e-01 2.637132e+02 2.382075e+02
6000863 2.508741e-01 2.589910e+02 2.374679e+02
7000398 2.508741e-01 2.546611e+02 2.371447e+02
8000277 2.508741e-01 2.502905e+02 2.365750e+02
9000210 2.508741e-01 2.457706e+02 2.363444e+02
10000002 2.508741e-01 2.362766e+02 2.362631e+02
2.33e+02 (2.08e+00): 
2.319758e+02 2.351034e+02 2.335270e+02 2.349092e+02 2.332977e+02 2.326964e+02 2.341117e+02 2.335883e+02 2.324705e+02 2.357059e+02 2.314899e+02 2.305371e+02 2.353085e+02 2.323247e+02 2.332851e+02 2.350290e+02 2.338095e+02 2.317254e+02 2.329894e+02 2.325364e+02 2.261332e+02 2.379310e+02 2.332156e+02 2.318067e+02 2.318481e+02 2.347532e+02 2.339590e+02 2.334176e+02 2.334933e+02 2.362631e+02 