1350 2.496311e-01 8.581121e+09 5.326054e+06
301184 2.496311e-01 4.784938e+06 1.717670e+05
600534 2.496311e-01 3.815669e+05 3.037103e+04
900256 2.496311e-01 2.145499e+03 7.155522e+02
1200504 2.496311e-01 1.004379e+03 1.658128e+02
1500029 2.496311e-01 6.470319e+02 1.511054e+02
1800539 2.496311e-01 3.901315e+02 5.828403e+01
2100078 2.496311e-01 2.478626e+02 3.270669e+01
2400178 2.496311e-01 1.501076e+02 1.483309e+01
2700004 2.496311e-01 6.529438e+01 9.422993e+00
3000002 2.496311e-01 1.192916e+01 9.422993e+00
1350 2.507014e-01 8.191228e+09 1.576084e+06
301184 2.507014e-01 4.809599e+06 1.630457e+05
600534 2.507014e-01 3.493336e+05 2.391623e+04
900256 2.507014e-01 1.935993e+03 5.276810e+02
1200504 2.507014e-01 9.585751e+02 3.447034e+02
1500029 2.507014e-01 6.096589e+02 9.285381e+01
1800539 2.507014e-01 3.619121e+02 5.471656e+01
2100078 2.507014e-01 2.227207e+02 3.354144e+01
2400178 2.507014e-01 1.273127e+02 2.190644e+01
2700046 2.507014e-01 5.379278e+01 2.458290e+00
3000000 2.507014e-01 1.155970e+01 2.458290e+00
1350 2.501181e-01 8.146687e+09 5.934355e+06
301184 2.501181e-01 4.819337e+06 1.032884e+05
600534 2.501181e-01 3.750035e+05 2.170473e+04
900256 2.501181e-01 2.266345e+03 7.748223e+02
1200504 2.501181e-01 9.951525e+02 2.991684e+02
1500029 2.501181e-01 6.004818e+02 7.170972e+01
1800539 2.501181e-01 3.532350e+02 3.966336e+01
2100078 2.501181e-01 2.202487e+02 2.892112e+01
2400178 2.501181e-01 1.228548e+02 2.471860e+01
2700067 2.501181e-01 5.364548e+01 7.276963e+00
3000001 2.501181e-01 1.132502e+01 7.276963e+00
1350 2.517018e-01 9.011488e+09 1.093731e+07
301184 2.517018e-01 4.967208e+06 1.950235e+05
600534 2.517018e-01 3.661189e+05 8.226214e+03
900256 2.517018e-01 2.096227e+03 7.655604e+02
1200504 2.517018e-01 1.000663e+03 1.776410e+02
1500029 2.517018e-01 6.436644e+02 9.168502e+01
1800539 2.517018e-01 3.947034e+02 7.075046e+01
2100078 2.517018e-01 2.527466e+02 4.172084e+01
2400178 2.517018e-01 1.568661e+02 2.600393e+01
2700048 2.517018e-01 7.675155e+01 1.026181e+01
3000003 2.517018e-01 1.409991e+01 1.026181e+01
1350 2.491333e-01 8.357706e+09 1.369663e+07
301184 2.491333e-01 5.079658e+06 1.405673e+05
600534 2.491333e-01 3.287139e+05 1.325327e+04
900256 2.491333e-01 2.041154e+03 8.147124e+02
1200504 2.491333e-01 9.939810e+02 2.469505e+02
1500029 2.491333e-01 6.245480e+02 1.306646e+02
1800539 2.491333e-01 3.797822e+02 6.849057e+01
2100078 2.491333e-01 2.459927e+02 2.855624e+01
2400178 2.491333e-01 1.586662e+02 2.025890e+01
2700045 2.491333e-01 8.487000e+01 8.271922e+00
3000002 2.491333e-01 1.165661e+01 8.271922e+00
1350 2.489672e-01 8.468794e+09 1.075201e+07
301184 2.489672e-01 4.846259e+06 1.498337e+05
600534 2.489672e-01 3.705709e+05 3.458456e+04
900256 2.489672e-01 2.212977e+03 7.445610e+02
1200504 2.489672e-01 1.011702e+03 2.630742e+02
1500029 2.489672e-01 6.148825e+02 1.104402e+02
1800539 2.489672e-01 3.671381e+02 4.961447e+01
2100078 2.489672e-01 2.347198e+02 2.967106e+01
2400178 2.489672e-01 1.442959e+02 1.839220e+01
2700096 2.489672e-01 6.957116e+01 1.439776e+01
3000003 2.489672e-01 7.337297e+00 6.282004e+00
1350 2.511932e-01 8.282341e+09 1.421081e+07
301184 2.511932e-01 4.513553e+06 1.548328e+05
600534 2.511932e-01 3.275251e+05 3.874056e+04
900256 2.511932e-01 1.995302e+03 6.982830e+02
1200504 2.511932e-01 9.493420e+02 2.048640e+02
1500029 2.511932e-01 5.944733e+02 9.312353e+01
1800539 2.511932e-01 3.554394e+02 3.452801e+01
2100078 2.511932e-01 2.205778e+02 2.546863e+01
2400178 2.511932e-01 1.299190e+02 1.994980e+01
2700133 2.511932e-01 5.546958e+01 7.276963e+00
3000000 2.511932e-01 9.617508e+00 7.276963e+00
1350 2.485633e-01 8.254986e+09 6.478390e+06
301184 2.485633e-01 4.275220e+06 4.283257e+04
600534 2.485633e-01 2.909534e+05 1.413245e+04
900256 2.485633e-01 1.968019e+03 5.136459e+02
1200504 2.485633e-01 9.808131e+02 2.122734e+02
1500029 2.485633e-01 6.228517e+02 1.269182e+02
1800539 2.485633e-01 3.799135e+02 6.240884e+01
2100078 2.485633e-01 2.375075e+02 3.407764e+01
2400178 2.485633e-01 1.358720e+02 2.336437e+01
2700096 2.485633e-01 5.789723e+01 1.937255e+01
3000003 2.485633e-01 1.406481e+01 1.110066e+01
1350 2.501132e-01 8.624928e+09 6.296553e+06
301184 2.501132e-01 4.660808e+06 1.211313e+05
600534 2.501132e-01 3.360203e+05 1.710087e+04
900256 2.501132e-01 2.031366e+03 7.311844e+02
1200504 2.501132e-01 9.638458e+02 1.950102e+02
1500029 2.501132e-01 6.047943e+02 1.458218e+02
1800539 2.501132e-01 3.725063e+02 5.050545e+01
2100078 2.501132e-01 2.400315e+02 2.186115e+01
2400178 2.501132e-01 1.436944e+02 1.111917e+01
2700014 2.501132e-01 6.539757e+01 2.458290e+00
3000004 2.501132e-01 1.277402e+01 2.458290e+00
1350 2.517194e-01 8.874622e+09 7.453686e+06
301184 2.517194e-01 4.816442e+06 1.384120e+05
600534 2.517194e-01 2.731400e+05 2.426909e+04
900256 2.517194e-01 1.792199e+03 6.857376e+02
1200504 2.517194e-01 9.404794e+02 1.535815e+02
1500029 2.517194e-01 5.808830e+02 9.235981e+01
1800539 2.517194e-01 3.487778e+02 3.365555e+01
2100078 2.517194e-01 2.229974e+02 1.682432e+01
2400178 2.517194e-01 1.360769e+02 1.250586e+01
2700122 2.517194e-01 6.367850e+01 4.448207e+00
3000003 2.517194e-01 9.358917e+00 4.448207e+00
1350 2.508205e-01 8.763510e+09 4.196281e+06
301184 2.508205e-01 4.491197e+06 2.000928e+05
600534 2.508205e-01 3.288218e+05 1.189665e+04
900256 2.508205e-01 1.991420e+03 8.574983e+02
1200504 2.508205e-01 9.528996e+02 2.371066e+02
1500029 2.508205e-01 5.759661e+02 9.987390e+01
1800539 2.508205e-01 3.336089e+02 6.050181e+01
2100078 2.508205e-01 1.993448e+02 3.052099e+01
2400178 2.508205e-01 1.097179e+02 1.889904e+01
2700089 2.508205e-01 4.997694e+01 1.026184e+01
3000005 2.508205e-01 7.683609e+00 5.969760e+00
1350 2.505376e-01 8.391121e+09 2.593624e+07
301184 2.505376e-01 4.437345e+06 5.685362e+04
600534 2.505376e-01 3.271871e+05 1.401046e+04
900256 2.505376e-01 1.898709e+03 6.398527e+02
1200504 2.505376e-01 9.821331e+02 2.871010e+02
1500029 2.505376e-01 6.297137e+02 1.483940e+02
1800539 2.505376e-01 3.687722e+02 4.485547e+01
2100078 2.505376e-01 2.344099e+02 3.338919e+01
2400178 2.505376e-01 1.370791e+02 1.828115e+01
2700055 2.505376e-01 5.946340e+01 1.167740e+01
3000004 2.505376e-01 9.073131e+00 3.141014e+00
1350 2.500961e-01 8.153117e+09 8.259848e+05
301184 2.500961e-01 4.175038e+06 7.887851e+04
600534 2.500961e-01 2.709247e+05 1.096419e+04
900256 2.500961e-01 1.927493e+03 6.515865e+02
1200504 2.500961e-01 9.738879e+02 2.824434e+02
1500029 2.500961e-01 6.202739e+02 1.253361e+02
1800539 2.500961e-01 3.630966e+02 5.420325e+01
2100078 2.500961e-01 2.251961e+02 3.796108e+01
2400178 2.500961e-01 1.350070e+02 2.854740e+01
2700123 2.500961e-01 6.266108e+01 1.439776e+01
3000001 2.500961e-01 1.551530e+01 1.439776e+01
1350 2.483818e-01 8.248528e+09 1.598400e+07
301184 2.483818e-01 4.806227e+06 1.944066e+05
600534 2.483818e-01 4.236038e+05 2.574070e+04
900256 2.483818e-01 2.123028e+03 8.637019e+02
1200504 2.483818e-01 9.609936e+02 1.821645e+02
1500029 2.483818e-01 6.172407e+02 1.130088e+02
1800539 2.483818e-01 3.695218e+02 4.829959e+01
2100078 2.483818e-01 2.217016e+02 3.261622e+01
2400178 2.483818e-01 1.208056e+02 2.122003e+01
2700018 2.483818e-01 5.131436e+01 1.209562e+01
3000003 2.483818e-01 9.770278e+00 7.120845e+00
1350 2.482733e-01 8.146958e+09 9.144329e+06
301184 2.482733e-01 4.819980e+06 1.529887e+05
600534 2.482733e-01 3.669720e+05 2.811114e+04
900256 2.482733e-01 2.027454e+03 5.878406e+02
1200504 2.482733e-01 9.542627e+02 2.011534e+02
1500029 2.482733e-01 5.853642e+02 1.199685e+02
1800539 2.482733e-01 3.475066e+02 4.713873e+01
2100078 2.482733e-01 2.085029e+02 3.605199e+01
2400178 2.482733e-01 1.180366e+02 2.858828e+01
2700025 2.482733e-01 5.230445e+01 7.433080e+00
3000000 2.482733e-01 8.114414e+00 7.433080e+00
1350 2.495577e-01 8.089025e+09 1.187141e+07
301184 2.495577e-01 4.747698e+06 6.909438e+04
600534 2.495577e-01 2.968482e+05 5.201488e+03
900256 2.495577e-01 1.887419e+03 6.656792e+02
1200504 2.495577e-01 9.590170e+02 2.253557e+02
1500029 2.495577e-01 5.927048e+02 9.227851e+01
1800539 2.495577e-01 3.421133e+02 5.796724e+01
2100078 2.495577e-01 2.050498e+02 3.382199e+01
2400178 2.495577e-01 1.159877e+02 2.798866e+01
2700088 2.495577e-01 5.437472e+01 2.147084e+01
3000001 2.495577e-01 1.032667e+01 7.120845e+00
1350 2.488993e-01 8.450653e+09 1.116112e+07
301184 2.488993e-01 4.183130e+06 6.640060e+04
600534 2.488993e-01 2.507073e+05 1.433616e+04
900256 2.488993e-01 1.759532e+03 6.756909e+02
1200504 2.488993e-01 9.332116e+02 2.336286e+02
1500029 2.488993e-01 5.813657e+02 1.147933e+02
1800539 2.488993e-01 3.448687e+02 6.078683e+01
2100078 2.488993e-01 2.161368e+02 3.360234e+01
2400178 2.488993e-01 1.271609e+02 3.004438e+01
2700007 2.488993e-01 6.048080e+01 1.722654e+01
3000001 2.488993e-01 1.385038e+01 1.110068e+01
1350 2.490368e-01 8.492148e+09 6.535683e+06
301184 2.490368e-01 4.700163e+06 1.335888e+05
600534 2.490368e-01 2.641286e+05 2.210797e+04
900256 2.490368e-01 1.915164e+03 5.572332e+02
1200504 2.490368e-01 9.935407e+02 2.474340e+02
1500029 2.490368e-01 6.494856e+02 9.057629e+01
1800539 2.490368e-01 3.927829e+02 5.791061e+01
2100078 2.490368e-01 2.576747e+02 4.459117e+01
2400178 2.490368e-01 1.659582e+02 3.479077e+01
2700138 2.490368e-01 8.344629e+01 1.581335e+01
3000005 2.490368e-01 1.868566e+01 1.581335e+01
1350 2.496526e-01 8.398077e+09 8.253829e+06
301184 2.496526e-01 4.417724e+06 9.255830e+04
600534 2.496526e-01 2.703535e+05 2.384300e+04
900256 2.496526e-01 1.897430e+03 5.547492e+02
1200504 2.496526e-01 9.874181e+02 2.219214e+02
1500029 2.496526e-01 6.361019e+02 1.161902e+02
1800539 2.496526e-01 3.810348e+02 6.432917e+01
2100078 2.496526e-01 2.393353e+02 4.059131e+01
2400178 2.496526e-01 1.420406e+02 1.945126e+01
2700090 2.496526e-01 6.154726e+01 6.125886e+00
3000001 2.496526e-01 1.054601e+01 6.125886e+00
1350 2.502708e-01 8.736804e+09 8.603809e+06
301184 2.502708e-01 4.727869e+06 1.463181e+05
600534 2.502708e-01 2.996236e+05 1.780615e+04
900256 2.502708e-01 1.974812e+03 7.517807e+02
1200504 2.502708e-01 9.897921e+02 2.542671e+02
1500029 2.502708e-01 6.324341e+02 1.134173e+02
1800539 2.502708e-01 3.843471e+02 5.620497e+01
2100078 2.502708e-01 2.448566e+02 4.621971e+01
2400178 2.502708e-01 1.458293e+02 2.627718e+01
2700078 2.502708e-01 6.662827e+01 1.523661e+01
3000004 2.502708e-01 1.575620e+01 1.125677e+01
1350 2.497022e-01 8.330088e+09 5.851053e+06
301184 2.497022e-01 4.733684e+06 1.293733e+05
600534 2.497022e-01 3.630709e+05 1.255668e+04
900256 2.497022e-01 2.111676e+03 6.348150e+02
1200504 2.497022e-01 9.770583e+02 1.984192e+02
1500029 2.497022e-01 6.071055e+02 1.233530e+02
1800539 2.497022e-01 3.552900e+02 4.444455e+01
2100078 2.497022e-01 2.187483e+02 2.743000e+01
2400178 2.497022e-01 1.296365e+02 1.427922e+01
2700104 2.497022e-01 5.762153e+01 9.579089e+00
3000003 2.497022e-01 6.253126e+00 5.599280e+00
1350 2.499288e-01 7.936819e+09 8.976266e+06
301184 2.499288e-01 4.727553e+06 7.377184e+04
600534 2.499288e-01 2.883690e+05 9.753710e+03
900256 2.499288e-01 1.957111e+03 7.326324e+02
1200504 2.499288e-01 9.723189e+02 3.030747e+02
1500029 2.499288e-01 5.998321e+02 1.014195e+02
1800539 2.499288e-01 3.548593e+02 5.225722e+01
2100078 2.499288e-01 2.142711e+02 3.371362e+01
2400178 2.499288e-01 1.157639e+02 1.947827e+01
2700006 2.499288e-01 5.359205e+01 8.115804e+00
3000005 2.499288e-01 1.120927e+01 8.115804e+00
1350 2.501657e-01 8.372665e+09 8.930342e+06
301184 2.501657e-01 4.695192e+06 7.377287e+04
600534 2.501657e-01 3.623609e+05 7.512390e+03
900256 2.501657e-01 2.127987e+03 8.399416e+02
1200504 2.501657e-01 9.729207e+02 2.835618e+02
1500029 2.501657e-01 6.314788e+02 1.342097e+02
1800539 2.501657e-01 3.828215e+02 4.249929e+01
2100078 2.501657e-01 2.462543e+02 2.668306e+01
2400178 2.501657e-01 1.508665e+02 2.077773e+01
2700090 2.501657e-01 7.602617e+01 1.408555e+01
3000001 2.501657e-01 1.692395e+01 1.408555e+01
1350 2.514127e-01 8.380702e+09 8.116565e+06
301184 2.514127e-01 4.764718e+06 1.361254e+05
600534 2.514127e-01 4.131598e+05 3.372811e+04
900256 2.514127e-01 2.195650e+03 4.647745e+02
1200504 2.514127e-01 9.757049e+02 2.375636e+02
1500029 2.514127e-01 6.353659e+02 1.199345e+02
1800539 2.514127e-01 3.603005e+02 8.180472e+01
2100078 2.514127e-01 2.169807e+02 3.588695e+01
2400178 2.514127e-01 1.258098e+02 2.559243e+01
2700132 2.514127e-01 5.844972e+01 1.026183e+01
3000001 2.514127e-01 1.502499e+01 1.026183e+01
1350 2.488899e-01 7.968689e+09 1.316909e+07
301184 2.488899e-01 4.224097e+06 1.852892e+05
600534 2.488899e-01 3.282408e+05 2.419144e+04
900256 2.488899e-01 1.997724e+03 6.373184e+02
1200504 2.488899e-01 9.457097e+02 2.346342e+02
1500029 2.488899e-01 5.764890e+02 8.130537e+01
1800539 2.488899e-01 3.430405e+02 5.572260e+01
2100078 2.488899e-01 2.064468e+02 3.630541e+01
2400178 2.488899e-01 1.183587e+02 2.306837e+01
2700108 2.488899e-01 5.339649e+01 1.094454e+01
3000004 2.488899e-01 1.317589e+01 1.094454e+01
1350 2.507241e-01 8.581779e+09 4.947663e+06
301184 2.507241e-01 4.531969e+06 1.353830e+05
600534 2.507241e-01 3.548859e+05 1.940125e+04
900256 2.507241e-01 2.100999e+03 6.655035e+02
1200504 2.507241e-01 9.784128e+02 1.693011e+02
1500029 2.507241e-01 6.228136e+02 7.907967e+01
1800539 2.507241e-01 3.661244e+02 6.449864e+01
2100078 2.507241e-01 2.240403e+02 3.480092e+01
2400178 2.507241e-01 1.269159e+02 2.340495e+01
2700044 2.507241e-01 5.621360e+01 1.324671e+01
3000004 2.507241e-01 1.774903e+01 1.324671e+01
1350 2.500212e-01 8.140137e+09 1.550784e+07
301184 2.500212e-01 4.864184e+06 6.674520e+04
600534 2.500212e-01 3.299060e+05 1.535200e+04
900256 2.500212e-01 1.881984e+03 6.490932e+02
1200504 2.500212e-01 9.741129e+02 2.792865e+02
1500029 2.500212e-01 6.280600e+02 1.270941e+02
1800539 2.500212e-01 3.899076e+02 7.079827e+01
2100078 2.500212e-01 2.515895e+02 4.370066e+01
2400178 2.500212e-01 1.502673e+02 2.686694e+01
2700067 2.500212e-01 7.009641e+01 1.822148e+01
3000002 2.500212e-01 1.135675e+01 4.292091e+00
1350 2.508352e-01 8.348977e+09 9.795201e+06
301184 2.508352e-01 4.927088e+06 1.608764e+05
600534 2.508352e-01 3.239237e+05 3.262125e+04
900256 2.508352e-01 1.992225e+03 5.694664e+02
1200504 2.508352e-01 9.869133e+02 2.846951e+02
1500029 2.508352e-01 6.143841e+02 1.078612e+02
1800539 2.508352e-01 3.668912e+02 5.542730e+01
2100078 2.508352e-01 2.343081e+02 3.331850e+01
2400178 2.508352e-01 1.409638e+02 2.136862e+01
2700012 2.508352e-01 6.386176e+01 1.738266e+01
3000005 2.508352e-01 1.045165e+01 1.041795e+01
1350 2.499370e-01 8.192397e+09 5.762835e+06
301184 2.499370e-01 4.386049e+06 1.500476e+05
600534 2.499370e-01 2.783519e+05 3.080450e+04
900256 2.499370e-01 1.855384e+03 4.919589e+02
1200504 2.499370e-01 9.286674e+02 1.747626e+02
1500029 2.499370e-01 5.891015e+02 1.057097e+02
1800539 2.499370e-01 3.606557e+02 4.537412e+01
2100078 2.499370e-01 2.299736e+02 3.314780e+01
2400178 2.499370e-01 1.380063e+02 1.831969e+01
2700076 2.499370e-01 5.786401e+01 4.292091e+00
3000003 2.499370e-01 8.483169e+00 4.292091e+00
1350 2.505661e-01 8.292373e+09 1.751878e+07
301184 2.505661e-01 4.371419e+06 1.246058e+05
600534 2.505661e-01 2.741843e+05 1.947380e+04
900256 2.505661e-01 1.884707e+03 6.487185e+02
1200504 2.505661e-01 9.605677e+02 2.174081e+02
1500029 2.505661e-01 5.985063e+02 1.097725e+02
1800539 2.505661e-01 3.570811e+02 6.585914e+01
2100078 2.505661e-01 2.229327e+02 3.108232e+01
2400178 2.505661e-01 1.360841e+02 2.210901e+01
2700089 2.505661e-01 5.933720e+01 1.408553e+01
3000000 2.505661e-01 7.796668e+00 3.453249e+00
8.11e+00 (3.66e+00): 
9.422993e+00 2.458290e+00 7.276963e+00 1.026181e+01 8.271922e+00 6.282004e+00 7.276963e+00 1.110066e+01 2.458290e+00 4.448207e+00 5.969760e+00 3.141014e+00 1.439776e+01 7.120845e+00 7.433080e+00 7.120845e+00 1.110068e+01 1.581335e+01 6.125886e+00 1.125677e+01 5.599280e+00 8.115804e+00 1.408555e+01 1.026183e+01 1.094454e+01 1.324671e+01 4.292091e+00 1.041795e+01 4.292091e+00 3.453249e+00 1350 2.496311e-01 8.581121e+09 5.326054e+06
301184 2.496311e-01 4.824817e+06 1.649107e+05
600534 2.496311e-01 3.388809e+05 1.982644e+04
900256 2.496311e-01 1.848503e+03 7.626465e+02
1200504 2.496311e-01 9.210448e+02 1.282755e+02
1500029 2.496311e-01 5.481390e+02 9.918926e+01
1800539 2.496311e-01 2.953650e+02 5.834009e+01
2100078 2.496311e-01 1.318897e+02 1.312416e+01
2400178 2.496311e-01 5.607681e+01 1.031356e+01
2700114 2.496311e-01 2.161689e+01 3.453249e+00
3000001 2.496311e-01 3.453230e+00 3.453230e+00
1350 2.507014e-01 8.191228e+09 1.576084e+06
301184 2.507014e-01 5.453728e+06 5.663852e+04
600534 2.507014e-01 3.297368e+05 2.250500e+04
900256 2.507014e-01 1.851309e+03 7.016336e+02
1200504 2.507014e-01 9.279529e+02 2.541903e+02
1500029 2.507014e-01 5.675944e+02 1.060902e+02
1800539 2.507014e-01 3.209178e+02 5.839521e+01
2100078 2.507014e-01 1.652816e+02 3.628929e+01
2400178 2.507014e-01 7.308063e+01 2.260545e+01
2700014 2.507014e-01 3.369451e+01 1.041795e+01
3000003 2.507014e-01 7.480436e+00 7.120845e+00
1350 2.501181e-01 8.146687e+09 5.934355e+06
301184 2.501181e-01 4.716289e+06 9.665994e+04
600534 2.501181e-01 3.270760e+05 1.956126e+04
900256 2.501181e-01 1.754965e+03 6.673778e+02
1200504 2.501181e-01 8.923817e+02 2.286336e+02
1500029 2.501181e-01 5.326448e+02 9.965848e+01
1800539 2.501181e-01 2.744698e+02 4.476506e+01
2100078 2.501181e-01 1.101752e+02 2.026277e+01
2400178 2.501181e-01 4.443637e+01 6.307411e+00
2700051 2.501181e-01 1.773684e+01 4.135969e+00
3000005 2.501181e-01 3.453230e+00 3.453230e+00
1350 2.517018e-01 9.011488e+09 1.093731e+07
301184 2.517018e-01 5.341348e+06 3.147294e+04
600534 2.517018e-01 3.313825e+05 2.037625e+04
900256 2.517018e-01 1.774171e+03 5.351903e+02
1200504 2.517018e-01 9.126415e+02 2.254207e+02
1500029 2.517018e-01 5.585713e+02 1.188827e+02
1800539 2.517018e-01 3.117890e+02 3.664399e+01
2100078 2.517018e-01 1.436353e+02 2.438345e+01
2400178 2.517018e-01 5.367958e+01 1.712062e+01
2700046 2.517018e-01 1.804650e+01 5.969769e+00
3000001 2.517018e-01 1.329576e+00 9.949783e-01
1350 2.491333e-01 8.357706e+09 1.369663e+07
301184 2.491333e-01 4.992100e+06 9.910495e+04
600534 2.491333e-01 3.791075e+05 1.897512e+04
900256 2.491333e-01 1.969178e+03 7.238095e+02
1200504 2.491333e-01 9.115169e+02 1.846707e+02
1500029 2.491333e-01 5.615386e+02 1.108652e+02
1800539 2.491333e-01 2.942046e+02 4.307945e+01
2100078 2.491333e-01 1.219998e+02 2.555917e+01
2400178 2.491333e-01 4.905896e+01 1.967690e+01
2700101 2.491333e-01 1.917439e+01 1.307214e+00
3000002 2.491333e-01 1.319393e+00 1.307214e+00
1350 2.489672e-01 8.468794e+09 1.075201e+07
301184 2.489672e-01 5.191148e+06 5.363707e+04
600534 2.489672e-01 3.814570e+05 2.191837e+04
900256 2.489672e-01 2.016017e+03 5.805494e+02
1200504 2.489672e-01 9.352311e+02 2.162454e+02
1500029 2.489672e-01 5.498856e+02 1.002788e+02
1800539 2.489672e-01 2.951503e+02 4.906905e+01
2100078 2.489672e-01 1.246201e+02 2.651377e+01
2400178 2.489672e-01 5.366356e+01 2.108832e+01
2700044 2.489672e-01 2.346122e+01 5.130927e+00
3000004 2.489672e-01 2.776198e+00 1.463325e+00
1350 2.511932e-01 8.282341e+09 1.421081e+07
301184 2.511932e-01 5.121622e+06 1.169226e+05
600534 2.511932e-01 3.183660e+05 6.461662e+03
900256 2.511932e-01 1.680810e+03 6.058318e+02
1200504 2.511932e-01 8.833831e+02 2.987319e+02
1500029 2.511932e-01 5.080870e+02 9.550896e+01
1800539 2.511932e-01 2.494787e+02 2.917718e+01
2100078 2.511932e-01 1.018964e+02 2.371781e+01
2400178 2.511932e-01 4.027865e+01 1.202577e+01
2700001 2.511932e-01 1.612566e+01 8.271921e+00
3000005 2.511932e-01 3.980009e+00 3.979848e+00
1350 2.485633e-01 8.254986e+09 6.478390e+06
301184 2.485633e-01 5.107791e+06 9.997386e+04
600534 2.485633e-01 2.810342e+05 9.811714e+03
900256 2.485633e-01 1.699943e+03 4.855239e+02
1200504 2.485633e-01 8.838976e+02 2.170689e+02
1500029 2.485633e-01 5.330373e+02 1.263236e+02
1800539 2.485633e-01 2.880619e+02 4.917165e+01
2100078 2.485633e-01 1.418656e+02 1.657877e+01
2400178 2.485633e-01 6.049045e+01 1.250800e+01
2700069 2.485633e-01 2.789591e+01 7.276963e+00
3000002 2.485633e-01 6.348028e+00 6.282003e+00
1350 2.501132e-01 8.624928e+09 6.296553e+06
301184 2.501132e-01 5.527173e+06 1.816128e+05
600534 2.501132e-01 3.611151e+05 1.808843e+04
900256 2.501132e-01 1.767373e+03 5.427636e+02
1200504 2.501132e-01 8.850551e+02 6.358794e+01
1500029 2.501132e-01 5.274251e+02 6.279979e+01
1800539 2.501132e-01 2.596231e+02 4.241892e+01
2100078 2.501132e-01 9.939949e+01 1.910643e+01
2400178 2.501132e-01 3.927674e+01 1.065064e+01
2700099 2.501132e-01 1.402159e+01 4.135968e+00
3000004 2.501132e-01 2.146043e+00 2.146037e+00
1350 2.517194e-01 8.874622e+09 7.453686e+06
301184 2.517194e-01 5.036612e+06 1.020427e+05
600534 2.517194e-01 2.951932e+05 8.665773e+03
900256 2.517194e-01 1.638291e+03 5.602937e+02
1200504 2.517194e-01 8.896616e+02 1.862092e+02
1500029 2.517194e-01 5.223454e+02 1.229292e+02
1800539 2.517194e-01 2.615900e+02 5.777747e+01
2100078 2.517194e-01 1.164985e+02 2.114461e+01
2400178 2.517194e-01 5.069462e+01 1.530026e+01
2700025 2.517194e-01 2.333158e+01 3.453249e+00
3000000 2.517194e-01 1.990239e+00 1.307213e+00
1350 2.508205e-01 8.763510e+09 4.196281e+06
301184 2.508205e-01 5.313712e+06 1.647530e+05
600534 2.508205e-01 3.352571e+05 2.860870e+04
900256 2.508205e-01 1.722195e+03 4.281946e+02
1200504 2.508205e-01 8.504980e+02 1.902902e+02
1500029 2.508205e-01 4.868914e+02 8.406684e+01
1800539 2.508205e-01 2.402130e+02 4.093292e+01
2100078 2.508205e-01 9.208102e+01 2.330096e+01
2400178 2.508205e-01 4.089872e+01 1.130033e+01
2700057 2.508205e-01 1.579764e+01 4.448208e+00
3000001 2.508205e-01 4.466016e+00 4.448208e+00
1350 2.505376e-01 8.391121e+09 2.593624e+07
301184 2.505376e-01 5.278645e+06 1.136816e+05
600534 2.505376e-01 3.774018e+05 2.789974e+04
900256 2.505376e-01 1.891179e+03 5.082574e+02
1200504 2.505376e-01 9.322190e+02 2.438999e+02
1500029 2.505376e-01 5.648707e+02 1.095851e+02
1800539 2.505376e-01 3.001723e+02 5.297797e+01
2100078 2.505376e-01 1.478897e+02 2.638163e+01
2400178 2.505376e-01 6.434422e+01 1.663197e+01
2700033 2.505376e-01 2.534514e+01 7.120845e+00
3000002 2.505376e-01 3.280121e+00 3.141009e+00
1350 2.500961e-01 8.153117e+09 8.259848e+05
301184 2.500961e-01 4.827946e+06 7.033869e+04
600534 2.500961e-01 2.474864e+05 1.870625e+04
900256 2.500961e-01 1.710235e+03 4.669281e+02
1200504 2.500961e-01 8.978865e+02 1.622948e+02
1500029 2.500961e-01 5.525926e+02 1.011860e+02
1800539 2.500961e-01 3.066937e+02 5.280296e+01
2100078 2.500961e-01 1.440786e+02 2.355716e+01
2400178 2.500961e-01 5.486173e+01 1.594299e+01
2700019 2.500961e-01 2.337571e+01 3.609366e+00
2999962 2.502814e-01 3.297114e+00 3.297114e+00
1350 2.483818e-01 8.248528e+09 1.598400e+07
301184 2.483818e-01 5.177243e+06 1.638666e+05
600534 2.483818e-01 3.332104e+05 3.124960e+04
900256 2.483818e-01 1.821240e+03 6.706820e+02
1200504 2.483818e-01 9.259401e+02 2.229167e+02
1500029 2.483818e-01 5.643471e+02 1.113964e+02
1800539 2.483818e-01 3.073315e+02 5.771161e+01
2100078 2.483818e-01 1.431621e+02 3.573893e+01
2400178 2.483818e-01 5.804631e+01 1.515007e+01
2700054 2.483818e-01 2.508627e+01 9.949783e-01
3000002 2.483818e-01 9.949611e-01 9.949599e-01
1350 2.482733e-01 8.146958e+09 9.144329e+06
301184 2.482733e-01 4.858036e+06 1.390614e+05
600534 2.482733e-01 3.006197e+05 1.515400e+04
900256 2.482733e-01 1.657098e+03 5.170451e+02
1200504 2.482733e-01 8.726086e+02 2.584524e+02
1500029 2.482733e-01 5.199135e+02 9.557977e+01
1800539 2.482733e-01 2.796252e+02 4.069648e+01
2100078 2.482733e-01 1.224935e+02 1.972293e+01
2400178 2.482733e-01 4.783636e+01 1.518563e+01
2700099 2.482733e-01 1.612850e+01 4.292091e+00
2999971 2.484572e-01 4.292071e+00 4.292071e+00
1350 2.495577e-01 8.089025e+09 1.187141e+07
301184 2.495577e-01 5.106261e+06 1.219337e+05
600534 2.495577e-01 4.399675e+05 1.373955e+04
900256 2.495577e-01 1.917729e+03 4.721414e+02
1200504 2.495577e-01 8.787509e+02 2.464982e+02
1500029 2.495577e-01 5.265009e+02 1.248937e+02
1800539 2.495577e-01 2.554430e+02 5.820341e+01
2100078 2.495577e-01 1.047901e+02 2.772375e+01
2400178 2.495577e-01 5.225703e+01 1.917183e+01
2700113 2.495577e-01 2.589365e+01 9.422994e+00
3000004 2.495577e-01 6.162916e+00 5.443162e+00
1350 2.488993e-01 8.450653e+09 1.116112e+07
301184 2.488993e-01 4.632653e+06 4.996552e+04
600534 2.488993e-01 2.484579e+05 1.523088e+04
900256 2.488993e-01 1.659206e+03 6.562408e+02
1200504 2.488993e-01 8.856894e+02 2.246908e+02
1500029 2.488993e-01 5.390984e+02 1.051314e+02
1800539 2.488993e-01 2.952559e+02 4.967144e+01
2100078 2.488993e-01 1.442357e+02 3.537762e+01
2400178 2.488993e-01 5.686321e+01 2.282101e+01
2700099 2.488993e-01 2.735579e+01 1.041795e+01
3000001 2.488993e-01 5.942131e+00 4.135967e+00
1350 2.490368e-01 8.492148e+09 6.535683e+06
301184 2.490368e-01 5.004930e+06 8.483792e+04
600534 2.490368e-01 3.221070e+05 1.727144e+04
900256 2.490368e-01 1.873960e+03 8.106266e+02
1200504 2.490368e-01 9.172623e+02 2.262094e+02
1500029 2.490368e-01 5.354267e+02 8.010226e+01
1800539 2.490368e-01 2.880610e+02 4.356681e+01
2100078 2.490368e-01 1.344447e+02 2.594592e+01
2400178 2.490368e-01 5.311609e+01 1.518009e+01
2700133 2.490368e-01 2.097597e+01 5.443166e+00
3000001 2.490368e-01 2.326463e+00 2.302173e+00
1350 2.496526e-01 8.398077e+09 8.253829e+06
301184 2.496526e-01 4.812918e+06 2.238434e+05
600534 2.496526e-01 2.690533e+05 1.106920e+04
900256 2.496526e-01 1.738806e+03 6.563326e+02
1200504 2.496526e-01 8.785222e+02 1.734131e+02
1500029 2.496526e-01 5.165464e+02 9.355832e+01
1800539 2.496526e-01 2.720654e+02 5.099532e+01
2100078 2.496526e-01 1.253676e+02 3.266547e+01
2400178 2.496526e-01 4.898664e+01 1.935950e+01
2700067 2.496526e-01 2.123313e+01 6.282003e+00
3000003 2.496526e-01 6.281984e+00 6.281984e+00
1350 2.502708e-01 8.736804e+09 8.603809e+06
301184 2.502708e-01 5.506260e+06 1.358980e+05
600534 2.502708e-01 3.426761e+05 1.289424e+04
900256 2.502708e-01 1.742465e+03 5.412459e+02
1200504 2.502708e-01 8.713247e+02 2.311631e+02
1500029 2.502708e-01 5.265961e+02 1.147921e+02
1800539 2.502708e-01 2.656745e+02 5.365949e+01
2100078 2.502708e-01 1.138656e+02 2.598339e+01
2400178 2.502708e-01 4.695040e+01 1.235636e+01
2700121 2.502708e-01 1.643954e+01 2.302173e+00
3000005 2.502708e-01 2.302160e+00 2.302159e+00
1350 2.497022e-01 8.330088e+09 5.851053e+06
301184 2.497022e-01 5.499981e+06 2.476274e+05
600534 2.497022e-01 3.485706e+05 1.016384e+04
900256 2.497022e-01 1.727025e+03 4.976326e+02
1200504 2.497022e-01 8.454022e+02 2.172008e+02
1500029 2.497022e-01 4.964083e+02 8.189962e+01
1800539 2.497022e-01 2.536209e+02 5.144706e+01
2100078 2.497022e-01 1.071106e+02 2.514549e+01
2400178 2.497022e-01 4.661648e+01 1.367241e+01
2700126 2.497022e-01 1.952493e+01 7.120845e+00
3000005 2.497022e-01 4.687234e-01 4.683721e-01
1350 2.499288e-01 7.936819e+09 8.976266e+06
301184 2.499288e-01 5.707357e+06 1.055177e+05
600534 2.499288e-01 3.298541e+05 2.255933e+04
900256 2.499288e-01 1.810573e+03 6.553794e+02
1200504 2.499288e-01 9.147736e+02 2.472909e+02
1500029 2.499288e-01 5.573362e+02 1.034122e+02
1800539 2.499288e-01 3.026925e+02 4.619321e+01
2100078 2.499288e-01 1.548933e+02 2.280377e+01
2400178 2.499288e-01 6.280759e+01 1.535557e+01
2700130 2.499288e-01 2.589302e+01 7.276962e+00
3000000 2.499288e-01 3.125133e+00 2.614407e+00
1350 2.501657e-01 8.372665e+09 8.930342e+06
301184 2.501657e-01 4.802448e+06 1.251102e+05
600534 2.501657e-01 2.727929e+05 1.492647e+04
900256 2.501657e-01 1.618463e+03 5.572019e+02
1200504 2.501657e-01 9.076991e+02 2.851932e+02
1500029 2.501657e-01 5.802498e+02 1.158909e+02
1800539 2.501657e-01 3.283383e+02 7.149057e+01
2100078 2.501657e-01 1.745953e+02 3.556196e+01
2400178 2.501657e-01 7.239552e+01 2.269599e+01
2700063 2.501657e-01 2.910115e+01 1.539272e+01
2999959 2.503510e-01 6.438135e+00 6.438121e+00
1350 2.514127e-01 8.380702e+09 8.116565e+06
301184 2.514127e-01 5.289314e+06 2.054553e+05
600534 2.514127e-01 3.478710e+05 9.127449e+03
900256 2.514127e-01 1.785625e+03 4.918831e+02
1200504 2.514127e-01 8.847273e+02 2.645131e+02
1500029 2.514127e-01 5.255047e+02 1.130311e+02
1800539 2.514127e-01 2.768415e+02 5.237613e+01
2100078 2.514127e-01 1.353598e+02 2.590302e+01
2400178 2.514127e-01 5.696153e+01 1.055445e+01
2700129 2.514127e-01 2.381170e+01 3.297131e+00
3000003 2.514127e-01 3.299478e+00 3.297131e+00
1350 2.488899e-01 7.968689e+09 1.316909e+07
301184 2.488899e-01 4.290210e+06 5.007982e+04
600534 2.488899e-01 2.653015e+05 3.210616e+03
900256 2.488899e-01 1.654527e+03 5.514143e+02
1200504 2.488899e-01 8.695925e+02 2.412474e+02
1500029 2.488899e-01 5.193739e+02 4.658564e+01
1800539 2.488899e-01 2.760424e+02 3.700602e+01
2100078 2.488899e-01 1.322224e+02 3.159174e+01
2400178 2.488899e-01 5.657390e+01 2.019344e+01
2700124 2.488899e-01 2.661523e+01 9.266876e+00
3000005 2.488899e-01 4.334244e+00 4.292091e+00
1350 2.507241e-01 8.581779e+09 4.947663e+06
301184 2.507241e-01 4.868613e+06 1.646724e+05
600534 2.507241e-01 2.956598e+05 1.789844e+04
900256 2.507241e-01 1.710189e+03 7.410478e+02
1200504 2.507241e-01 8.725914e+02 2.190548e+02
1500029 2.507241e-01 5.208501e+02 1.168387e+02
1800539 2.507241e-01 2.640191e+02 4.614482e+01
2100078 2.507241e-01 1.102594e+02 2.518694e+01
2400178 2.507241e-01 5.069458e+01 1.678625e+01
2700081 2.507241e-01 2.074587e+01 5.443162e+00
3000004 2.507241e-01 5.014808e+00 4.448208e+00
1350 2.500212e-01 8.140137e+09 1.550784e+07
301184 2.500212e-01 5.127705e+06 1.743020e+05
600534 2.500212e-01 3.641163e+05 1.922113e+04
900256 2.500212e-01 1.915305e+03 5.108680e+02
1200504 2.500212e-01 8.976175e+02 2.460961e+02
1500029 2.500212e-01 5.373000e+02 9.200080e+01
1800539 2.500212e-01 2.667789e+02 4.380225e+01
2100078 2.500212e-01 1.059125e+02 2.020637e+01
2400178 2.500212e-01 4.529631e+01 1.309805e+01
2700137 2.500212e-01 1.596004e+01 7.120845e+00
3000004 2.500212e-01 3.140995e+00 3.140995e+00
1350 2.508352e-01 8.348977e+09 9.795201e+06
301184 2.508352e-01 4.782648e+06 4.580660e+04
600534 2.508352e-01 2.962887e+05 1.654007e+04
900256 2.508352e-01 1.765404e+03 6.663464e+02
1200504 2.508352e-01 8.984440e+02 1.923067e+02
1500029 2.508352e-01 5.188975e+02 7.290171e+01
1800539 2.508352e-01 2.621397e+02 4.993200e+01
2100078 2.508352e-01 1.229368e+02 2.805113e+01
2400178 2.508352e-01 4.860660e+01 1.704289e+01
2700130 2.508352e-01 2.107262e+01 5.130927e+00
3000002 2.508352e-01 5.130911e+00 5.130911e+00
1350 2.499370e-01 8.192397e+09 5.762835e+06
301184 2.499370e-01 5.623761e+06 6.661662e+04
600534 2.499370e-01 2.948525e+05 1.589720e+04
900256 2.499370e-01 1.699883e+03 4.492328e+02
1200504 2.499370e-01 8.508351e+02 1.379588e+02
1500029 2.499370e-01 5.031387e+02 1.059514e+02
1800539 2.499370e-01 2.571795e+02 5.910766e+01
2100078 2.499370e-01 1.097720e+02 3.229136e+01
2400178 2.499370e-01 5.489559e+01 2.234382e+01
2700070 2.499370e-01 2.666511e+01 2.302173e+00
3000005 2.499370e-01 2.302166e+00 2.302165e+00
1350 2.505661e-01 8.292373e+09 1.751878e+07
301184 2.505661e-01 5.547494e+06 4.851767e+04
600534 2.505661e-01 2.947540e+05 6.484468e+03
900256 2.505661e-01 1.687548e+03 4.474912e+02
1200504 2.505661e-01 8.819848e+02 3.095312e+02
1500029 2.505661e-01 5.366224e+02 9.270917e+01
1800539 2.505661e-01 2.867437e+02 3.807369e+01
2100078 2.505661e-01 1.234798e+02 2.198479e+01
2400178 2.505661e-01 5.054596e+01 1.396013e+01
2700056 2.505661e-01 1.809130e+01 7.120845e+00
3000004 2.505661e-01 2.827846e+00 2.458290e+00
3.42e+00 (1.77e+00): 
3.453230e+00 7.120845e+00 3.453230e+00 9.949783e-01 1.307214e+00 1.463325e+00 3.979848e+00 6.282003e+00 2.146037e+00 1.307213e+00 4.448208e+00 3.141009e+00 3.297114e+00 9.949599e-01 4.292071e+00 5.443162e+00 4.135967e+00 2.302173e+00 6.281984e+00 2.302159e+00 4.683721e-01 2.614407e+00 6.438121e+00 3.297131e+00 4.292091e+00 4.448208e+00 3.140995e+00 5.130911e+00 2.302165e+00 2.458290e+00 1350 2.496311e-01 8.581121e+09 5.326054e+06
300614 2.496311e-01 5.275942e+06 1.323140e+02
600861 2.496311e-01 3.666053e+05 1.323140e+02
900456 2.496311e-01 1.603630e+03 9.447199e+01
1200082 2.496311e-01 8.501412e+02 9.447199e+01
1500504 2.496311e-01 5.188069e+02 9.447199e+01
1800436 2.496311e-01 2.796794e+02 2.575304e+01
2100275 2.496311e-01 1.195016e+02 2.124678e+01
2400063 2.496311e-01 5.298723e+01 5.443162e+00
2700113 2.496311e-01 2.286703e+01 5.443162e+00
3000004 2.496311e-01 5.038992e+00 3.453249e+00
1350 2.507014e-01 8.191228e+09 1.576084e+06
300379 2.507014e-01 5.499900e+06 1.633673e+02
600846 2.507014e-01 4.173363e+05 1.438476e+02
900533 2.507014e-01 1.663379e+03 8.258318e+01
1200693 2.507014e-01 8.468326e+02 7.844735e+01
1500527 2.507014e-01 5.298356e+02 7.844735e+01
1800146 2.507014e-01 3.026623e+02 3.231342e+01
2100293 2.507014e-01 1.553913e+02 2.427435e+01
2400101 2.507014e-01 6.421289e+01 2.294160e+01
2700112 2.507014e-01 2.438688e+01 5.443162e+00
3000000 2.507014e-01 5.305844e+00 4.135967e+00
1350 2.501181e-01 8.146687e+09 5.934355e+06
301171 2.501181e-01 5.851383e+06 5.545524e+01
600631 2.501181e-01 3.493411e+05 5.545524e+01
900526 2.501181e-01 1.497288e+03 5.545524e+01
1200429 2.501181e-01 7.999046e+02 3.099961e+01
1500246 2.501181e-01 4.825203e+02 3.099961e+01
1800231 2.501181e-01 2.721823e+02 3.099961e+01
2100363 2.501181e-01 1.322639e+02 2.441999e+01
2400241 2.501181e-01 5.238403e+01 1.041795e+01
2700032 2.501181e-01 2.504709e+01 1.041795e+01
3000000 2.501181e-01 2.813010e+00 2.302172e+00
1350 2.517018e-01 9.011488e+09 1.093731e+07
300304 2.517018e-01 5.416751e+06 3.083035e+02
600228 2.517018e-01 3.272760e+05 9.194838e+01
900649 2.517018e-01 1.500657e+03 6.257604e+01
1200566 2.517018e-01 8.294586e+02 6.257604e+01
1500342 2.517018e-01 5.136418e+02 6.257604e+01
1800495 2.517018e-01 2.951167e+02 4.727389e+01
2100158 2.517018e-01 1.479865e+02 2.186078e+01
2400233 2.517018e-01 6.072787e+01 1.693222e+01
2700081 2.517018e-01 2.393855e+01 1.010572e+01
3000001 2.517018e-01 4.404352e+00 3.141014e+00
1350 2.491333e-01 8.357706e+09 1.369663e+07
301220 2.491333e-01 5.356072e+06 3.640345e+02
600474 2.491333e-01 4.114939e+05 4.749576e+01
900622 2.491333e-01 1.767653e+03 4.749576e+01
1200435 2.491333e-01 8.730803e+02 4.749576e+01
1500046 2.491333e-01 5.490011e+02 4.040962e+01
1800247 2.491333e-01 3.128967e+02 2.814241e+01
2100214 2.491333e-01 1.536017e+02 2.563168e+01
2400005 2.491333e-01 5.883206e+01 2.120045e+01
2700083 2.491333e-01 3.033665e+01 7.276963e+00
3000005 2.491333e-01 7.173974e+00 7.120844e+00
1350 2.489672e-01 8.468794e+09 1.075201e+07
300670 2.489672e-01 4.993676e+06 2.566387e+02
600347 2.489672e-01 3.564682e+05 1.333611e+02
900006 2.489672e-01 1.641017e+03 1.333611e+02
1200585 2.489672e-01 8.290455e+02 1.333611e+02
1500241 2.489672e-01 5.066820e+02 8.754105e+01
1800284 2.489672e-01 2.928213e+02 2.247051e+01
2100090 2.489672e-01 1.428627e+02 1.665427e+01
2400227 2.489672e-01 5.042851e+01 6.932483e+00
2700046 2.489672e-01 1.999450e+01 2.458290e+00
3000001 2.489672e-01 2.458280e+00 2.458280e+00
1350 2.511932e-01 8.282341e+09 1.421081e+07
300784 2.511932e-01 4.999596e+06 1.374987e+02
601009 2.511932e-01 3.091780e+05 1.374987e+02
900674 2.511932e-01 1.553759e+03 1.093672e+02
1200021 2.511932e-01 8.297541e+02 1.093672e+02
1500462 2.511932e-01 5.083733e+02 9.050906e+01
1800469 2.511932e-01 2.859716e+02 5.495516e+01
2100149 2.511932e-01 1.419971e+02 2.140419e+01
2400152 2.511932e-01 6.755653e+01 1.287185e+01
2700019 2.511932e-01 3.213326e+01 9.949600e+00
3000001 2.511932e-01 4.165337e+00 3.979855e+00
1350 2.485633e-01 8.254986e+09 6.478390e+06
300934 2.485633e-01 5.437667e+06 2.554642e+02
600204 2.485633e-01 3.132060e+05 1.590673e+02
900369 2.485633e-01 1.519214e+03 1.316060e+02
1200028 2.485633e-01 8.408868e+02 7.707896e+01
1500551 2.485633e-01 5.129096e+02 7.707896e+01
1800051 2.485633e-01 2.981615e+02 4.193862e+01
2100332 2.485633e-01 1.573627e+02 2.945262e+01
2400056 2.485633e-01 6.724781e+01 1.707042e+01
2700121 2.485633e-01 3.221574e+01 7.589191e+00
3000002 2.485633e-01 7.013658e+00 4.604325e+00
1350 2.501132e-01 8.624928e+09 6.296553e+06
300365 2.501132e-01 4.860623e+06 1.992873e+02
601052 2.501132e-01 3.160700e+05 1.992873e+02
900865 2.501132e-01 1.514246e+03 2.220125e+01
1200612 2.501132e-01 8.328983e+02 2.220125e+01
1500149 2.501132e-01 4.987951e+02 2.220125e+01
1800227 2.501132e-01 2.723713e+02 2.220125e+01
2100336 2.501132e-01 1.246274e+02 2.112135e+01
2400087 2.501132e-01 5.381083e+01 1.240785e+01
2700117 2.501132e-01 2.504754e+01 1.209562e+01
3000003 2.501132e-01 7.276959e+00 7.276959e+00
1350 2.517194e-01 8.874622e+09 7.453686e+06
300127 2.517194e-01 5.312224e+06 1.904952e+02
600897 2.517194e-01 2.929149e+05 1.203885e+02
900528 2.517194e-01 1.528074e+03 1.054636e+02
1200589 2.517194e-01 8.225402e+02 2.204519e+01
1500608 2.517194e-01 5.099597e+02 2.204519e+01
1800031 2.517194e-01 2.898139e+02 2.204519e+01
2100295 2.517194e-01 1.388613e+02 1.996337e+01
2400041 2.517194e-01 5.899936e+01 1.018534e+01
2700094 2.517194e-01 2.802566e+01 6.282004e+00
2999970 2.519059e-01 4.028783e+00 3.609365e+00
1350 2.508205e-01 8.763510e+09 4.196281e+06
300448 2.508205e-01 5.237616e+06 9.351186e+01
600337 2.508205e-01 3.140843e+05 9.351186e+01
900652 2.508205e-01 1.508869e+03 9.351186e+01
1200169 2.508205e-01 8.338214e+02 9.351186e+01
1500070 2.508205e-01 5.182970e+02 8.201084e+01
1800265 2.508205e-01 2.906297e+02 4.624592e+01
2100319 2.508205e-01 1.557175e+02 2.355390e+01
2400033 2.508205e-01 6.839435e+01 1.309057e+01
2700036 2.508205e-01 3.038546e+01 1.309057e+01
3000000 2.508205e-01 4.957590e+00 2.458278e+00
1350 2.505376e-01 8.391121e+09 2.593624e+07
301048 2.505376e-01 5.226292e+06 7.446773e+01
600460 2.505376e-01 4.111419e+05 7.446773e+01
900124 2.505376e-01 1.796260e+03 7.446773e+01
1200061 2.505376e-01 8.802609e+02 4.252097e+01
1500162 2.505376e-01 5.400065e+02 4.252097e+01
1800406 2.505376e-01 2.955220e+02 4.252097e+01
2100263 2.505376e-01 1.539898e+02 2.643164e+01
2400069 2.505376e-01 6.714218e+01 2.147086e+01
2700122 2.505376e-01 3.545885e+01 1.309059e+01
2999965 2.507231e-01 8.954625e+00 8.954624e+00
1350 2.500961e-01 8.153117e+09 8.259848e+05
301014 2.500961e-01 5.404644e+06 2.460782e+02
600908 2.500961e-01 4.055707e+05 1.404436e+02
900171 2.500961e-01 1.658881e+03 3.838510e+01
1200596 2.500961e-01 8.519660e+02 3.838510e+01
1500636 2.500961e-01 5.216210e+02 3.838510e+01
1800035 2.500961e-01 2.972829e+02 3.838510e+01
2100215 2.500961e-01 1.406964e+02 2.316726e+01
2400153 2.500961e-01 5.177914e+01 1.160478e+01
2700129 2.500961e-01 2.271910e+01 6.282000e+00
3000003 2.500961e-01 2.615129e+00 2.302171e+00
1350 2.483818e-01 8.248528e+09 1.598400e+07
300325 2.483818e-01 4.874248e+06 3.212489e+02
600706 2.483818e-01 3.930433e+05 8.185285e+01
900031 2.483818e-01 1.730928e+03 8.185285e+01
1200094 2.483818e-01 8.651511e+02 8.185285e+01
1500240 2.483818e-01 5.513588e+02 8.185285e+01
1800329 2.483818e-01 3.170464e+02 4.004447e+01
2100074 2.483818e-01 1.771051e+02 2.241542e+01
2400193 2.483818e-01 8.189956e+01 1.716394e+01
2700091 2.483818e-01 3.198057e+01 2.458290e+00
3000005 2.483818e-01 2.458308e+00 2.458290e+00
1350 2.482733e-01 8.146958e+09 9.144329e+06
301171 2.482733e-01 5.649814e+06 3.370568e+02
600055 2.482733e-01 4.612412e+05 2.106545e+02
900021 2.482733e-01 1.854176e+03 1.637879e+02
1200470 2.482733e-01 8.802870e+02 1.608031e+02
1500076 2.482733e-01 5.475766e+02 6.942197e+01
1800121 2.482733e-01 3.180148e+02 4.796631e+01
2100173 2.482733e-01 1.716689e+02 2.435612e+01
2400234 2.482733e-01 7.574904e+01 1.823354e+01
2700004 2.482733e-01 3.249398e+01 8.720283e+00
3000003 2.482733e-01 3.264295e+00 3.141013e+00
1350 2.495577e-01 8.089025e+09 1.187141e+07
301017 2.495577e-01 5.249572e+06 2.688309e+02
600426 2.495577e-01 3.472867e+05 2.479240e+02
900353 2.495577e-01 1.642003e+03 1.765216e+02
1200125 2.495577e-01 8.517010e+02 1.445178e+02
1500620 2.495577e-01 5.371749e+02 9.283048e+01
1800059 2.495577e-01 3.192663e+02 5.025303e+01
2100356 2.495577e-01 1.765408e+02 2.995991e+01
2400056 2.495577e-01 7.161479e+01 2.570519e+01
2700134 2.495577e-01 3.345417e+01 9.422994e+00
3000003 2.495577e-01 8.439349e+00 8.428039e+00
1350 2.488993e-01 8.450653e+09 1.116112e+07
301095 2.488993e-01 5.359229e+06 2.671251e+02
600270 2.488993e-01 3.388769e+05 2.377336e+02
900222 2.488993e-01 1.545667e+03 1.815248e+02
1200376 2.488993e-01 8.401496e+02 1.815248e+02
1500044 2.488993e-01 5.259328e+02 9.474381e+01
1800200 2.488993e-01 2.966547e+02 3.825854e+01
2100024 2.488993e-01 1.451096e+02 1.503342e+01
2400207 2.488993e-01 6.195126e+01 1.222621e+01
2700041 2.488993e-01 2.858044e+01 7.433080e+00
3000003 2.488993e-01 3.908398e+00 2.302172e+00
1350 2.490368e-01 8.492148e+09 6.535683e+06
301215 2.490368e-01 4.592940e+06 3.002587e+02
600894 2.490368e-01 2.793890e+05 2.257232e+02
900342 2.490368e-01 1.497139e+03 1.629289e+02
1200502 2.490368e-01 8.147927e+02 4.236487e+01
1500529 2.490368e-01 4.986002e+02 4.236487e+01
1800448 2.490368e-01 2.836225e+02 4.236487e+01
2100234 2.490368e-01 1.338753e+02 2.949557e+01
2400214 2.490368e-01 5.613007e+01 1.408553e+01
2700132 2.490368e-01 2.805540e+01 5.599280e+00
3000004 2.490368e-01 4.365264e+00 2.146055e+00
1350 2.496526e-01 8.398077e+09 8.253829e+06
300733 2.496526e-01 4.588504e+06 2.557914e+02
600498 2.496526e-01 2.950042e+05 5.247041e+01
900604 2.496526e-01 1.560305e+03 5.247041e+01
1200179 2.496526e-01 8.396623e+02 5.247041e+01
1500555 2.496526e-01 5.446628e+02 5.247041e+01
1800100 2.496526e-01 3.128426e+02 5.004852e+01
2100320 2.496526e-01 1.628437e+02 3.099110e+01
2400135 2.496526e-01 6.442219e+01 1.884171e+01
2700026 2.496526e-01 2.811534e+01 8.271922e+00
3000003 2.496526e-01 3.452382e+00 3.141009e+00
1350 2.502708e-01 8.736804e+09 8.603809e+06
300242 2.502708e-01 5.291403e+06 1.891504e+02
600571 2.502708e-01 3.357742e+05 1.580626e+02
900599 2.502708e-01 1.572752e+03 1.580626e+02
1200038 2.502708e-01 8.512641e+02 8.813228e+01
1500362 2.502708e-01 5.167083e+02 7.734149e+01
1800415 2.502708e-01 2.909543e+02 4.279735e+01
2100245 2.502708e-01 1.499934e+02 2.556118e+01
2400154 2.502708e-01 5.813640e+01 2.047588e+01
2700029 2.502708e-01 2.904437e+01 7.276963e+00
3000003 2.502708e-01 6.639676e+00 5.443162e+00
1350 2.497022e-01 8.330088e+09 5.851053e+06
300247 2.497022e-01 4.846604e+06 1.101768e+02
600251 2.497022e-01 2.821217e+05 6.922837e+01
900054 2.497022e-01 1.543958e+03 6.922837e+01
1200248 2.497022e-01 8.121946e+02 6.922837e+01
1500292 2.497022e-01 5.156245e+02 6.922837e+01
1800351 2.497022e-01 3.069967e+02 4.970796e+01
2100122 2.497022e-01 1.592339e+02 2.927395e+01
2400189 2.497022e-01 7.204863e+01 1.843670e+01
2700023 2.497022e-01 2.738633e+01 9.422993e+00
3000004 2.497022e-01 3.052967e+00 2.302172e+00
1350 2.499288e-01 7.936819e+09 8.976266e+06
300608 2.499288e-01 5.772407e+06 9.732936e+01
600129 2.499288e-01 4.246271e+05 9.732936e+01
900923 2.499288e-01 1.652876e+03 5.713304e+01
1200803 2.499288e-01 8.487351e+02 5.713304e+01
1500438 2.499288e-01 5.446923e+02 5.713304e+01
1800531 2.499288e-01 3.208436e+02 5.346454e+01
2100257 2.499288e-01 1.715610e+02 3.054402e+01
2400094 2.499288e-01 7.392152e+01 2.204241e+01
2700045 2.499288e-01 2.941360e+01 2.146055e+00
3000003 2.499288e-01 2.146036e+00 2.146036e+00
1350 2.501657e-01 8.372665e+09 8.930342e+06
300131 2.501657e-01 4.915873e+06 1.448840e+02
600320 2.501657e-01 3.289816e+05 1.448840e+02
900818 2.501657e-01 1.638127e+03 6.210769e+01
1200640 2.501657e-01 8.227377e+02 6.210769e+01
1500252 2.501657e-01 5.115670e+02 6.210769e+01
1800261 2.501657e-01 2.860324e+02 5.484929e+01
2100217 2.501657e-01 1.432128e+02 3.371816e+01
2400041 2.501657e-01 6.372004e+01 2.063202e+01
2700040 2.501657e-01 2.926388e+01 1.424165e+01
2999930 2.503510e-01 5.136230e+00 3.297124e+00
1350 2.514127e-01 8.380702e+09 8.116565e+06
301228 2.514127e-01 5.782029e+06 6.949302e+01
600819 2.514127e-01 4.828408e+05 6.949302e+01
900435 2.514127e-01 1.790558e+03 6.949302e+01
1200017 2.514127e-01 8.483840e+02 6.949302e+01
1500327 2.514127e-01 5.280358e+02 6.949302e+01
1800529 2.514127e-01 2.978486e+02 2.924070e+01
2100335 2.514127e-01 1.433279e+02 2.326524e+01
2400239 2.514127e-01 5.848474e+01 1.581345e+01
2700011 2.514127e-01 2.324359e+01 3.141014e+00
2999967 2.515989e-01 3.141010e+00 3.141010e+00
1350 2.488899e-01 7.968689e+09 1.316909e+07
300203 2.488899e-01 5.433838e+06 1.757275e+02
601282 2.488899e-01 4.321848e+05 1.356446e+02
900138 2.488899e-01 1.724585e+03 7.137452e+01
1200808 2.488899e-01 8.489696e+02 7.137452e+01
1500377 2.488899e-01 5.453786e+02 7.137452e+01
1800339 2.488899e-01 3.176752e+02 3.652260e+01
2100212 2.488899e-01 1.693018e+02 3.045511e+01
2400149 2.488899e-01 7.352746e+01 1.422738e+01
2700012 2.488899e-01 2.937489e+01 7.433080e+00
3000001 2.488899e-01 5.287037e+00 5.287037e+00
1350 2.507241e-01 8.581779e+09 4.947663e+06
301095 2.507241e-01 4.984832e+06 1.366804e+02
601663 2.507241e-01 2.954197e+05 1.366804e+02
900580 2.507241e-01 1.502102e+03 1.366804e+02
1200178 2.507241e-01 8.436603e+02 1.366804e+02
1500608 2.507241e-01 5.429848e+02 9.308142e+01
1800109 2.507241e-01 3.073450e+02 5.292153e+01
2100364 2.507241e-01 1.675964e+02 2.336661e+01
2400029 2.507241e-01 7.380668e+01 1.954135e+01
2700068 2.507241e-01 3.410491e+01 1.041795e+01
3000004 2.507241e-01 7.084431e+00 6.282001e+00
1350 2.500212e-01 8.140137e+09 1.550784e+07
300056 2.500212e-01 4.747061e+06 2.754817e+02
600274 2.500212e-01 3.731121e+05 1.752502e+02
900448 2.500212e-01 1.767940e+03 1.752502e+02
1200587 2.500212e-01 8.857213e+02 1.457228e+02
1500169 2.500212e-01 5.716829e+02 1.047830e+02
1800480 2.500212e-01 3.525762e+02 2.824844e+01
2100309 2.500212e-01 2.041921e+02 1.921278e+01
2400186 2.500212e-01 8.408867e+01 1.570684e+01
2700106 2.500212e-01 3.335615e+01 4.292090e+00
2999706 2.502064e-01 4.292090e+00 4.292086e+00
1350 2.508352e-01 8.348977e+09 9.795201e+06
300462 2.508352e-01 4.801880e+06 2.356257e+02
601045 2.508352e-01 3.537909e+05 2.356257e+02
900559 2.508352e-01 1.667292e+03 1.533178e+02
1200429 2.508352e-01 8.604995e+02 1.414785e+02
1500188 2.508352e-01 5.359312e+02 1.103761e+02
1800199 2.508352e-01 3.114175e+02 4.126127e+01
2100036 2.508352e-01 1.656176e+02 3.182756e+01
2400169 2.508352e-01 6.933820e+01 2.183035e+01
2700047 2.508352e-01 2.830070e+01 6.282004e+00
3000001 2.508352e-01 5.960302e+00 5.130928e+00
1350 2.499370e-01 8.192397e+09 5.762835e+06
300436 2.499370e-01 4.961708e+06 1.325239e+02
600202 2.499370e-01 3.482354e+05 8.883438e+01
900726 2.499370e-01 1.588834e+03 8.883438e+01
1200706 2.499370e-01 8.175180e+02 8.883438e+01
1500291 2.499370e-01 4.987783e+02 6.422884e+01
1800384 2.499370e-01 2.932873e+02 3.704904e+01
2100037 2.499370e-01 1.452035e+02 2.063867e+01
2400131 2.499370e-01 5.984155e+01 1.116762e+01
2700037 2.499370e-01 2.558267e+01 4.135973e+00
3000000 2.499370e-01 2.302155e+00 2.302154e+00
1350 2.505661e-01 8.292373e+09 1.751878e+07
300441 2.505661e-01 4.979639e+06 2.504287e+02
600474 2.505661e-01 3.171660e+05 1.697376e+02
900939 2.505661e-01 1.599127e+03 1.697376e+02
1200313 2.505661e-01 8.808503e+02 1.697376e+02
1500355 2.505661e-01 5.580209e+02 1.113327e+02
1800395 2.505661e-01 3.319535e+02 5.367743e+01
2100292 2.505661e-01 1.886253e+02 4.364189e+01
2400178 2.505661e-01 8.965084e+01 3.025932e+01
2700074 2.505661e-01 3.934795e+01 1.151974e+01
2999998 2.507517e-01 6.438112e+00 6.438112e+00
4.12e+00 (1.98e+00): 
3.453249e+00 4.135967e+00 2.302172e+00 3.141014e+00 7.120844e+00 2.458280e+00 3.979855e+00 4.604325e+00 7.276959e+00 3.609365e+00 2.458278e+00 8.954624e+00 2.302171e+00 2.458290e+00 3.141013e+00 8.428039e+00 2.302172e+00 2.146055e+00 3.141009e+00 5.443162e+00 2.302172e+00 2.146036e+00 3.297124e+00 3.141010e+00 5.287037e+00 6.282001e+00 4.292086e+00 5.130928e+00 2.302154e+00 6.438112e+00 