1350 2.496311e-01 5.442669e+08 2.079879e+05
301184 2.496311e-01 1.229335e+01 3.752430e+00
600534 2.496311e-01 6.623163e+00 1.641201e+00
900256 2.496311e-01 5.273652e+00 1.514560e+00
1200504 2.496311e-01 4.205135e+00 1.019950e+00
1500029 2.496311e-01 3.357707e+00 7.434264e-01
1800539 2.496311e-01 2.663323e+00 6.206926e-01
2100078 2.496311e-01 2.115319e+00 6.089399e-01
2400178 2.496311e-01 1.637056e+00 5.899725e-01
2700060 2.496311e-01 1.188843e+00 5.044976e-01
3000003 2.496311e-01 4.416320e-01 4.200370e-01
1350 2.507014e-01 6.186020e+08 1.174194e+06
301184 2.507014e-01 1.246591e+01 4.031212e+00
600534 2.507014e-01 6.729285e+00 2.076002e+00
900256 2.507014e-01 5.343159e+00 1.838703e+00
1200504 2.507014e-01 4.261736e+00 1.279591e+00
1500029 2.507014e-01 3.420599e+00 9.436781e-01
1800539 2.507014e-01 2.756952e+00 8.676722e-01
2100078 2.507014e-01 2.192374e+00 7.679445e-01
2400178 2.507014e-01 1.677997e+00 7.129246e-01
2700092 2.507014e-01 1.217289e+00 5.311148e-01
2999693 2.508872e-01 4.248285e-01 3.325673e-01
1350 2.501181e-01 5.459621e+08 1.109113e+06
301184 2.501181e-01 1.221255e+01 4.651216e+00
600534 2.501181e-01 6.556685e+00 2.106477e+00
900256 2.501181e-01 5.250168e+00 1.361164e+00
1200504 2.501181e-01 4.158677e+00 7.369624e-01
1500029 2.501181e-01 3.353791e+00 6.902224e-01
1800539 2.501181e-01 2.685166e+00 6.056752e-01
2100078 2.501181e-01 2.129431e+00 5.709712e-01
2400178 2.501181e-01 1.681052e+00 5.693534e-01
2700023 2.501181e-01 1.229044e+00 3.833140e-01
3000003 2.501181e-01 5.037100e-01 3.833140e-01
1350 2.517018e-01 6.108174e+08 9.072749e+05
301184 2.517018e-01 1.157318e+01 2.941713e+00
600534 2.517018e-01 6.662853e+00 2.038619e+00
900256 2.517018e-01 5.304965e+00 1.644236e+00
1200504 2.517018e-01 4.255423e+00 8.885300e-01
1500029 2.517018e-01 3.421720e+00 7.827543e-01
1800539 2.517018e-01 2.720547e+00 6.920534e-01
2100078 2.517018e-01 2.124654e+00 6.680174e-01
2400178 2.517018e-01 1.630649e+00 6.466554e-01
2700041 2.517018e-01 1.182308e+00 4.966534e-01
3000001 2.517018e-01 4.412015e-01 3.880034e-01
1350 2.491333e-01 5.377097e+08 3.522370e+05
301184 2.491333e-01 1.167417e+01 3.519385e+00
600534 2.491333e-01 6.446488e+00 2.003297e+00
900256 2.491333e-01 5.139261e+00 1.491136e+00
1200504 2.491333e-01 4.130934e+00 1.008062e+00
1500029 2.491333e-01 3.304496e+00 8.151565e-01
1800539 2.491333e-01 2.664182e+00 6.816159e-01
2100078 2.491333e-01 2.111721e+00 5.984217e-01
2400178 2.491333e-01 1.640081e+00 5.523208e-01
2700076 2.491333e-01 1.172571e+00 4.185476e-01
3000002 2.491333e-01 4.288493e-01 3.853614e-01
1350 2.489672e-01 5.841411e+08 1.410109e+05
301184 2.489672e-01 1.149387e+01 3.048752e+00
600534 2.489672e-01 6.534705e+00 2.360646e+00
900256 2.489672e-01 5.254239e+00 2.238059e+00
1200504 2.489672e-01 4.255212e+00 1.226181e+00
1500029 2.489672e-01 3.434052e+00 8.421130e-01
1800539 2.489672e-01 2.768273e+00 7.463038e-01
2100078 2.489672e-01 2.220216e+00 7.111618e-01
2400178 2.489672e-01 1.736817e+00 6.244274e-01
2700081 2.489672e-01 1.280805e+00 5.861037e-01
3000005 2.489672e-01 6.428142e-01 5.861037e-01
1350 2.511932e-01 6.040694e+08 2.779077e+05
301184 2.511932e-01 1.192217e+01 3.765086e+00
600534 2.511932e-01 6.526235e+00 2.154511e+00
900256 2.511932e-01 5.293332e+00 1.864981e+00
1200504 2.511932e-01 4.235718e+00 1.158245e+00
1500029 2.511932e-01 3.370962e+00 1.039826e+00
1800539 2.511932e-01 2.686600e+00 8.385962e-01
2100078 2.511932e-01 2.107121e+00 5.651539e-01
2400178 2.511932e-01 1.616084e+00 5.132159e-01
2700044 2.511932e-01 1.158936e+00 4.269543e-01
3000004 2.511932e-01 4.289289e-01 3.674689e-01
1350 2.485633e-01 5.444339e+08 4.857595e+05
301184 2.485633e-01 1.200914e+01 3.603329e+00
600534 2.485633e-01 6.601483e+00 2.535209e+00
900256 2.485633e-01 5.250399e+00 1.560107e+00
1200504 2.485633e-01 4.213486e+00 1.241352e+00
1500029 2.485633e-01 3.389872e+00 1.027851e+00
1800539 2.485633e-01 2.689526e+00 7.731679e-01
2100078 2.485633e-01 2.121622e+00 6.773961e-01
2400178 2.485633e-01 1.647814e+00 5.857299e-01
2700133 2.485633e-01 1.178651e+00 4.799634e-01
3000005 2.485633e-01 4.285290e-01 2.180887e-01
1350 2.501132e-01 5.346879e+08 2.814114e+05
301184 2.501132e-01 1.209475e+01 3.476475e+00
600534 2.501132e-01 6.612619e+00 1.695390e+00
900256 2.501132e-01 5.303453e+00 1.570135e+00
1200504 2.501132e-01 4.269859e+00 1.236551e+00
1500029 2.501132e-01 3.429612e+00 8.728384e-01
1800539 2.501132e-01 2.759734e+00 7.902822e-01
2100078 2.501132e-01 2.181584e+00 7.472482e-01
2400178 2.501132e-01 1.673345e+00 6.719398e-01
2700094 2.501132e-01 1.187133e+00 5.545592e-01
3000005 2.501132e-01 4.153961e-01 3.758353e-01
1350 2.517194e-01 5.853447e+08 7.468114e+05
301184 2.517194e-01 1.181433e+01 4.048795e+00
600534 2.517194e-01 6.620784e+00 2.201851e+00
900256 2.517194e-01 5.275745e+00 1.827879e+00
1200504 2.517194e-01 4.208836e+00 1.139900e+00
1500029 2.517194e-01 3.347444e+00 9.445150e-01
1800539 2.517194e-01 2.676536e+00 7.917307e-01
2100078 2.517194e-01 2.121911e+00 7.289358e-01
2400178 2.517194e-01 1.633269e+00 6.721916e-01
2700111 2.517194e-01 1.155442e+00 4.372968e-01
3000002 2.517194e-01 4.992273e-01 4.372968e-01
1350 2.508205e-01 5.901189e+08 6.444265e+05
301184 2.508205e-01 1.175161e+01 4.396981e+00
600534 2.508205e-01 6.403829e+00 2.029154e+00
900256 2.508205e-01 5.210726e+00 1.824616e+00
1200504 2.508205e-01 4.159909e+00 1.436497e+00
1500029 2.508205e-01 3.363494e+00 1.093755e+00
1800539 2.508205e-01 2.717406e+00 6.054906e-01
2100078 2.508205e-01 2.116120e+00 5.132323e-01
2400178 2.508205e-01 1.637091e+00 4.651300e-01
2700039 2.508205e-01 1.158204e+00 4.316117e-01
3000005 2.508205e-01 4.507981e-01 4.018033e-01
1350 2.505376e-01 5.763995e+08 1.439782e+05
301184 2.505376e-01 1.166410e+01 3.300925e+00
600534 2.505376e-01 6.547394e+00 1.946191e+00
900256 2.505376e-01 5.254891e+00 1.622935e+00
1200504 2.505376e-01 4.186041e+00 7.591580e-01
1500029 2.505376e-01 3.348293e+00 6.483113e-01
1800539 2.505376e-01 2.686002e+00 6.197384e-01
2100078 2.505376e-01 2.124927e+00 5.667822e-01
2400178 2.505376e-01 1.639811e+00 5.448802e-01
2700085 2.505376e-01 1.185846e+00 3.076454e-01
3000003 2.505376e-01 4.108897e-01 3.076454e-01
1350 2.500961e-01 5.231411e+08 6.140425e+05
301184 2.500961e-01 1.219689e+01 4.606366e+00
600534 2.500961e-01 6.755514e+00 2.119389e+00
900256 2.500961e-01 5.376310e+00 1.495126e+00
1200504 2.500961e-01 4.305813e+00 1.214024e+00
1500029 2.500961e-01 3.428094e+00 9.122407e-01
1800539 2.500961e-01 2.727172e+00 7.339788e-01
2100078 2.500961e-01 2.136916e+00 6.275410e-01
2400178 2.500961e-01 1.636855e+00 5.946643e-01
2700081 2.500961e-01 1.167858e+00 5.288430e-01
3000004 2.500961e-01 5.751002e-01 5.288430e-01
1350 2.483818e-01 5.603444e+08 2.320820e+05
301184 2.483818e-01 1.137793e+01 3.865410e+00
600534 2.483818e-01 6.367661e+00 2.056926e+00
900256 2.483818e-01 5.062832e+00 1.590821e+00
1200504 2.483818e-01 4.004099e+00 1.354056e+00
1500029 2.483818e-01 3.210556e+00 1.123036e+00
1800539 2.483818e-01 2.581743e+00 6.412990e-01
2100078 2.483818e-01 2.043041e+00 5.233236e-01
2400178 2.483818e-01 1.578171e+00 5.074234e-01
2700047 2.483818e-01 1.177317e+00 3.845507e-01
3000003 2.483818e-01 4.375883e-01 3.556398e-01
1350 2.482733e-01 6.038670e+08 9.813447e+05
301184 2.482733e-01 1.212500e+01 3.075753e+00
600534 2.482733e-01 6.511016e+00 1.975985e+00
900256 2.482733e-01 5.194679e+00 1.427831e+00
1200504 2.482733e-01 4.167465e+00 1.416588e+00
1500029 2.482733e-01 3.329084e+00 6.750286e-01
1800539 2.482733e-01 2.641907e+00 5.483612e-01
2100078 2.482733e-01 2.083751e+00 4.143226e-01
2400178 2.482733e-01 1.613531e+00 3.960377e-01
2700052 2.482733e-01 1.184220e+00 3.268983e-01
3000002 2.482733e-01 4.323997e-01 3.268983e-01
1350 2.495577e-01 5.974625e+08 5.692059e+05
301184 2.495577e-01 1.166496e+01 3.911112e+00
600534 2.495577e-01 6.487359e+00 1.735345e+00
900256 2.495577e-01 5.181168e+00 1.545789e+00
1200504 2.495577e-01 4.201651e+00 1.290681e+00
1500029 2.495577e-01 3.370019e+00 1.048509e+00
1800539 2.495577e-01 2.707673e+00 6.343352e-01
2100078 2.495577e-01 2.148438e+00 5.319894e-01
2400178 2.495577e-01 1.683287e+00 4.864101e-01
2700085 2.495577e-01 1.234690e+00 3.052400e-01
3000005 2.495577e-01 4.442275e-01 3.052400e-01
1350 2.488993e-01 5.719974e+08 5.053585e+05
301184 2.488993e-01 1.147264e+01 4.374566e+00
600534 2.488993e-01 6.432882e+00 2.245205e+00
900256 2.488993e-01 5.280676e+00 1.545013e+00
1200504 2.488993e-01 4.151481e+00 1.283742e+00
1500029 2.488993e-01 3.343854e+00 8.281232e-01
1800539 2.488993e-01 2.691450e+00 7.255900e-01
2100078 2.488993e-01 2.115298e+00 6.278535e-01
2400178 2.488993e-01 1.645047e+00 5.937262e-01
2700112 2.488993e-01 1.165443e+00 4.922107e-01
3000002 2.488993e-01 4.872261e-01 4.448435e-01
1350 2.490368e-01 5.923152e+08 1.038123e+06
301184 2.490368e-01 1.273122e+01 4.661430e+00
600534 2.490368e-01 6.478270e+00 2.061403e+00
900256 2.490368e-01 5.166814e+00 1.149044e+00
1200504 2.490368e-01 4.140565e+00 1.098943e+00
1500029 2.490368e-01 3.356963e+00 1.037446e+00
1800539 2.490368e-01 2.683618e+00 7.936491e-01
2100078 2.490368e-01 2.111346e+00 7.849062e-01
2400178 2.490368e-01 1.636657e+00 7.329964e-01
2700042 2.490368e-01 1.182584e+00 3.789871e-01
3000002 2.490368e-01 2.373883e-01 2.269141e-01
1350 2.496526e-01 5.578492e+08 4.222903e+04
301184 2.496526e-01 1.209992e+01 4.324093e+00
600534 2.496526e-01 6.603167e+00 2.013611e+00
900256 2.496526e-01 5.258120e+00 1.602073e+00
1200504 2.496526e-01 4.186162e+00 1.327811e+00
1500029 2.496526e-01 3.359058e+00 1.083797e+00
1800539 2.496526e-01 2.662673e+00 1.027177e+00
2100078 2.496526e-01 2.118556e+00 9.581091e-01
2400178 2.496526e-01 1.659335e+00 7.488510e-01
2700070 2.496526e-01 1.215085e+00 5.373364e-01
3000004 2.496526e-01 5.616970e-01 5.121115e-01
1350 2.502708e-01 5.801717e+08 6.372335e+05
301184 2.502708e-01 1.172210e+01 4.298588e+00
600534 2.502708e-01 6.521356e+00 1.548595e+00
900256 2.502708e-01 5.260583e+00 1.362696e+00
1200504 2.502708e-01 4.200890e+00 1.272760e+00
1500029 2.502708e-01 3.390519e+00 8.980379e-01
1800539 2.502708e-01 2.739518e+00 8.555208e-01
2100078 2.502708e-01 2.162125e+00 7.000813e-01
2400178 2.502708e-01 1.673001e+00 5.675957e-01
2700054 2.502708e-01 1.201346e+00 3.850022e-01
3000005 2.502708e-01 5.107104e-01 3.554123e-01
1350 2.497022e-01 5.838327e+08 7.127223e+05
301184 2.497022e-01 1.180380e+01 4.629419e+00
600534 2.497022e-01 6.483580e+00 2.060413e+00
900256 2.497022e-01 5.249789e+00 1.747470e+00
1200504 2.497022e-01 4.160785e+00 9.388854e-01
1500029 2.497022e-01 3.328678e+00 8.054952e-01
1800539 2.497022e-01 2.671148e+00 7.285405e-01
2100078 2.497022e-01 2.114465e+00 6.808687e-01
2400178 2.497022e-01 1.628240e+00 4.907418e-01
2700126 2.497022e-01 1.179346e+00 3.516697e-01
3000002 2.497022e-01 4.825907e-01 3.516697e-01
1350 2.499288e-01 6.023012e+08 2.013719e+05
301184 2.499288e-01 1.193664e+01 3.760400e+00
600534 2.499288e-01 6.586584e+00 1.672497e+00
900256 2.499288e-01 5.256488e+00 1.295048e+00
1200504 2.499288e-01 4.214092e+00 8.544679e-01
1500029 2.499288e-01 3.414529e+00 7.546585e-01
1800539 2.499288e-01 2.751710e+00 6.200554e-01
2100078 2.499288e-01 2.193234e+00 5.772731e-01
2400178 2.499288e-01 1.704717e+00 4.167198e-01
2700131 2.499288e-01 1.232243e+00 2.765182e-01
3000005 2.499288e-01 2.978260e-01 1.578561e-01
1350 2.501657e-01 5.817527e+08 4.480682e+04
301184 2.501657e-01 1.242012e+01 3.906485e+00
600534 2.501657e-01 6.629982e+00 2.240021e+00
900256 2.501657e-01 5.295052e+00 1.679780e+00
1200504 2.501657e-01 4.251325e+00 1.388066e+00
1500029 2.501657e-01 3.396012e+00 1.254873e+00
1800539 2.501657e-01 2.703586e+00 7.927849e-01
2100078 2.501657e-01 2.122732e+00 6.917199e-01
2400178 2.501657e-01 1.634882e+00 5.916341e-01
2700080 2.501657e-01 1.183132e+00 5.058353e-01
3000001 2.501657e-01 4.346503e-01 4.340459e-01
1350 2.514127e-01 6.137223e+08 6.263649e+05
301184 2.514127e-01 1.175657e+01 4.686696e+00
600534 2.514127e-01 6.541911e+00 2.070397e+00
900256 2.514127e-01 5.341794e+00 1.689843e+00
1200504 2.514127e-01 4.290396e+00 8.402133e-01
1500029 2.514127e-01 3.411210e+00 7.787601e-01
1800539 2.514127e-01 2.741919e+00 7.334231e-01
2100078 2.514127e-01 2.160705e+00 6.688987e-01
2400178 2.514127e-01 1.678482e+00 6.635352e-01
2700135 2.514127e-01 1.218486e+00 5.301826e-01
3000000 2.514127e-01 4.686762e-01 2.776100e-01
1350 2.488899e-01 5.137661e+08 5.215129e+05
301184 2.488899e-01 1.159178e+01 4.039273e+00
600534 2.488899e-01 6.351732e+00 2.283848e+00
900256 2.488899e-01 5.060092e+00 1.618906e+00
1200504 2.488899e-01 4.046103e+00 1.336220e+00
1500029 2.488899e-01 3.261648e+00 8.131027e-01
1800539 2.488899e-01 2.631973e+00 6.779463e-01
2100078 2.488899e-01 2.114030e+00 5.878907e-01
2400178 2.488899e-01 1.653203e+00 5.367884e-01
2700021 2.488899e-01 1.192517e+00 3.798500e-01
3000002 2.488899e-01 4.448590e-01 3.798500e-01
1350 2.507241e-01 6.022042e+08 4.509518e+04
301184 2.507241e-01 1.142009e+01 3.308692e+00
600534 2.507241e-01 6.428198e+00 1.564253e+00
900256 2.507241e-01 5.206061e+00 1.564253e+00
1200504 2.507241e-01 4.133283e+00 1.200709e+00
1500029 2.507241e-01 3.309019e+00 9.124773e-01
1800539 2.507241e-01 2.671060e+00 7.631863e-01
2100078 2.507241e-01 2.132376e+00 7.293572e-01
2400178 2.507241e-01 1.671310e+00 6.905350e-01
2700046 2.507241e-01 1.222946e+00 5.493193e-01
3000001 2.507241e-01 5.301058e-01 4.631392e-01
1350 2.500212e-01 5.737260e+08 5.383199e+05
301184 2.500212e-01 1.176792e+01 3.554652e+00
600534 2.500212e-01 6.737129e+00 2.226413e+00
900256 2.500212e-01 5.396523e+00 1.487883e+00
1200504 2.500212e-01 4.367680e+00 1.263740e+00
1500029 2.500212e-01 3.525318e+00 9.714193e-01
1800539 2.500212e-01 2.828556e+00 8.130653e-01
2100078 2.500212e-01 2.202192e+00 7.627254e-01
2400178 2.500212e-01 1.673283e+00 6.590592e-01
2700126 2.500212e-01 1.214863e+00 5.826417e-01
3000002 2.500212e-01 5.163281e-01 3.181680e-01
1350 2.508352e-01 5.650843e+08 5.394295e+05
301184 2.508352e-01 1.185163e+01 3.040107e+00
600534 2.508352e-01 6.602468e+00 1.810999e+00
900256 2.508352e-01 5.241338e+00 1.327498e+00
1200504 2.508352e-01 4.186967e+00 1.134361e+00
1500029 2.508352e-01 3.358037e+00 1.022436e+00
1800539 2.508352e-01 2.697092e+00 9.142580e-01
2100078 2.508352e-01 2.156455e+00 7.169498e-01
2400178 2.508352e-01 1.673178e+00 6.720774e-01
2700039 2.508352e-01 1.229019e+00 2.780338e-01
3000003 2.508352e-01 4.837810e-01 2.780338e-01
1350 2.499370e-01 5.356612e+08 9.100066e+05
301184 2.499370e-01 1.178366e+01 3.666023e+00
600534 2.499370e-01 6.551319e+00 2.160265e+00
900256 2.499370e-01 5.270779e+00 1.564758e+00
1200504 2.499370e-01 4.240866e+00 1.199037e+00
1500029 2.499370e-01 3.434388e+00 9.489976e-01
1800539 2.499370e-01 2.771456e+00 8.585572e-01
2100078 2.499370e-01 2.199958e+00 7.331811e-01
2400178 2.499370e-01 1.707631e+00 7.003048e-01
2700012 2.499370e-01 1.217729e+00 5.495254e-01
3000001 2.499370e-01 5.365943e-01 4.249048e-01
1350 2.505661e-01 5.632010e+08 1.065213e+06
301184 2.505661e-01 1.145655e+01 3.861347e+00
600534 2.505661e-01 6.506970e+00 2.013866e+00
900256 2.505661e-01 5.193847e+00 1.659958e+00
1200504 2.505661e-01 4.154681e+00 9.563927e-01
1500029 2.505661e-01 3.345069e+00 7.201747e-01
1800539 2.505661e-01 2.678114e+00 6.700079e-01
2100078 2.505661e-01 2.147450e+00 6.536088e-01
2400178 2.505661e-01 1.673822e+00 6.372125e-01
2700114 2.505661e-01 1.230129e+00 4.025405e-01
3000005 2.505661e-01 5.428448e-01 4.025405e-01
3.72e-01 (9.17e-02): 
4.200370e-01 3.325673e-01 3.833140e-01 3.880034e-01 3.853614e-01 5.861037e-01 3.674689e-01 2.180887e-01 3.758353e-01 4.372968e-01 4.018033e-01 3.076454e-01 5.288430e-01 3.556398e-01 3.268983e-01 3.052400e-01 4.448435e-01 2.269141e-01 5.121115e-01 3.554123e-01 3.516697e-01 1.578561e-01 4.340459e-01 2.776100e-01 3.798500e-01 4.631392e-01 3.181680e-01 2.780338e-01 4.249048e-01 4.025405e-01 1350 2.496311e-01 5.442669e+08 2.079879e+05
301184 2.496311e-01 1.016850e+01 3.397851e+00
600534 2.496311e-01 6.104196e+00 1.657331e+00
900256 2.496311e-01 4.810430e+00 1.211532e+00
1200504 2.496311e-01 3.780892e+00 1.058542e+00
1500029 2.496311e-01 2.995232e+00 9.578126e-01
1800539 2.496311e-01 2.324093e+00 6.142633e-01
2100078 2.496311e-01 1.798198e+00 5.724309e-01
2400178 2.496311e-01 1.354110e+00 4.181015e-01
2700063 2.496311e-01 9.610381e-01 3.423808e-01
3000003 2.496311e-01 3.610117e-01 3.423808e-01
1350 2.507014e-01 6.186020e+08 1.174194e+06
301184 2.507014e-01 1.001002e+01 3.329472e+00
600534 2.507014e-01 5.994104e+00 1.454701e+00
900256 2.507014e-01 4.822727e+00 1.092670e+00
1200504 2.507014e-01 3.786579e+00 9.405486e-01
1500029 2.507014e-01 3.003410e+00 7.067651e-01
1800539 2.507014e-01 2.391293e+00 4.683497e-01
2100078 2.507014e-01 1.852660e+00 3.908290e-01
2400178 2.507014e-01 1.407578e+00 3.035085e-01
2700057 2.507014e-01 1.015729e+00 2.270449e-01
3000001 2.507014e-01 3.240186e-01 2.270448e-01
1350 2.501181e-01 5.459621e+08 1.109113e+06
301184 2.501181e-01 9.726599e+00 1.827414e+00
600534 2.501181e-01 5.997472e+00 1.802300e+00
900256 2.501181e-01 4.754130e+00 1.241929e+00
1200504 2.501181e-01 3.737775e+00 9.175400e-01
1500029 2.501181e-01 2.961973e+00 5.118330e-01
1800539 2.501181e-01 2.342435e+00 4.514403e-01
2100078 2.501181e-01 1.813637e+00 4.190687e-01
2400178 2.501181e-01 1.363854e+00 3.976785e-01
2700030 2.501181e-01 9.630257e-01 2.687359e-01
3000000 2.501181e-01 2.762768e-01 2.687359e-01
1350 2.517018e-01 6.108174e+08 9.072749e+05
301184 2.517018e-01 9.348801e+00 2.579695e+00
600534 2.517018e-01 5.873457e+00 1.841176e+00
900256 2.517018e-01 4.610619e+00 1.205479e+00
1200504 2.517018e-01 3.660149e+00 8.609094e-01
1500029 2.517018e-01 2.898485e+00 6.784494e-01
1800539 2.517018e-01 2.297778e+00 4.590786e-01
2100078 2.517018e-01 1.811843e+00 4.204033e-01
2400178 2.517018e-01 1.390478e+00 3.309341e-01
2700028 2.517018e-01 9.723613e-01 2.994475e-01
3000003 2.517018e-01 1.319159e-01 1.285925e-01
1350 2.491333e-01 5.377097e+08 3.522370e+05
301184 2.491333e-01 9.351115e+00 3.164995e+00
600534 2.491333e-01 5.818589e+00 1.714824e+00
900256 2.491333e-01 4.550025e+00 1.220950e+00
1200504 2.491333e-01 3.576929e+00 8.257140e-01
1500029 2.491333e-01 2.866810e+00 7.298401e-01
1800539 2.491333e-01 2.304254e+00 5.853701e-01
2100078 2.491333e-01 1.817785e+00 5.843290e-01
2400178 2.491333e-01 1.398271e+00 5.241056e-01
2700108 2.491333e-01 9.843215e-01 3.730921e-01
3000001 2.491333e-01 3.312599e-01 2.928461e-01
1350 2.489672e-01 5.841411e+08 1.410109e+05
301184 2.489672e-01 9.328014e+00 3.465404e+00
600534 2.489672e-01 5.934463e+00 1.765062e+00
900256 2.489672e-01 4.705854e+00 1.529753e+00
1200504 2.489672e-01 3.725787e+00 1.222655e+00
1500029 2.489672e-01 2.945906e+00 7.995645e-01
1800539 2.489672e-01 2.302003e+00 7.321554e-01
2100078 2.489672e-01 1.796294e+00 6.906195e-01
2400178 2.489672e-01 1.385879e+00 6.604851e-01
2700003 2.489672e-01 1.009519e+00 5.143804e-01
3000004 2.489672e-01 4.215218e-01 3.570583e-01
1350 2.511932e-01 6.040694e+08 2.779077e+05
301184 2.511932e-01 9.594562e+00 2.888258e+00
600534 2.511932e-01 5.838433e+00 1.853277e+00
900256 2.511932e-01 4.633731e+00 1.167266e+00
1200504 2.511932e-01 3.664826e+00 1.002776e+00
1500029 2.511932e-01 2.932967e+00 7.314872e-01
1800539 2.511932e-01 2.357853e+00 7.023598e-01
2100078 2.511932e-01 1.829932e+00 6.825782e-01
2400178 2.511932e-01 1.373960e+00 3.920030e-01
2700105 2.511932e-01 9.778647e-01 3.142845e-01
3000004 2.511932e-01 4.061713e-01 3.142845e-01
1350 2.485633e-01 5.444339e+08 4.857595e+05
301184 2.485633e-01 9.618273e+00 2.731284e+00
600534 2.485633e-01 5.872828e+00 1.474701e+00
900256 2.485633e-01 4.635382e+00 1.152941e+00
1200504 2.485633e-01 3.626028e+00 9.415781e-01
1500029 2.485633e-01 2.868252e+00 5.607413e-01
1800539 2.485633e-01 2.293028e+00 4.632536e-01
2100078 2.485633e-01 1.807818e+00 4.460578e-01
2400178 2.485633e-01 1.390269e+00 3.706691e-01
2700088 2.485633e-01 9.783632e-01 2.499713e-01
3000004 2.485633e-01 2.210402e-01 1.505635e-01
1350 2.501132e-01 5.346879e+08 2.814114e+05
301184 2.501132e-01 9.792233e+00 2.637079e+00
600534 2.501132e-01 5.783620e+00 1.646299e+00
900256 2.501132e-01 4.573120e+00 8.708494e-01
1200504 2.501132e-01 3.614955e+00 8.396356e-01
1500029 2.501132e-01 2.876024e+00 7.649807e-01
1800539 2.501132e-01 2.306612e+00 6.651685e-01
2100078 2.501132e-01 1.829706e+00 5.620369e-01
2400178 2.501132e-01 1.417604e+00 5.518460e-01
2700076 2.501132e-01 1.010643e+00 3.654924e-01
3000000 2.501132e-01 3.240670e-01 2.964064e-01
1350 2.517194e-01 5.853447e+08 7.468114e+05
301184 2.517194e-01 9.511334e+00 2.754325e+00
600534 2.517194e-01 5.738485e+00 1.683593e+00
900256 2.517194e-01 4.588575e+00 1.582102e+00
1200504 2.517194e-01 3.630058e+00 1.084793e+00
1500029 2.517194e-01 2.891991e+00 9.633035e-01
1800539 2.517194e-01 2.286161e+00 8.364492e-01
2100078 2.517194e-01 1.774900e+00 6.571712e-01
2400178 2.517194e-01 1.363901e+00 6.161193e-01
2700033 2.517194e-01 9.904295e-01 4.659690e-01
3000002 2.517194e-01 3.010730e-01 1.589310e-01
1350 2.508205e-01 5.901189e+08 6.444265e+05
301184 2.508205e-01 9.434598e+00 3.693704e+00
600534 2.508205e-01 5.951675e+00 1.842019e+00
900256 2.508205e-01 4.787739e+00 1.264624e+00
1200504 2.508205e-01 3.816465e+00 1.032110e+00
1500029 2.508205e-01 3.020012e+00 7.735720e-01
1800539 2.508205e-01 2.395977e+00 6.863533e-01
2100078 2.508205e-01 1.846810e+00 3.951905e-01
2400178 2.508205e-01 1.373804e+00 2.945897e-01
2700121 2.508205e-01 9.449817e-01 1.480989e-01
3000003 2.508205e-01 2.332724e-01 1.480989e-01
1350 2.505376e-01 5.763995e+08 1.439782e+05
301184 2.505376e-01 9.812251e+00 2.980874e+00
600534 2.505376e-01 5.798618e+00 1.647196e+00
900256 2.505376e-01 4.551712e+00 1.231298e+00
1200504 2.505376e-01 3.586765e+00 9.129240e-01
1500029 2.505376e-01 2.869426e+00 8.129142e-01
1800539 2.505376e-01 2.283541e+00 6.837650e-01
2100078 2.505376e-01 1.776608e+00 6.462361e-01
2400178 2.505376e-01 1.362018e+00 5.936168e-01
2700055 2.505376e-01 9.928549e-01 4.975136e-01
3000004 2.505376e-01 4.425893e-01 4.421389e-01
1350 2.500961e-01 5.231411e+08 6.140425e+05
301184 2.500961e-01 9.704934e+00 3.660800e+00
600534 2.500961e-01 6.059782e+00 2.209151e+00
900256 2.500961e-01 4.780384e+00 1.685382e+00
1200504 2.500961e-01 3.813829e+00 1.005861e+00
1500029 2.500961e-01 3.048623e+00 8.641329e-01
1800539 2.500961e-01 2.422231e+00 6.356257e-01
2100078 2.500961e-01 1.887257e+00 4.419960e-01
2400178 2.500961e-01 1.445231e+00 4.233359e-01
2700125 2.500961e-01 9.888650e-01 3.378166e-01
3000000 2.500961e-01 3.616376e-01 3.378166e-01
1350 2.483818e-01 5.603444e+08 2.320820e+05
301184 2.483818e-01 9.453036e+00 2.536492e+00
600534 2.483818e-01 5.813397e+00 2.012174e+00
900256 2.483818e-01 4.546359e+00 1.509238e+00
1200504 2.483818e-01 3.570512e+00 9.007097e-01
1500029 2.483818e-01 2.814923e+00 7.351058e-01
1800539 2.483818e-01 2.246594e+00 4.427515e-01
2100078 2.483818e-01 1.731166e+00 3.753404e-01
2400178 2.483818e-01 1.331978e+00 3.603941e-01
2700043 2.483818e-01 9.127921e-01 2.349384e-01
3000003 2.483818e-01 2.139011e-01 1.185881e-01
1350 2.482733e-01 6.038670e+08 9.813447e+05
301184 2.482733e-01 9.635752e+00 2.613533e+00
600534 2.482733e-01 5.919320e+00 1.500491e+00
900256 2.482733e-01 4.739313e+00 1.165462e+00
1200504 2.482733e-01 3.726828e+00 9.895164e-01
1500029 2.482733e-01 2.940119e+00 9.204144e-01
1800539 2.482733e-01 2.332069e+00 7.808012e-01
2100078 2.482733e-01 1.829821e+00 7.257357e-01
2400178 2.482733e-01 1.367620e+00 6.853508e-01
2700110 2.482733e-01 9.515379e-01 3.686984e-01
3000005 2.482733e-01 3.595493e-01 2.468539e-01
1350 2.495577e-01 5.974625e+08 5.692059e+05
301184 2.495577e-01 9.748848e+00 3.322465e+00
600534 2.495577e-01 5.912393e+00 1.691193e+00
900256 2.495577e-01 4.614823e+00 1.560418e+00
1200504 2.495577e-01 3.614448e+00 7.725978e-01
1500029 2.495577e-01 2.867221e+00 5.880925e-01
1800539 2.495577e-01 2.265339e+00 4.136391e-01
2100078 2.495577e-01 1.779225e+00 3.593997e-01
2400178 2.495577e-01 1.356204e+00 3.477324e-01
2700036 2.495577e-01 9.521870e-01 1.993931e-01
3000004 2.495577e-01 1.885027e-01 1.381364e-01
1350 2.488993e-01 5.719974e+08 5.053585e+05
301184 2.488993e-01 9.910498e+00 3.757578e+00
600534 2.488993e-01 5.897226e+00 1.835092e+00
900256 2.488993e-01 4.580710e+00 9.956321e-01
1200504 2.488993e-01 3.621297e+00 8.008363e-01
1500029 2.488993e-01 2.908783e+00 5.971575e-01
1800539 2.488993e-01 2.295774e+00 4.868054e-01
2100078 2.488993e-01 1.775976e+00 4.290195e-01
2400178 2.488993e-01 1.343777e+00 3.836382e-01
2700022 2.488993e-01 9.556973e-01 2.275461e-01
3000002 2.488993e-01 2.177838e-01 1.584305e-01
1350 2.490368e-01 5.923152e+08 1.038123e+06
301184 2.490368e-01 9.844355e+00 2.431660e+00
600534 2.490368e-01 5.871806e+00 1.809630e+00
900256 2.490368e-01 4.666210e+00 1.588528e+00
1200504 2.490368e-01 3.647168e+00 9.965930e-01
1500029 2.490368e-01 2.888254e+00 5.726126e-01
1800539 2.490368e-01 2.282161e+00 3.971048e-01
2100078 2.490368e-01 1.768582e+00 2.556366e-01
2400178 2.490368e-01 1.345622e+00 2.297507e-01
2700112 2.490368e-01 9.472141e-01 1.874800e-01
3000005 2.490368e-01 2.571193e-01 1.578616e-01
1350 2.496526e-01 5.578492e+08 4.222903e+04
301184 2.496526e-01 9.473973e+00 3.653003e+00
600534 2.496526e-01 5.965972e+00 1.922245e+00
900256 2.496526e-01 4.771365e+00 1.060200e+00
1200504 2.496526e-01 3.784827e+00 7.345417e-01
1500029 2.496526e-01 2.954706e+00 5.802449e-01
1800539 2.496526e-01 2.329212e+00 5.675635e-01
2100078 2.496526e-01 1.802788e+00 4.926750e-01
2400178 2.496526e-01 1.360241e+00 4.260172e-01
2700026 2.496526e-01 9.170528e-01 3.518523e-01
3000003 2.496526e-01 2.764621e-01 2.581072e-01
1350 2.502708e-01 5.801717e+08 6.372335e+05
301184 2.502708e-01 9.697095e+00 3.343498e+00
600534 2.502708e-01 5.905851e+00 1.876593e+00
900256 2.502708e-01 4.682573e+00 1.552268e+00
1200504 2.502708e-01 3.699462e+00 9.809854e-01
1500029 2.502708e-01 2.947952e+00 7.292359e-01
1800539 2.502708e-01 2.311324e+00 5.830659e-01
2100078 2.502708e-01 1.806870e+00 5.346041e-01
2400178 2.502708e-01 1.403634e+00 4.778387e-01
2700127 2.502708e-01 1.006550e+00 4.044614e-01
3000003 2.502708e-01 1.929086e-01 1.282503e-01
1350 2.497022e-01 5.838327e+08 7.127223e+05
301184 2.497022e-01 9.999192e+00 2.914094e+00
600534 2.497022e-01 6.002653e+00 1.596343e+00
900256 2.497022e-01 4.727605e+00 1.189903e+00
1200504 2.497022e-01 3.722402e+00 1.081614e+00
1500029 2.497022e-01 2.935813e+00 8.308838e-01
1800539 2.497022e-01 2.303444e+00 5.760873e-01
2100078 2.497022e-01 1.755997e+00 5.091946e-01
2400178 2.497022e-01 1.328128e+00 4.336622e-01
2700133 2.497022e-01 9.201224e-01 3.180546e-01
3000005 2.497022e-01 3.039952e-01 2.171365e-01
1350 2.499288e-01 6.023012e+08 2.013719e+05
301184 2.499288e-01 1.001273e+01 3.380911e+00
600534 2.499288e-01 5.897091e+00 1.798842e+00
900256 2.499288e-01 4.704901e+00 1.300441e+00
1200504 2.499288e-01 3.742604e+00 8.501392e-01
1500029 2.499288e-01 2.951640e+00 6.993262e-01
1800539 2.499288e-01 2.344840e+00 5.841219e-01
2100078 2.499288e-01 1.824747e+00 5.238029e-01
2400178 2.499288e-01 1.406441e+00 4.840239e-01
2700136 2.499288e-01 1.015088e+00 3.100992e-01
3000005 2.499288e-01 3.594753e-01 3.100992e-01
1350 2.501657e-01 5.817527e+08 4.480682e+04
301184 2.501657e-01 9.746632e+00 2.818466e+00
600534 2.501657e-01 5.901871e+00 1.942301e+00
900256 2.501657e-01 4.638572e+00 1.461548e+00
1200504 2.501657e-01 3.730950e+00 1.155825e+00
1500029 2.501657e-01 2.953715e+00 8.428269e-01
1800539 2.501657e-01 2.332441e+00 8.046740e-01
2100078 2.501657e-01 1.805738e+00 6.021549e-01
2400178 2.501657e-01 1.375837e+00 4.724855e-01
2700011 2.501657e-01 9.820124e-01 3.406205e-01
3000005 2.501657e-01 3.720172e-01 3.082501e-01
1350 2.514127e-01 6.137223e+08 6.263649e+05
301184 2.514127e-01 9.674882e+00 2.478452e+00
600534 2.514127e-01 5.845816e+00 1.471774e+00
900256 2.514127e-01 4.646487e+00 1.321938e+00
1200504 2.514127e-01 3.714257e+00 1.148647e+00
1500029 2.514127e-01 2.943478e+00 8.019408e-01
1800539 2.514127e-01 2.315793e+00 6.021410e-01
2100078 2.514127e-01 1.783046e+00 4.692122e-01
2400178 2.514127e-01 1.342655e+00 4.374212e-01
2700013 2.514127e-01 9.328701e-01 3.683874e-01
3000004 2.514127e-01 3.278728e-01 2.269290e-01
1350 2.488899e-01 5.137661e+08 5.215129e+05
301184 2.488899e-01 9.753980e+00 3.548247e+00
600534 2.488899e-01 5.946652e+00 1.952087e+00
900256 2.488899e-01 4.713890e+00 1.299725e+00
1200504 2.488899e-01 3.718240e+00 1.016604e+00
1500029 2.488899e-01 2.954956e+00 9.579037e-01
1800539 2.488899e-01 2.329296e+00 7.955372e-01
2100078 2.488899e-01 1.829174e+00 6.111930e-01
2400178 2.488899e-01 1.377897e+00 5.161441e-01
2700095 2.488899e-01 9.989487e-01 2.278500e-01
3000004 2.488899e-01 3.487311e-01 2.278500e-01
1350 2.507241e-01 6.022042e+08 4.509518e+04
301184 2.507241e-01 9.504393e+00 2.587781e+00
600534 2.507241e-01 5.894075e+00 2.067250e+00
900256 2.507241e-01 4.766784e+00 1.559492e+00
1200504 2.507241e-01 3.781556e+00 1.066048e+00
1500029 2.507241e-01 3.018407e+00 7.994977e-01
1800539 2.507241e-01 2.387940e+00 7.399483e-01
2100078 2.507241e-01 1.874890e+00 6.518651e-01
2400178 2.507241e-01 1.437915e+00 5.151302e-01
2700003 2.507241e-01 1.036792e+00 3.949684e-01
3000001 2.507241e-01 3.341857e-01 1.974799e-01
1350 2.500212e-01 5.737260e+08 5.383199e+05
301184 2.500212e-01 9.659297e+00 2.945955e+00
600534 2.500212e-01 5.865660e+00 1.970913e+00
900256 2.500212e-01 4.618510e+00 1.450893e+00
1200504 2.500212e-01 3.658993e+00 1.017667e+00
1500029 2.500212e-01 2.870314e+00 7.194131e-01
1800539 2.500212e-01 2.255572e+00 6.957409e-01
2100078 2.500212e-01 1.764035e+00 3.991125e-01
2400178 2.500212e-01 1.344718e+00 2.551638e-01
2700135 2.500212e-01 9.630226e-01 1.778367e-01
3000001 2.500212e-01 1.728276e-01 9.878087e-02
1350 2.508352e-01 5.650843e+08 5.394295e+05
301184 2.508352e-01 9.579489e+00 2.918339e+00
600534 2.508352e-01 5.778156e+00 2.008553e+00
900256 2.508352e-01 4.579880e+00 1.472332e+00
1200504 2.508352e-01 3.634678e+00 1.269566e+00
1500029 2.508352e-01 2.915170e+00 8.759716e-01
1800539 2.508352e-01 2.319746e+00 6.240304e-01
2100078 2.508352e-01 1.820609e+00 5.650947e-01
2400178 2.508352e-01 1.392430e+00 3.031730e-01
2700038 2.508352e-01 1.008995e+00 1.688870e-01
3000004 2.508352e-01 2.601634e-01 1.688870e-01
1350 2.499370e-01 5.356612e+08 9.100066e+05
301184 2.499370e-01 9.694853e+00 3.074646e+00
600534 2.499370e-01 5.889700e+00 2.018357e+00
900256 2.499370e-01 4.715713e+00 1.454534e+00
1200504 2.499370e-01 3.726713e+00 1.128471e+00
1500029 2.499370e-01 2.962508e+00 8.393594e-01
1800539 2.499370e-01 2.351489e+00 7.442064e-01
2100078 2.499370e-01 1.852689e+00 6.456108e-01
2400178 2.499370e-01 1.425349e+00 5.174451e-01
2700013 2.499370e-01 1.048125e+00 3.126568e-01
3000001 2.499370e-01 1.924704e-01 1.924608e-01
1350 2.505661e-01 5.632010e+08 1.065213e+06
301184 2.505661e-01 9.817600e+00 3.453163e+00
600534 2.505661e-01 5.931916e+00 1.905893e+00
900256 2.505661e-01 4.697113e+00 1.458365e+00
1200504 2.505661e-01 3.746574e+00 8.263447e-01
1500029 2.505661e-01 2.972932e+00 7.937645e-01
1800539 2.505661e-01 2.383356e+00 7.456839e-01
2100078 2.505661e-01 1.869391e+00 6.477731e-01
2400178 2.505661e-01 1.432242e+00 6.100869e-01
2700098 2.505661e-01 1.003251e+00 1.490513e-01
3000000 2.505661e-01 2.494210e-01 1.490511e-01
2.26e-01 (8.62e-02): 
3.423808e-01 2.270448e-01 2.687359e-01 1.285925e-01 2.928461e-01 3.570583e-01 3.142845e-01 1.505635e-01 2.964064e-01 1.589310e-01 1.480989e-01 4.421389e-01 3.378166e-01 1.185881e-01 2.468539e-01 1.381364e-01 1.584305e-01 1.578616e-01 2.581072e-01 1.282503e-01 2.171365e-01 3.100992e-01 3.082501e-01 2.269290e-01 2.278500e-01 1.974799e-01 9.878087e-02 1.688870e-01 1.924608e-01 1.490511e-01 1350 2.496311e-01 5.442669e+08 2.079879e+05
300558 2.496311e-01 1.090158e+01 3.127873e+00
600832 2.496311e-01 5.964364e+00 2.092347e+00
900576 2.496311e-01 4.712150e+00 1.498444e+00
1200049 2.496311e-01 3.768512e+00 1.212053e+00
1500342 2.496311e-01 2.992444e+00 8.592652e-01
1800026 2.496311e-01 2.356020e+00 6.415533e-01
2101112 2.496311e-01 1.807021e+00 5.860928e-01
2400077 2.496311e-01 1.394235e+00 4.587310e-01
2700002 2.496311e-01 1.004179e+00 2.473207e-01
3000005 2.496311e-01 2.566232e-01 2.473207e-01
1350 2.507014e-01 6.186020e+08 1.174194e+06
300423 2.507014e-01 1.089926e+01 3.203492e+00
600651 2.507014e-01 5.990690e+00 2.151999e+00
900251 2.507014e-01 4.819258e+00 1.504156e+00
1200667 2.507014e-01 3.778559e+00 1.237723e+00
1500270 2.507014e-01 2.987240e+00 1.004061e+00
1800255 2.507014e-01 2.351157e+00 6.693135e-01
2100380 2.507014e-01 1.853666e+00 5.994475e-01
2400180 2.507014e-01 1.401617e+00 5.770099e-01
2700059 2.507014e-01 9.904340e-01 3.563820e-01
3000001 2.507014e-01 3.196615e-01 2.896172e-01
1350 2.501181e-01 5.459621e+08 1.109113e+06
301361 2.501181e-01 1.081600e+01 3.155177e+00
600062 2.501181e-01 5.976192e+00 1.387737e+00
900694 2.501181e-01 4.752268e+00 1.387737e+00
1200017 2.501181e-01 3.755329e+00 9.852694e-01
1500075 2.501181e-01 3.037264e+00 8.765171e-01
1800114 2.501181e-01 2.409385e+00 3.941405e-01
2100379 2.501181e-01 1.872606e+00 2.599230e-01
2400171 2.501181e-01 1.402715e+00 1.455606e-01
2700135 2.501181e-01 9.761018e-01 1.193981e-01
3000001 2.501181e-01 3.516238e-01 1.193981e-01
1350 2.517018e-01 6.108174e+08 9.072749e+05
300519 2.517018e-01 1.085837e+01 4.082947e+00
600374 2.517018e-01 5.900467e+00 1.963631e+00
900920 2.517018e-01 4.634598e+00 1.612106e+00
1200240 2.517018e-01 3.628037e+00 1.094302e+00
1500576 2.517018e-01 2.862251e+00 6.212343e-01
1800041 2.517018e-01 2.274042e+00 5.179481e-01
2100005 2.517018e-01 1.782845e+00 5.074160e-01
2400029 2.517018e-01 1.365978e+00 5.036593e-01
2700077 2.517018e-01 1.005838e+00 3.847318e-01
3000004 2.517018e-01 3.427370e-01 3.354088e-01
1350 2.491333e-01 5.377097e+08 3.522370e+05
300893 2.491333e-01 1.137711e+01 3.687022e+00
600120 2.491333e-01 5.972486e+00 2.041372e+00
900411 2.491333e-01 4.720365e+00 1.019733e+00
1200365 2.491333e-01 3.747385e+00 9.823808e-01
1500665 2.491333e-01 2.982596e+00 9.040191e-01
1800111 2.491333e-01 2.374732e+00 7.678748e-01
2100220 2.491333e-01 1.834675e+00 3.391299e-01
2400309 2.491333e-01 1.349377e+00 2.527896e-01
2700122 2.491333e-01 9.260281e-01 1.382633e-01
2999996 2.493178e-01 1.127974e-01 7.902713e-02
1350 2.489672e-01 5.841411e+08 1.410109e+05
301134 2.489672e-01 1.063129e+01 3.157568e+00
600693 2.489672e-01 5.977449e+00 1.612206e+00
900734 2.489672e-01 4.697361e+00 1.374338e+00
1200183 2.489672e-01 3.690813e+00 1.106087e+00
1500489 2.489672e-01 2.927864e+00 7.650860e-01
1800446 2.489672e-01 2.292846e+00 6.713059e-01
2100147 2.489672e-01 1.776853e+00 5.987672e-01
2400021 2.489672e-01 1.283937e+00 5.696628e-01
2700114 2.489672e-01 9.065339e-01 4.066785e-01
3000004 2.489672e-01 3.926503e-01 2.590925e-01
1350 2.511932e-01 6.040694e+08 2.779077e+05
301016 2.511932e-01 1.066442e+01 3.669644e+00
600117 2.511932e-01 5.903496e+00 1.891047e+00
900857 2.511932e-01 4.705533e+00 1.352214e+00
1200277 2.511932e-01 3.687530e+00 9.573163e-01
1500610 2.511932e-01 2.934855e+00 9.167496e-01
1800543 2.511932e-01 2.338198e+00 8.196668e-01
2100156 2.511932e-01 1.824293e+00 7.540736e-01
2400230 2.511932e-01 1.376256e+00 5.936213e-01
2700029 2.511932e-01 9.873113e-01 1.578496e-01
3000000 2.511932e-01 2.002568e-01 1.578495e-01
1350 2.485633e-01 5.444339e+08 4.857595e+05
300645 2.485633e-01 1.095814e+01 3.508615e+00
600117 2.485633e-01 5.812994e+00 1.636507e+00
900911 2.485633e-01 4.669185e+00 1.233256e+00
1200461 2.485633e-01 3.649834e+00 1.122299e+00
1500029 2.485633e-01 2.901182e+00 7.983288e-01
1800127 2.485633e-01 2.302942e+00 6.193217e-01
2100222 2.485633e-01 1.824192e+00 5.382481e-01
2400189 2.485633e-01 1.405958e+00 4.839823e-01
2700072 2.485633e-01 9.707880e-01 3.004569e-01
3000001 2.485633e-01 3.576456e-01 3.004569e-01
1350 2.501132e-01 5.346879e+08 2.814114e+05
300273 2.501132e-01 1.124945e+01 3.956960e+00
600611 2.501132e-01 6.078578e+00 2.169456e+00
900914 2.501132e-01 4.795383e+00 1.082470e+00
1200458 2.501132e-01 3.810526e+00 8.521582e-01
1500188 2.501132e-01 3.020252e+00 8.203613e-01
1800002 2.501132e-01 2.364759e+00 7.151134e-01
2100132 2.501132e-01 1.841712e+00 6.444406e-01
2400013 2.501132e-01 1.379732e+00 5.657599e-01
2700111 2.501132e-01 9.489241e-01 2.959761e-01
3000005 2.501132e-01 2.850375e-01 2.663902e-01
1350 2.517194e-01 5.853447e+08 7.468114e+05
300189 2.517194e-01 1.095496e+01 2.659186e+00
600627 2.517194e-01 6.022432e+00 1.591168e+00
900302 2.517194e-01 4.755181e+00 1.394024e+00
1200621 2.517194e-01 3.777824e+00 1.297831e+00
1500265 2.517194e-01 3.006307e+00 9.734297e-01
1800292 2.517194e-01 2.370259e+00 8.155993e-01
2100354 2.517194e-01 1.832293e+00 6.511030e-01
2400080 2.517194e-01 1.356523e+00 4.924929e-01
2700045 2.517194e-01 9.640656e-01 3.573899e-01
3000004 2.517194e-01 3.283240e-01 2.189689e-01
1350 2.508205e-01 5.901189e+08 6.444265e+05
301448 2.508205e-01 1.118814e+01 3.719502e+00
600271 2.508205e-01 5.947232e+00 1.943782e+00
900150 2.508205e-01 4.723834e+00 1.728838e+00
1200460 2.508205e-01 3.712763e+00 9.712000e-01
1500667 2.508205e-01 2.939463e+00 6.032348e-01
1800037 2.508205e-01 2.306758e+00 5.507383e-01
2100842 2.508205e-01 1.795249e+00 5.317066e-01
2400108 2.508205e-01 1.354077e+00 5.279149e-01
2700106 2.508205e-01 9.847201e-01 3.091946e-01
3000005 2.508205e-01 2.349433e-01 1.992808e-01
1350 2.505376e-01 5.763995e+08 1.439782e+05
300220 2.505376e-01 1.201054e+01 3.976591e+00
600880 2.505376e-01 6.144960e+00 1.456536e+00
900286 2.505376e-01 4.852659e+00 1.254176e+00
1200323 2.505376e-01 3.832261e+00 8.642553e-01
1500619 2.505376e-01 3.017365e+00 8.234819e-01
1800033 2.505376e-01 2.374252e+00 7.106465e-01
2100173 2.505376e-01 1.821998e+00 5.092096e-01
2400264 2.505376e-01 1.363302e+00 4.802130e-01
2700002 2.505376e-01 9.522862e-01 3.576301e-01
3000003 2.505376e-01 3.753623e-01 3.576301e-01
1350 2.500961e-01 5.231411e+08 6.140425e+05
300269 2.500961e-01 1.083105e+01 3.840891e+00
600216 2.500961e-01 5.929291e+00 2.005097e+00
900922 2.500961e-01 4.766324e+00 1.648940e+00
1200201 2.500961e-01 3.735772e+00 1.158631e+00
1500509 2.500961e-01 2.991571e+00 6.697573e-01
1800529 2.500961e-01 2.386467e+00 6.108381e-01
2100097 2.500961e-01 1.831719e+00 5.991785e-01
2400036 2.500961e-01 1.410858e+00 5.898911e-01
2700016 2.500961e-01 1.043918e+00 5.515534e-01
3000005 2.500961e-01 4.453691e-01 4.015777e-01
1350 2.483818e-01 5.603444e+08 2.320820e+05
300329 2.483818e-01 1.061346e+01 1.067589e+00
600778 2.483818e-01 6.041354e+00 1.067589e+00
900201 2.483818e-01 4.722944e+00 1.013899e+00
1200454 2.483818e-01 3.742522e+00 1.013899e+00
1500005 2.483818e-01 2.958258e+00 1.008566e+00
1800533 2.483818e-01 2.322902e+00 7.778000e-01
2100184 2.483818e-01 1.792818e+00 4.452402e-01
2400156 2.483818e-01 1.333561e+00 3.323937e-01
2700124 2.483818e-01 9.472601e-01 1.978435e-01
2999950 2.485657e-01 2.585050e-01 1.978434e-01
1350 2.482733e-01 6.038670e+08 9.813447e+05
301145 2.482733e-01 1.175992e+01 4.303809e+00
600843 2.482733e-01 5.926533e+00 1.609720e+00
900212 2.482733e-01 4.681088e+00 1.236667e+00
1200321 2.482733e-01 3.651950e+00 9.502565e-01
1500263 2.482733e-01 2.886742e+00 8.725267e-01
1800220 2.482733e-01 2.334591e+00 7.747496e-01
2100346 2.482733e-01 1.871105e+00 6.536771e-01
2400251 2.482733e-01 1.437126e+00 6.145340e-01
2700054 2.482733e-01 9.937443e-01 4.837102e-01
3000003 2.482733e-01 4.882685e-01 4.325594e-01
1350 2.495577e-01 5.974625e+08 5.692059e+05
300416 2.495577e-01 1.098044e+01 3.962606e+00
600026 2.495577e-01 5.794051e+00 1.857371e+00
901241 2.495577e-01 4.548097e+00 1.552190e+00
1200165 2.495577e-01 3.602872e+00 9.432240e-01
1500450 2.495577e-01 2.853586e+00 9.253514e-01
1800441 2.495577e-01 2.290553e+00 8.400223e-01
2100145 2.495577e-01 1.813388e+00 6.792095e-01
2401251 2.495577e-01 1.370371e+00 5.496004e-01
2700078 2.495577e-01 9.906113e-01 4.429495e-01
3000005 2.495577e-01 3.925195e-01 2.496756e-01
1350 2.488993e-01 5.719974e+08 5.053585e+05
301172 2.488993e-01 1.155587e+01 3.938213e+00
600899 2.488993e-01 5.983790e+00 2.010196e+00
900055 2.488993e-01 4.758536e+00 1.850342e+00
1200221 2.488993e-01 3.764673e+00 1.255751e+00
1500551 2.488993e-01 3.034936e+00 1.056420e+00
1800479 2.488993e-01 2.440568e+00 8.704251e-01
2100062 2.488993e-01 1.912495e+00 7.344932e-01
2400005 2.488993e-01 1.468387e+00 5.925300e-01
2700960 2.488993e-01 1.023034e+00 3.754970e-01
3000000 2.488993e-01 3.850502e-01 3.754970e-01
1350 2.490368e-01 5.923152e+08 1.038123e+06
301477 2.490368e-01 1.147020e+01 2.715392e+00
600689 2.490368e-01 6.126421e+00 1.712925e+00
900471 2.490368e-01 4.888586e+00 1.238556e+00
1200364 2.490368e-01 3.868041e+00 7.321563e-01
1500022 2.490368e-01 3.071165e+00 7.093448e-01
1800068 2.490368e-01 2.433813e+00 3.164190e-01
2100016 2.490368e-01 1.874106e+00 2.997053e-01
2400110 2.490368e-01 1.406939e+00 2.979022e-01
2700134 2.490368e-01 9.731860e-01 2.596627e-01
3000004 2.490368e-01 3.106121e-01 2.596627e-01
1350 2.496526e-01 5.578492e+08 4.222903e+04
300772 2.496526e-01 1.169188e+01 3.978877e+00
600429 2.496526e-01 5.889891e+00 1.800535e+00
901570 2.496526e-01 4.633346e+00 8.654179e-01
1200581 2.496526e-01 3.652725e+00 8.654179e-01
1500189 2.496526e-01 2.866726e+00 7.043510e-01
1800285 2.496526e-01 2.257456e+00 5.391870e-01
2100355 2.496526e-01 1.775380e+00 3.835536e-01
2400181 2.496526e-01 1.367588e+00 3.216890e-01
2700024 2.496526e-01 9.401524e-01 2.289406e-01
3000004 2.496526e-01 2.110612e-01 1.580215e-01
1350 2.502708e-01 5.801717e+08 6.372335e+05
300695 2.502708e-01 1.063106e+01 3.536954e+00
600055 2.502708e-01 5.883124e+00 1.533183e+00
900926 2.502708e-01 4.652256e+00 1.335945e+00
1200014 2.502708e-01 3.662499e+00 8.954362e-01
1500562 2.502708e-01 2.872291e+00 7.835431e-01
1800482 2.502708e-01 2.250191e+00 5.207782e-01
2100170 2.502708e-01 1.787893e+00 3.207873e-01
2400269 2.502708e-01 1.315423e+00 2.844339e-01
2700081 2.502708e-01 9.457876e-01 2.270174e-01
2999996 2.504562e-01 2.447978e-01 1.973646e-01
1350 2.497022e-01 5.838327e+08 7.127223e+05
301185 2.497022e-01 1.072957e+01 3.515690e+00
600282 2.497022e-01 5.999690e+00 1.304620e+00
900320 2.497022e-01 4.757078e+00 1.222538e+00
1200604 2.497022e-01 3.803421e+00 9.609624e-01
1500178 2.497022e-01 3.013795e+00 7.604502e-01
1800181 2.497022e-01 2.388067e+00 7.328076e-01
2100294 2.497022e-01 1.857186e+00 6.076166e-01
2400210 2.497022e-01 1.394624e+00 5.570669e-01
2700130 2.497022e-01 9.742555e-01 4.559854e-01
3000002 2.497022e-01 3.438937e-01 3.274976e-01
1350 2.499288e-01 6.023012e+08 2.013719e+05
301100 2.499288e-01 1.093968e+01 3.074690e+00
600200 2.499288e-01 6.108534e+00 2.126936e+00
900866 2.499288e-01 4.802067e+00 1.286659e+00
1200257 2.499288e-01 3.789183e+00 1.084808e+00
1500565 2.499288e-01 2.989421e+00 6.497129e-01
1800490 2.499288e-01 2.360874e+00 6.320070e-01
2100076 2.499288e-01 1.792064e+00 5.376504e-01
2400233 2.499288e-01 1.360327e+00 5.376504e-01
2700003 2.499288e-01 9.693037e-01 3.780207e-01
3000001 2.499288e-01 3.345296e-01 2.174019e-01
1350 2.501657e-01 5.817527e+08 4.480682e+04
301281 2.501657e-01 1.155076e+01 3.313382e+00
600802 2.501657e-01 6.128563e+00 1.596041e+00
900338 2.501657e-01 4.778426e+00 1.413630e+00
1200073 2.501657e-01 3.773343e+00 1.112686e+00
1500000 2.501657e-01 2.940950e+00 1.062951e+00
1800067 2.501657e-01 2.333087e+00 8.641778e-01
2100348 2.501657e-01 1.812958e+00 5.713988e-01
2401397 2.501657e-01 1.374306e+00 4.671179e-01
2700048 2.501657e-01 9.738223e-01 4.151663e-01
3000005 2.501657e-01 4.540433e-01 4.151663e-01
1350 2.514127e-01 6.137223e+08 6.263649e+05
300611 2.514127e-01 1.090952e+01 3.832147e+00
600600 2.514127e-01 5.893443e+00 1.704856e+00
900351 2.514127e-01 4.716912e+00 1.500919e+00
1200578 2.514127e-01 3.752547e+00 1.155556e+00
1500215 2.514127e-01 2.998743e+00 8.314160e-01
1800265 2.514127e-01 2.407661e+00 7.760272e-01
2100395 2.514127e-01 1.898037e+00 7.543882e-01
2400191 2.514127e-01 1.438246e+00 6.565494e-01
2700132 2.514127e-01 1.095349e+00 5.626602e-01
2999357 2.515989e-01 4.625619e-01 3.819795e-01
1350 2.488899e-01 5.137661e+08 5.215129e+05
301052 2.488899e-01 1.147283e+01 4.002613e+00
600178 2.488899e-01 6.068978e+00 2.048784e+00
900161 2.488899e-01 4.734442e+00 1.299564e+00
1200499 2.488899e-01 3.693006e+00 9.029845e-01
1500053 2.488899e-01 2.939143e+00 8.884746e-01
1800176 2.488899e-01 2.327830e+00 8.296308e-01
2100307 2.488899e-01 1.807479e+00 6.979738e-01
2400244 2.488899e-01 1.377941e+00 4.823924e-01
2700045 2.488899e-01 9.812632e-01 3.466807e-01
3000003 2.488899e-01 3.818763e-01 3.466807e-01
1350 2.507241e-01 6.022042e+08 4.509518e+04
300029 2.507241e-01 1.350446e+01 3.650775e+00
600003 2.507241e-01 6.231276e+00 1.402069e+00
900236 2.507241e-01 4.940439e+00 1.319904e+00
1200212 2.507241e-01 3.918332e+00 1.148299e+00
1500544 2.507241e-01 3.107556e+00 1.065049e+00
1800503 2.507241e-01 2.468222e+00 7.986838e-01
2100147 2.507241e-01 1.907109e+00 6.597871e-01
2400241 2.507241e-01 1.422904e+00 4.290640e-01
2700009 2.507241e-01 1.001125e+00 2.695826e-01
2999219 2.509098e-01 3.548679e-01 2.695826e-01
1350 2.500212e-01 5.737260e+08 5.383199e+05
300238 2.500212e-01 1.090234e+01 4.241223e+00
600357 2.500212e-01 5.892652e+00 1.760105e+00
900868 2.500212e-01 4.644811e+00 1.326117e+00
1200165 2.500212e-01 3.646302e+00 1.042630e+00
1500504 2.500212e-01 2.895412e+00 9.646193e-01
1800411 2.500212e-01 2.274687e+00 7.245322e-01
2100381 2.500212e-01 1.770827e+00 6.092823e-01
2400117 2.500212e-01 1.340919e+00 5.338858e-01
2700077 2.500212e-01 9.388748e-01 3.320597e-01
3000000 2.500212e-01 3.203861e-01 2.784565e-01
1350 2.508352e-01 5.650843e+08 5.394295e+05
301562 2.508352e-01 1.109811e+01 3.249183e+00
600883 2.508352e-01 5.931042e+00 1.454595e+00
901070 2.508352e-01 4.690546e+00 8.687645e-01
1200473 2.508352e-01 3.694238e+00 8.687645e-01
1500074 2.508352e-01 2.945713e+00 7.204150e-01
1800165 2.508352e-01 2.365246e+00 6.890432e-01
2100306 2.508352e-01 1.854222e+00 5.598218e-01
2400192 2.508352e-01 1.414840e+00 4.676463e-01
2700360 2.508352e-01 9.926520e-01 3.672310e-01
3000004 2.508352e-01 3.254527e-01 2.477569e-01
1350 2.499370e-01 5.356612e+08 9.100066e+05
300566 2.499370e-01 1.111447e+01 3.585467e+00
600482 2.499370e-01 6.084475e+00 1.735122e+00
900917 2.499370e-01 4.823323e+00 1.468866e+00
1200465 2.499370e-01 3.879664e+00 1.246493e+00
1500066 2.499370e-01 3.131412e+00 8.315860e-01
1800099 2.499370e-01 2.492888e+00 5.546096e-01
2100228 2.499370e-01 1.958072e+00 4.797798e-01
2400181 2.499370e-01 1.474342e+00 4.443754e-01
2700095 2.499370e-01 1.041512e+00 3.563942e-01
3000004 2.499370e-01 3.599905e-01 2.942506e-01
1350 2.505661e-01 5.632010e+08 1.065213e+06
301016 2.505661e-01 1.072333e+01 3.660975e+00
600761 2.505661e-01 5.884084e+00 1.906943e+00
900166 2.505661e-01 4.711978e+00 9.720667e-01
1200044 2.505661e-01 3.754011e+00 9.720667e-01
1500473 2.505661e-01 2.972770e+00 7.831695e-01
1800401 2.505661e-01 2.348270e+00 7.343150e-01
2100062 2.505661e-01 1.851412e+00 6.782560e-01
2400722 2.505661e-01 1.414550e+00 5.415383e-01
2700128 2.505661e-01 9.888290e-01 3.024247e-01
3000003 2.505661e-01 1.150558e-01 9.938860e-02
2.66e-01 (9.23e-02): 
2.473207e-01 2.896172e-01 1.193981e-01 3.354088e-01 7.902713e-02 2.590925e-01 1.578495e-01 3.004569e-01 2.663902e-01 2.189689e-01 1.992808e-01 3.576301e-01 4.015777e-01 1.978434e-01 4.325594e-01 2.496756e-01 3.754970e-01 2.596627e-01 1.580215e-01 1.973646e-01 3.274976e-01 2.174019e-01 4.151663e-01 3.819795e-01 3.466807e-01 2.695826e-01 2.784565e-01 2.477569e-01 2.942506e-01 9.938860e-02 