1350 2.496311e-01 1.834207e+03 7.250126e+02
301184 2.496311e-01 8.029408e+01 3.961577e+01
600534 2.496311e-01 5.288417e+01 2.910740e+01
900256 2.496311e-01 4.303099e+01 2.253219e+01
1200504 2.496311e-01 3.727841e+01 2.038085e+01
1500029 2.496311e-01 3.323529e+01 1.991746e+01
1800539 2.496311e-01 2.908925e+01 1.909899e+01
2100078 2.496311e-01 2.558537e+01 1.835457e+01
2400178 2.496311e-01 2.317350e+01 1.809651e+01
2700078 2.496311e-01 2.087103e+01 1.705175e+01
3000004 2.496311e-01 1.630141e+01 1.601032e+01
1350 2.507014e-01 1.848012e+03 6.078824e+02
301184 2.507014e-01 7.997370e+01 4.196685e+01
600534 2.507014e-01 5.202434e+01 2.678481e+01
900256 2.507014e-01 4.280572e+01 2.358111e+01
1200504 2.507014e-01 3.722013e+01 2.231223e+01
1500029 2.507014e-01 3.297465e+01 1.994586e+01
1800539 2.507014e-01 2.910991e+01 1.942615e+01
2100078 2.507014e-01 2.524850e+01 1.795902e+01
2400178 2.507014e-01 2.257932e+01 1.708943e+01
2700056 2.507014e-01 2.011032e+01 1.686638e+01
3000004 2.507014e-01 1.626463e+01 1.574085e+01
1350 2.501181e-01 1.850659e+03 5.509992e+02
301184 2.501181e-01 8.082783e+01 3.340777e+01
600534 2.501181e-01 5.260346e+01 2.595390e+01
900256 2.501181e-01 4.257304e+01 2.324514e+01
1200504 2.501181e-01 3.679278e+01 2.213539e+01
1500029 2.501181e-01 3.259307e+01 2.059330e+01
1800539 2.501181e-01 2.857425e+01 1.947169e+01
2100078 2.501181e-01 2.516204e+01 1.792385e+01
2400178 2.501181e-01 2.258977e+01 1.773133e+01
2700114 2.501181e-01 2.043591e+01 1.709395e+01
3000001 2.501181e-01 1.680747e+01 1.680747e+01
1350 2.517018e-01 1.846642e+03 7.161084e+02
301184 2.517018e-01 8.016027e+01 3.818584e+01
600534 2.517018e-01 5.210412e+01 2.728310e+01
900256 2.517018e-01 4.244869e+01 2.224492e+01
1200504 2.517018e-01 3.644255e+01 2.064638e+01
1500029 2.517018e-01 3.224581e+01 1.950044e+01
1800539 2.517018e-01 2.822778e+01 1.797079e+01
2100078 2.517018e-01 2.470850e+01 1.722895e+01
2400178 2.517018e-01 2.222118e+01 1.641665e+01
2700057 2.517018e-01 2.006264e+01 1.629776e+01
3000004 2.517018e-01 1.669770e+01 1.629776e+01
1350 2.491333e-01 1.848548e+03 6.604291e+02
301184 2.491333e-01 7.866222e+01 4.032186e+01
600534 2.491333e-01 5.132557e+01 2.499261e+01
900256 2.491333e-01 4.216661e+01 2.378695e+01
1200504 2.491333e-01 3.659318e+01 2.252332e+01
1500029 2.491333e-01 3.235265e+01 1.934959e+01
1800539 2.491333e-01 2.837955e+01 1.895983e+01
2100078 2.491333e-01 2.490831e+01 1.717178e+01
2400178 2.491333e-01 2.246684e+01 1.682270e+01
2700002 2.491333e-01 2.007336e+01 1.673845e+01
3000004 2.491333e-01 1.576729e+01 1.574085e+01
1350 2.489672e-01 1.836086e+03 7.724743e+02
301184 2.489672e-01 8.091843e+01 4.149691e+01
600534 2.489672e-01 5.258696e+01 2.955543e+01
900256 2.489672e-01 4.268746e+01 2.529583e+01
1200504 2.489672e-01 3.693043e+01 2.181251e+01
1500029 2.489672e-01 3.285599e+01 2.058142e+01
1800539 2.489672e-01 2.879744e+01 1.914604e+01
2100078 2.489672e-01 2.545686e+01 1.811657e+01
2400178 2.489672e-01 2.315932e+01 1.745224e+01
2700075 2.489672e-01 2.071269e+01 1.722410e+01
3000001 2.489672e-01 1.668307e+01 1.623172e+01
1350 2.511932e-01 1.838007e+03 7.333736e+02
301184 2.511932e-01 7.984612e+01 4.124408e+01
600534 2.511932e-01 5.257352e+01 2.368757e+01
900256 2.511932e-01 4.333232e+01 2.222677e+01
1200504 2.511932e-01 3.728792e+01 2.136430e+01
1500029 2.511932e-01 3.306045e+01 1.937899e+01
1800539 2.511932e-01 2.904431e+01 1.795407e+01
2100078 2.511932e-01 2.536504e+01 1.773119e+01
2400178 2.511932e-01 2.282710e+01 1.698357e+01
2700076 2.511932e-01 2.054620e+01 1.691675e+01
3000002 2.511932e-01 1.655763e+01 1.620906e+01
1350 2.485633e-01 1.829716e+03 7.294540e+02
301184 2.485633e-01 8.047974e+01 4.322677e+01
600534 2.485633e-01 5.225069e+01 2.728915e+01
900256 2.485633e-01 4.296218e+01 2.333095e+01
1200504 2.485633e-01 3.710328e+01 2.193561e+01
1500029 2.485633e-01 3.299424e+01 1.996484e+01
1800539 2.485633e-01 2.909026e+01 1.915186e+01
2100078 2.485633e-01 2.541320e+01 1.789717e+01
2400178 2.485633e-01 2.287091e+01 1.727792e+01
2700057 2.485633e-01 2.030552e+01 1.697961e+01
3000005 2.485633e-01 1.648415e+01 1.605784e+01
1350 2.501132e-01 1.850070e+03 6.349444e+02
301184 2.501132e-01 7.991795e+01 3.659708e+01
600534 2.501132e-01 5.212681e+01 2.710364e+01
900256 2.501132e-01 4.233424e+01 2.413415e+01
1200504 2.501132e-01 3.674160e+01 2.094660e+01
1500029 2.501132e-01 3.284851e+01 1.988456e+01
1800539 2.501132e-01 2.911419e+01 1.847446e+01
2100078 2.501132e-01 2.538319e+01 1.722382e+01
2400178 2.501132e-01 2.285389e+01 1.672727e+01
2700120 2.501132e-01 2.048649e+01 1.664335e+01
3000001 2.501132e-01 1.639198e+01 1.621493e+01
1350 2.517194e-01 1.853263e+03 7.349653e+02
301184 2.517194e-01 8.106273e+01 3.812637e+01
600534 2.517194e-01 5.320757e+01 2.603210e+01
900256 2.517194e-01 4.336617e+01 2.280075e+01
1200504 2.517194e-01 3.747852e+01 2.264733e+01
1500029 2.517194e-01 3.303123e+01 2.136771e+01
1800539 2.517194e-01 2.902856e+01 2.039146e+01
2100078 2.517194e-01 2.570169e+01 1.788749e+01
2400178 2.517194e-01 2.343983e+01 1.762496e+01
2700017 2.517194e-01 2.105716e+01 1.689342e+01
3000005 2.517194e-01 1.689318e+01 1.671962e+01
1350 2.508205e-01 1.856943e+03 6.631869e+02
301184 2.508205e-01 8.002790e+01 4.484464e+01
600534 2.508205e-01 5.239534e+01 2.658691e+01
900256 2.508205e-01 4.295354e+01 1.977159e+01
1200504 2.508205e-01 3.710635e+01 1.915196e+01
1500029 2.508205e-01 3.294660e+01 1.903710e+01
1800539 2.508205e-01 2.898499e+01 1.768263e+01
2100078 2.508205e-01 2.560313e+01 1.715960e+01
2400178 2.508205e-01 2.288125e+01 1.708777e+01
2700099 2.508205e-01 2.036480e+01 1.698797e+01
3000000 2.508205e-01 1.606603e+01 1.605784e+01
1350 2.505376e-01 1.852097e+03 5.669410e+02
301184 2.505376e-01 8.022130e+01 3.840753e+01
600534 2.505376e-01 5.211548e+01 2.769093e+01
900256 2.505376e-01 4.264641e+01 2.285792e+01
1200504 2.505376e-01 3.691192e+01 2.065729e+01
1500029 2.505376e-01 3.284741e+01 2.030941e+01
1800539 2.505376e-01 2.902912e+01 1.782102e+01
2100078 2.505376e-01 2.542136e+01 1.697217e+01
2400178 2.505376e-01 2.260633e+01 1.644043e+01
2700105 2.505376e-01 2.026285e+01 1.635244e+01
3000002 2.505376e-01 1.580200e+01 1.564630e+01
1350 2.500961e-01 1.832439e+03 6.708235e+02
301184 2.500961e-01 8.029864e+01 3.847610e+01
600534 2.500961e-01 5.211800e+01 2.501555e+01
900256 2.500961e-01 4.259791e+01 2.148327e+01
1200504 2.500961e-01 3.671835e+01 2.021154e+01
1500029 2.500961e-01 3.234177e+01 1.991002e+01
1800539 2.500961e-01 2.844433e+01 1.829640e+01
2100078 2.500961e-01 2.486900e+01 1.701176e+01
2400178 2.500961e-01 2.231269e+01 1.680440e+01
2700040 2.500961e-01 2.015663e+01 1.667317e+01
3000001 2.500961e-01 1.641451e+01 1.611601e+01
1350 2.483818e-01 1.825822e+03 7.187542e+02
301184 2.483818e-01 7.931088e+01 3.653923e+01
600534 2.483818e-01 5.235901e+01 2.596683e+01
900256 2.483818e-01 4.334978e+01 2.290943e+01
1200504 2.483818e-01 3.776848e+01 2.169680e+01
1500029 2.483818e-01 3.354545e+01 1.939060e+01
1800539 2.483818e-01 2.947320e+01 1.907330e+01
2100078 2.483818e-01 2.569944e+01 1.774109e+01
2400178 2.483818e-01 2.296806e+01 1.728727e+01
2700130 2.483818e-01 2.044607e+01 1.655149e+01
3000001 2.483818e-01 1.578382e+01 1.578382e+01
1350 2.482733e-01 1.829072e+03 5.493512e+02
301184 2.482733e-01 7.994042e+01 3.479949e+01
600534 2.482733e-01 5.227933e+01 2.380856e+01
900256 2.482733e-01 4.305895e+01 2.113130e+01
1200504 2.482733e-01 3.735657e+01 2.000145e+01
1500029 2.482733e-01 3.304387e+01 1.966460e+01
1800539 2.482733e-01 2.910870e+01 1.869851e+01
2100078 2.482733e-01 2.543260e+01 1.795972e+01
2400178 2.482733e-01 2.281875e+01 1.698973e+01
2700072 2.482733e-01 2.055116e+01 1.668250e+01
3000001 2.482733e-01 1.667542e+01 1.658982e+01
1350 2.495577e-01 1.829566e+03 6.339671e+02
301184 2.495577e-01 7.960328e+01 4.035569e+01
600534 2.495577e-01 5.222177e+01 2.918202e+01
900256 2.495577e-01 4.276293e+01 2.627514e+01
1200504 2.495577e-01 3.687131e+01 1.851677e+01
1500029 2.495577e-01 3.289984e+01 1.817276e+01
1800539 2.495577e-01 2.907197e+01 1.787888e+01
2100078 2.495577e-01 2.536225e+01 1.762198e+01
2400178 2.495577e-01 2.290915e+01 1.732986e+01
2700000 2.495577e-01 2.067234e+01 1.706856e+01
3000004 2.495577e-01 1.599999e+01 1.594213e+01
1350 2.488993e-01 1.816860e+03 7.569126e+02
301184 2.488993e-01 8.002176e+01 3.195434e+01
600534 2.488993e-01 5.254754e+01 2.606374e+01
900256 2.488993e-01 4.308297e+01 2.448630e+01
1200504 2.488993e-01 3.712038e+01 2.077066e+01
1500029 2.488993e-01 3.305934e+01 1.996765e+01
1800539 2.488993e-01 2.896071e+01 1.931659e+01
2100078 2.488993e-01 2.524418e+01 1.863286e+01
2400178 2.488993e-01 2.256278e+01 1.763629e+01
2700081 2.488993e-01 2.016851e+01 1.717974e+01
3000003 2.488993e-01 1.682454e+01 1.659061e+01
1350 2.490368e-01 1.834557e+03 5.550578e+02
301184 2.490368e-01 7.922499e+01 3.791799e+01
600534 2.490368e-01 5.190192e+01 2.821389e+01
900256 2.490368e-01 4.237184e+01 2.348024e+01
1200504 2.490368e-01 3.694727e+01 1.871831e+01
1500029 2.490368e-01 3.277167e+01 1.871757e+01
1800539 2.490368e-01 2.881281e+01 1.818714e+01
2100078 2.490368e-01 2.549406e+01 1.751539e+01
2400178 2.490368e-01 2.299629e+01 1.734286e+01
2700080 2.490368e-01 2.061535e+01 1.703810e+01
3000004 2.490368e-01 1.709738e+01 1.694316e+01
1350 2.496526e-01 1.838683e+03 6.206039e+02
301184 2.496526e-01 8.020805e+01 4.059419e+01
600534 2.496526e-01 5.189341e+01 2.853581e+01
900256 2.496526e-01 4.230278e+01 2.367392e+01
1200504 2.496526e-01 3.676005e+01 2.223635e+01
1500029 2.496526e-01 3.271232e+01 1.971077e+01
1800539 2.496526e-01 2.887424e+01 1.858184e+01
2100078 2.496526e-01 2.533555e+01 1.785933e+01
2400178 2.496526e-01 2.273877e+01 1.728178e+01
2700116 2.496526e-01 2.035122e+01 1.675029e+01
3000004 2.496526e-01 1.625030e+01 1.574085e+01
1350 2.502708e-01 1.856819e+03 5.975651e+02
301184 2.502708e-01 8.016626e+01 3.690831e+01
600534 2.502708e-01 5.226253e+01 2.534796e+01
900256 2.502708e-01 4.267948e+01 2.245892e+01
1200504 2.502708e-01 3.703483e+01 2.197181e+01
1500029 2.502708e-01 3.262309e+01 2.034720e+01
1800539 2.502708e-01 2.870801e+01 1.921585e+01
2100078 2.502708e-01 2.500049e+01 1.674048e+01
2400178 2.502708e-01 2.234371e+01 1.636546e+01
2700105 2.502708e-01 1.984090e+01 1.602145e+01
3000002 2.502708e-01 1.613400e+01 1.602145e+01
1350 2.497022e-01 1.846014e+03 6.739477e+02
301184 2.497022e-01 8.072328e+01 4.090204e+01
600534 2.497022e-01 5.216440e+01 2.882516e+01
900256 2.497022e-01 4.263971e+01 2.284515e+01
1200504 2.497022e-01 3.682522e+01 2.121767e+01
1500029 2.497022e-01 3.260877e+01 1.883246e+01
1800539 2.497022e-01 2.886535e+01 1.864019e+01
2100078 2.497022e-01 2.536782e+01 1.722605e+01
2400178 2.497022e-01 2.304354e+01 1.693071e+01
2700043 2.497022e-01 2.068520e+01 1.691323e+01
3000004 2.497022e-01 1.599953e+01 1.582017e+01
1350 2.499288e-01 1.845725e+03 6.536703e+02
301184 2.499288e-01 7.952885e+01 3.096190e+01
600534 2.499288e-01 5.229083e+01 2.489948e+01
900256 2.499288e-01 4.274350e+01 2.318325e+01
1200504 2.499288e-01 3.681176e+01 2.146264e+01
1500029 2.499288e-01 3.257048e+01 2.100037e+01
1800539 2.499288e-01 2.884923e+01 2.003233e+01
2100078 2.499288e-01 2.514430e+01 1.854825e+01
2400178 2.499288e-01 2.249922e+01 1.626532e+01
2700005 2.499288e-01 2.024070e+01 1.610697e+01
3000003 2.499288e-01 1.604427e+01 1.570450e+01
1350 2.501657e-01 1.830289e+03 5.729950e+02
301184 2.501657e-01 7.955950e+01 3.623795e+01
600534 2.501657e-01 5.165922e+01 2.563214e+01
900256 2.501657e-01 4.250331e+01 2.342846e+01
1200504 2.501657e-01 3.663973e+01 2.127534e+01
1500029 2.501657e-01 3.256010e+01 2.012959e+01
1800539 2.501657e-01 2.887450e+01 1.882231e+01
2100078 2.501657e-01 2.516253e+01 1.765569e+01
2400178 2.501657e-01 2.255531e+01 1.676311e+01
2700137 2.501657e-01 2.015832e+01 1.662845e+01
3000003 2.501657e-01 1.600608e+01 1.597852e+01
1350 2.514127e-01 1.870437e+03 6.816217e+02
301184 2.514127e-01 8.010085e+01 4.446923e+01
600534 2.514127e-01 5.224296e+01 2.964397e+01
900256 2.514127e-01 4.281171e+01 2.464246e+01
1200504 2.514127e-01 3.698561e+01 2.079042e+01
1500029 2.514127e-01 3.283814e+01 2.057706e+01
1800539 2.514127e-01 2.894345e+01 1.950468e+01
2100078 2.514127e-01 2.514761e+01 1.703189e+01
2400178 2.514127e-01 2.227312e+01 1.650260e+01
2700005 2.514127e-01 2.000525e+01 1.628838e+01
3000005 2.514127e-01 1.609471e+01 1.595769e+01
1350 2.488899e-01 1.838551e+03 6.003930e+02
301184 2.488899e-01 8.012563e+01 3.948847e+01
600534 2.488899e-01 5.278789e+01 2.615602e+01
900256 2.488899e-01 4.318886e+01 2.193955e+01
1200504 2.488899e-01 3.735045e+01 2.039435e+01
1500029 2.488899e-01 3.302760e+01 1.974964e+01
1800539 2.488899e-01 2.916358e+01 1.914947e+01
2100078 2.488899e-01 2.544192e+01 1.771856e+01
2400178 2.488899e-01 2.272501e+01 1.661555e+01
2700009 2.488899e-01 2.029236e+01 1.659108e+01
3000005 2.488899e-01 1.634300e+01 1.594213e+01
1350 2.507241e-01 1.860601e+03 6.542534e+02
301184 2.507241e-01 8.011969e+01 3.863935e+01
600534 2.507241e-01 5.161583e+01 2.430595e+01
900256 2.507241e-01 4.224719e+01 2.316732e+01
1200504 2.507241e-01 3.647917e+01 2.169509e+01
1500029 2.507241e-01 3.230424e+01 1.978627e+01
1800539 2.507241e-01 2.848537e+01 1.853537e+01
2100078 2.507241e-01 2.502622e+01 1.748415e+01
2400178 2.507241e-01 2.257223e+01 1.652589e+01
2700134 2.507241e-01 2.029150e+01 1.602145e+01
3000000 2.507241e-01 1.602709e+01 1.601032e+01
1350 2.500212e-01 1.845569e+03 6.940930e+02
301184 2.500212e-01 7.975870e+01 3.950342e+01
600534 2.500212e-01 5.214713e+01 2.782135e+01
900256 2.500212e-01 4.286160e+01 2.384377e+01
1200504 2.500212e-01 3.702202e+01 2.179079e+01
1500029 2.500212e-01 3.280916e+01 2.086147e+01
1800539 2.500212e-01 2.920849e+01 1.970146e+01
2100078 2.500212e-01 2.550455e+01 1.680114e+01
2400178 2.500212e-01 2.296198e+01 1.669193e+01
2700090 2.500212e-01 2.054341e+01 1.660827e+01
3000004 2.500212e-01 1.606366e+01 1.574085e+01
1350 2.508352e-01 1.848044e+03 5.642703e+02
301184 2.508352e-01 7.877144e+01 3.713496e+01
600534 2.508352e-01 5.163670e+01 2.383620e+01
900256 2.508352e-01 4.264703e+01 2.270065e+01
1200504 2.508352e-01 3.695374e+01 2.083285e+01
1500029 2.508352e-01 3.274792e+01 2.021219e+01
1800539 2.508352e-01 2.879639e+01 1.978291e+01
2100078 2.508352e-01 2.495351e+01 1.850704e+01
2400178 2.508352e-01 2.232784e+01 1.749294e+01
2700075 2.508352e-01 1.993214e+01 1.674076e+01
3000005 2.508352e-01 1.619821e+01 1.608964e+01
1350 2.499370e-01 1.834013e+03 5.482748e+02
301184 2.499370e-01 7.901148e+01 3.815003e+01
600534 2.499370e-01 5.168528e+01 2.905420e+01
900256 2.499370e-01 4.222051e+01 2.377868e+01
1200504 2.499370e-01 3.657263e+01 1.997439e+01
1500029 2.499370e-01 3.233913e+01 1.815518e+01
1800539 2.499370e-01 2.830662e+01 1.797314e+01
2100078 2.499370e-01 2.476044e+01 1.732299e+01
2400178 2.499370e-01 2.233863e+01 1.675880e+01
2700105 2.499370e-01 2.011940e+01 1.627842e+01
3000001 2.499370e-01 1.601686e+01 1.564630e+01
1350 2.505661e-01 1.842790e+03 7.109014e+02
301184 2.505661e-01 8.044301e+01 3.872335e+01
600534 2.505661e-01 5.188673e+01 2.582464e+01
900256 2.505661e-01 4.266029e+01 2.407623e+01
1200504 2.505661e-01 3.695122e+01 2.211713e+01
1500029 2.505661e-01 3.270726e+01 2.089746e+01
1800539 2.505661e-01 2.868366e+01 1.903155e+01
2100078 2.505661e-01 2.508810e+01 1.788678e+01
2400178 2.505661e-01 2.241309e+01 1.687319e+01
2700078 2.505661e-01 2.022085e+01 1.664390e+01
3000000 2.505661e-01 1.656858e+01 1.637733e+01
1.61e+01 (3.53e-01): 
1.601032e+01 1.574085e+01 1.680747e+01 1.629776e+01 1.574085e+01 1.623172e+01 1.620906e+01 1.605784e+01 1.621493e+01 1.671962e+01 1.605784e+01 1.564630e+01 1.611601e+01 1.578382e+01 1.658982e+01 1.594213e+01 1.659061e+01 1.694316e+01 1.574085e+01 1.602145e+01 1.582017e+01 1.570450e+01 1.597852e+01 1.595769e+01 1.594213e+01 1.601032e+01 1.574085e+01 1.608964e+01 1.564630e+01 1.637733e+01 1350 2.496311e-01 1.834207e+03 7.250126e+02
301184 2.496311e-01 7.262573e+01 3.494541e+01
600534 2.496311e-01 4.738944e+01 2.401835e+01
900256 2.496311e-01 3.918430e+01 2.148452e+01
1200504 2.496311e-01 3.438976e+01 1.997104e+01
1500029 2.496311e-01 3.057163e+01 1.943628e+01
1800539 2.496311e-01 2.697380e+01 1.766559e+01
2100078 2.496311e-01 2.381899e+01 1.715190e+01
2400178 2.496311e-01 2.151008e+01 1.707670e+01
2700139 2.496311e-01 1.909960e+01 1.700009e+01
3000003 2.496311e-01 1.584685e+01 1.578382e+01
1350 2.507014e-01 1.848012e+03 6.078824e+02
301184 2.507014e-01 7.341089e+01 3.487470e+01
600534 2.507014e-01 4.774866e+01 2.375907e+01
900256 2.507014e-01 3.936972e+01 2.099649e+01
1200504 2.507014e-01 3.439189e+01 2.029678e+01
1500029 2.507014e-01 3.060531e+01 1.958855e+01
1800539 2.507014e-01 2.684367e+01 1.867455e+01
2100078 2.507014e-01 2.389387e+01 1.731650e+01
2400178 2.507014e-01 2.154586e+01 1.682830e+01
2700085 2.507014e-01 1.927259e+01 1.639413e+01
3000000 2.507014e-01 1.591714e+01 1.556698e+01
1350 2.501181e-01 1.850659e+03 5.509992e+02
301184 2.501181e-01 7.283737e+01 3.278509e+01
600534 2.501181e-01 4.776050e+01 2.562496e+01
900256 2.501181e-01 3.944147e+01 2.404287e+01
1200504 2.501181e-01 3.473464e+01 2.073686e+01
1500029 2.501181e-01 3.105216e+01 2.050056e+01
1800539 2.501181e-01 2.738366e+01 1.832240e+01
2100078 2.501181e-01 2.427817e+01 1.712050e+01
2400178 2.501181e-01 2.181825e+01 1.678819e+01
2700082 2.501181e-01 1.947722e+01 1.650863e+01
3000004 2.501181e-01 1.643300e+01 1.643300e+01
1350 2.517018e-01 1.846642e+03 7.161084e+02
301184 2.517018e-01 7.393730e+01 3.424338e+01
600534 2.517018e-01 4.802590e+01 2.496819e+01
900256 2.517018e-01 3.940596e+01 2.234461e+01
1200504 2.517018e-01 3.438901e+01 2.058496e+01
1500029 2.517018e-01 3.076785e+01 1.976306e+01
1800539 2.517018e-01 2.721826e+01 1.799980e+01
2100078 2.517018e-01 2.414122e+01 1.726666e+01
2400178 2.517018e-01 2.163207e+01 1.708985e+01
2700005 2.517018e-01 1.916686e+01 1.666580e+01
3000004 2.517018e-01 1.586596e+01 1.582017e+01
1350 2.491333e-01 1.848548e+03 6.604291e+02
301184 2.491333e-01 7.273216e+01 3.590431e+01
600534 2.491333e-01 4.757635e+01 2.591147e+01
900256 2.491333e-01 3.904981e+01 2.292646e+01
1200504 2.491333e-01 3.418158e+01 2.081010e+01
1500029 2.491333e-01 3.054058e+01 2.013570e+01
1800539 2.491333e-01 2.692255e+01 1.874101e+01
2100078 2.491333e-01 2.409494e+01 1.855591e+01
2400178 2.491333e-01 2.178327e+01 1.652438e+01
2700070 2.491333e-01 1.945546e+01 1.613347e+01
3000001 2.491333e-01 1.634113e+01 1.613347e+01
1350 2.489672e-01 1.836086e+03 7.724743e+02
301184 2.489672e-01 7.338474e+01 3.544631e+01
600534 2.489672e-01 4.742742e+01 2.310254e+01
900256 2.489672e-01 3.887897e+01 2.139181e+01
1200504 2.489672e-01 3.385773e+01 2.010339e+01
1500029 2.489672e-01 3.025758e+01 1.980519e+01
1800539 2.489672e-01 2.675024e+01 1.807697e+01
2100078 2.489672e-01 2.373194e+01 1.734251e+01
2400178 2.489672e-01 2.133721e+01 1.693201e+01
2700119 2.489672e-01 1.899298e+01 1.646976e+01
3000005 2.489672e-01 1.564630e+01 1.564630e+01
1350 2.511932e-01 1.838007e+03 7.333736e+02
301184 2.511932e-01 7.377152e+01 3.451479e+01
600534 2.511932e-01 4.714362e+01 2.554195e+01
900256 2.511932e-01 3.894827e+01 2.128289e+01
1200504 2.511932e-01 3.408066e+01 2.059763e+01
1500029 2.511932e-01 3.028857e+01 1.779135e+01
1800539 2.511932e-01 2.686499e+01 1.727408e+01
2100078 2.511932e-01 2.383292e+01 1.655757e+01
2400178 2.511932e-01 2.127272e+01 1.649190e+01
2700082 2.511932e-01 1.878990e+01 1.622802e+01
3000000 2.511932e-01 1.556698e+01 1.556698e+01
1350 2.485633e-01 1.829716e+03 7.294540e+02
301184 2.485633e-01 7.336257e+01 3.619118e+01
600534 2.485633e-01 4.786965e+01 2.674312e+01
900256 2.485633e-01 3.948789e+01 2.281014e+01
1200504 2.485633e-01 3.459452e+01 2.098809e+01
1500029 2.485633e-01 3.076041e+01 1.933653e+01
1800539 2.485633e-01 2.759178e+01 1.853391e+01
2100078 2.485633e-01 2.446493e+01 1.765676e+01
2400178 2.485633e-01 2.185048e+01 1.711674e+01
2700006 2.485633e-01 1.935815e+01 1.672739e+01
3000002 2.485633e-01 1.647588e+01 1.633411e+01
1350 2.501132e-01 1.850070e+03 6.349444e+02
301184 2.501132e-01 7.293853e+01 3.245736e+01
600534 2.501132e-01 4.749908e+01 2.340043e+01
900256 2.501132e-01 3.913820e+01 2.181565e+01
1200504 2.501132e-01 3.417822e+01 2.157169e+01
1500029 2.501132e-01 3.048159e+01 1.957518e+01
1800539 2.501132e-01 2.697510e+01 1.874575e+01
2100078 2.501132e-01 2.390362e+01 1.723579e+01
2400178 2.501132e-01 2.127195e+01 1.700355e+01
2700046 2.501132e-01 1.891441e+01 1.646479e+01
3000005 2.501132e-01 1.576473e+01 1.556698e+01
1350 2.517194e-01 1.853263e+03 7.349653e+02
301184 2.517194e-01 7.343789e+01 3.679169e+01
600534 2.517194e-01 4.803826e+01 2.108865e+01
900256 2.517194e-01 3.929528e+01 1.953171e+01
1200504 2.517194e-01 3.460524e+01 1.876389e+01
1500029 2.517194e-01 3.092122e+01 1.809034e+01
1800539 2.517194e-01 2.718199e+01 1.717249e+01
2100078 2.517194e-01 2.394181e+01 1.685917e+01
2400178 2.517194e-01 2.112856e+01 1.677238e+01
2700018 2.517194e-01 1.868588e+01 1.603519e+01
3000001 2.517194e-01 1.582017e+01 1.582017e+01
1350 2.508205e-01 1.856943e+03 6.631869e+02
301184 2.508205e-01 7.389081e+01 3.956904e+01
600534 2.508205e-01 4.760252e+01 2.391452e+01
900256 2.508205e-01 3.905851e+01 2.198509e+01
1200504 2.508205e-01 3.405273e+01 2.099010e+01
1500029 2.508205e-01 3.043751e+01 1.912894e+01
1800539 2.508205e-01 2.700777e+01 1.783580e+01
2100078 2.508205e-01 2.384538e+01 1.756753e+01
2400178 2.508205e-01 2.135871e+01 1.741835e+01
2700113 2.508205e-01 1.912679e+01 1.678214e+01
3000001 2.508205e-01 1.610540e+01 1.608964e+01
1350 2.505376e-01 1.852097e+03 5.669410e+02
301184 2.505376e-01 7.234224e+01 3.544532e+01
600534 2.505376e-01 4.735139e+01 2.235453e+01
900256 2.505376e-01 3.900441e+01 2.025897e+01
1200504 2.505376e-01 3.428069e+01 1.971617e+01
1500029 2.505376e-01 3.076818e+01 1.922543e+01
1800539 2.505376e-01 2.736283e+01 1.842392e+01
2100078 2.505376e-01 2.423159e+01 1.774064e+01
2400178 2.505376e-01 2.153526e+01 1.719698e+01
2700019 2.505376e-01 1.912191e+01 1.647164e+01
3000000 2.505376e-01 1.618465e+01 1.611451e+01
1350 2.500961e-01 1.832439e+03 6.708235e+02
301184 2.500961e-01 7.523707e+01 3.632672e+01
600534 2.500961e-01 4.822252e+01 2.472708e+01
900256 2.500961e-01 3.943492e+01 2.127223e+01
1200504 2.500961e-01 3.431220e+01 2.085246e+01
1500029 2.500961e-01 3.032977e+01 2.065955e+01
1800539 2.500961e-01 2.659544e+01 1.788551e+01
2100078 2.500961e-01 2.376442e+01 1.734499e+01
2400178 2.500961e-01 2.150773e+01 1.657892e+01
2700081 2.500961e-01 1.921893e+01 1.625844e+01
3000003 2.500961e-01 1.642050e+01 1.625844e+01
1350 2.483818e-01 1.825822e+03 7.187542e+02
301184 2.483818e-01 7.224029e+01 3.549964e+01
600534 2.483818e-01 4.751618e+01 2.499518e+01
900256 2.483818e-01 3.921862e+01 2.162758e+01
1200504 2.483818e-01 3.434259e+01 1.991338e+01
1500029 2.483818e-01 3.048860e+01 1.922939e+01
1800539 2.483818e-01 2.681487e+01 1.898150e+01
2100078 2.483818e-01 2.406366e+01 1.796774e+01
2400178 2.483818e-01 2.161392e+01 1.682744e+01
2700055 2.483818e-01 1.941064e+01 1.674566e+01
3000003 2.483818e-01 1.668752e+01 1.667040e+01
1350 2.482733e-01 1.829072e+03 5.493512e+02
301184 2.482733e-01 7.387210e+01 3.567562e+01
600534 2.482733e-01 4.757382e+01 2.485599e+01
900256 2.482733e-01 3.885257e+01 2.019762e+01
1200504 2.482733e-01 3.394578e+01 1.980745e+01
1500029 2.482733e-01 3.033579e+01 1.853064e+01
1800539 2.482733e-01 2.685098e+01 1.776297e+01
2100078 2.482733e-01 2.391605e+01 1.673677e+01
2400178 2.482733e-01 2.163858e+01 1.661350e+01
2700003 2.482733e-01 1.948816e+01 1.653808e+01
3000003 2.482733e-01 1.651037e+01 1.638880e+01
1350 2.495577e-01 1.829566e+03 6.339671e+02
301184 2.495577e-01 7.376338e+01 3.687291e+01
600534 2.495577e-01 4.801746e+01 2.550348e+01
900256 2.495577e-01 3.974533e+01 2.261586e+01
1200504 2.495577e-01 3.504122e+01 2.130307e+01
1500029 2.495577e-01 3.105160e+01 1.937255e+01
1800539 2.495577e-01 2.751540e+01 1.869395e+01
2100078 2.495577e-01 2.450490e+01 1.760744e+01
2400178 2.495577e-01 2.175402e+01 1.722861e+01
2700013 2.495577e-01 1.935348e+01 1.628838e+01
3000005 2.495577e-01 1.567528e+01 1.564630e+01
1350 2.488993e-01 1.816860e+03 7.569126e+02
301184 2.488993e-01 7.314713e+01 3.705713e+01
600534 2.488993e-01 4.794136e+01 2.625266e+01
900256 2.488993e-01 3.944855e+01 2.080488e+01
1200504 2.488993e-01 3.467200e+01 2.077560e+01
1500029 2.488993e-01 3.094422e+01 1.949549e+01
1800539 2.488993e-01 2.715052e+01 1.847959e+01
2100078 2.488993e-01 2.413422e+01 1.752840e+01
2400178 2.488993e-01 2.161850e+01 1.739466e+01
2700082 2.488993e-01 1.940444e+01 1.670576e+01
3000004 2.488993e-01 1.647652e+01 1.618888e+01
1350 2.490368e-01 1.834557e+03 5.550578e+02
301184 2.490368e-01 7.416538e+01 3.038975e+01
600534 2.490368e-01 4.812724e+01 2.269291e+01
900256 2.490368e-01 3.957855e+01 2.088803e+01
1200504 2.490368e-01 3.452617e+01 1.952079e+01
1500029 2.490368e-01 3.064945e+01 1.916865e+01
1800539 2.490368e-01 2.709300e+01 1.809876e+01
2100078 2.490368e-01 2.397038e+01 1.749400e+01
2400178 2.490368e-01 2.139405e+01 1.662284e+01
2700029 2.490368e-01 1.889803e+01 1.625479e+01
3000001 2.490368e-01 1.573323e+01 1.564630e+01
1350 2.496526e-01 1.838683e+03 6.206039e+02
301184 2.496526e-01 7.268967e+01 3.544720e+01
600534 2.496526e-01 4.778483e+01 2.388893e+01
900256 2.496526e-01 3.925045e+01 2.217831e+01
1200504 2.496526e-01 3.434347e+01 2.085300e+01
1500029 2.496526e-01 3.078159e+01 1.934400e+01
1800539 2.496526e-01 2.720685e+01 1.832327e+01
2100078 2.496526e-01 2.404630e+01 1.741343e+01
2400178 2.496526e-01 2.162150e+01 1.705591e+01
2700057 2.496526e-01 1.926178e+01 1.671949e+01
3000005 2.496526e-01 1.621520e+01 1.621520e+01
1350 2.502708e-01 1.856819e+03 5.975651e+02
301184 2.502708e-01 7.314131e+01 3.550541e+01
600534 2.502708e-01 4.744279e+01 2.402419e+01
900256 2.502708e-01 3.910711e+01 1.982274e+01
1200504 2.502708e-01 3.433152e+01 1.881933e+01
1500029 2.502708e-01 3.073662e+01 1.807085e+01
1800539 2.502708e-01 2.737492e+01 1.796520e+01
2100078 2.502708e-01 2.404739e+01 1.776518e+01
2400178 2.502708e-01 2.168001e+01 1.689390e+01
2700012 2.502708e-01 1.971018e+01 1.672576e+01
3000005 2.502708e-01 1.565394e+01 1.556698e+01
1350 2.497022e-01 1.846014e+03 6.739477e+02
301184 2.497022e-01 7.323786e+01 3.050491e+01
600534 2.497022e-01 4.740125e+01 2.442350e+01
900256 2.497022e-01 3.916100e+01 2.269618e+01
1200504 2.497022e-01 3.410726e+01 2.053178e+01
1500029 2.497022e-01 3.039367e+01 1.973155e+01
1800539 2.497022e-01 2.685964e+01 1.850107e+01
2100078 2.497022e-01 2.373460e+01 1.727457e+01
2400178 2.497022e-01 2.147880e+01 1.658658e+01
2700021 2.497022e-01 1.898465e+01 1.597852e+01
3000000 2.497022e-01 1.597852e+01 1.597852e+01
1350 2.499288e-01 1.845725e+03 6.536703e+02
301184 2.499288e-01 7.348567e+01 4.048894e+01
600534 2.499288e-01 4.792130e+01 2.539816e+01
900256 2.499288e-01 3.958605e+01 1.891855e+01
1200504 2.499288e-01 3.467041e+01 1.874655e+01
1500029 2.499288e-01 3.100561e+01 1.801880e+01
1800539 2.499288e-01 2.750174e+01 1.801880e+01
2100078 2.499288e-01 2.424611e+01 1.731584e+01
2400178 2.499288e-01 2.169832e+01 1.633821e+01
2700126 2.499288e-01 1.908257e+01 1.626820e+01
3000001 2.499288e-01 1.583312e+01 1.578382e+01
1350 2.501657e-01 1.830289e+03 5.729950e+02
301184 2.501657e-01 7.289983e+01 3.095893e+01
600534 2.501657e-01 4.779126e+01 2.280373e+01
900256 2.501657e-01 3.961107e+01 2.023840e+01
1200504 2.501657e-01 3.461540e+01 1.964465e+01
1500029 2.501657e-01 3.079583e+01 1.932899e+01
1800539 2.501657e-01 2.731857e+01 1.793538e+01
2100078 2.501657e-01 2.404282e+01 1.634902e+01
2400178 2.501657e-01 2.154999e+01 1.621060e+01
2700083 2.501657e-01 1.903709e+01 1.602145e+01
3000002 2.501657e-01 1.571506e+01 1.564630e+01
1350 2.514127e-01 1.870437e+03 6.816217e+02
301184 2.514127e-01 7.369971e+01 3.902214e+01
600534 2.514127e-01 4.804522e+01 2.319755e+01
900256 2.514127e-01 3.934049e+01 2.062007e+01
1200504 2.514127e-01 3.439393e+01 1.966722e+01
1500029 2.514127e-01 3.054575e+01 1.929989e+01
1800539 2.514127e-01 2.675788e+01 1.862782e+01
2100078 2.514127e-01 2.380702e+01 1.717704e+01
2400178 2.514127e-01 2.146521e+01 1.681922e+01
2700081 2.514127e-01 1.911861e+01 1.648895e+01
3000000 2.514127e-01 1.593243e+01 1.556698e+01
1350 2.488899e-01 1.838551e+03 6.003930e+02
301184 2.488899e-01 7.278978e+01 3.994301e+01
600534 2.488899e-01 4.793716e+01 2.157665e+01
900256 2.488899e-01 3.928796e+01 2.010740e+01
1200504 2.488899e-01 3.451498e+01 1.996060e+01
1500029 2.488899e-01 3.040755e+01 1.886572e+01
1800539 2.488899e-01 2.684336e+01 1.752844e+01
2100078 2.488899e-01 2.401265e+01 1.677937e+01
2400178 2.488899e-01 2.138514e+01 1.632408e+01
2700127 2.488899e-01 1.905533e+01 1.612011e+01
3000000 2.488899e-01 1.578382e+01 1.578382e+01
1350 2.507241e-01 1.860601e+03 6.542534e+02
301184 2.507241e-01 7.321045e+01 3.594801e+01
600534 2.507241e-01 4.792688e+01 2.635781e+01
900256 2.507241e-01 3.928401e+01 2.221321e+01
1200504 2.507241e-01 3.439194e+01 2.178563e+01
1500029 2.507241e-01 3.059369e+01 1.869824e+01
1800539 2.507241e-01 2.691920e+01 1.807410e+01
2100078 2.507241e-01 2.366419e+01 1.721548e+01
2400178 2.507241e-01 2.109954e+01 1.708185e+01
2700130 2.507241e-01 1.876512e+01 1.598259e+01
2999996 2.509098e-01 1.564630e+01 1.564630e+01
1350 2.500212e-01 1.845569e+03 6.940930e+02
301184 2.500212e-01 7.401299e+01 3.337621e+01
600534 2.500212e-01 4.809100e+01 2.597065e+01
900256 2.500212e-01 3.958171e+01 2.239012e+01
1200504 2.500212e-01 3.463024e+01 2.089811e+01
1500029 2.500212e-01 3.089615e+01 2.037765e+01
1800539 2.500212e-01 2.741503e+01 1.814222e+01
2100078 2.500212e-01 2.421545e+01 1.670634e+01
2400178 2.500212e-01 2.189248e+01 1.638973e+01
2700041 2.500212e-01 1.933877e+01 1.628084e+01
3000003 2.500212e-01 1.574293e+01 1.564630e+01
1350 2.508352e-01 1.848044e+03 5.642703e+02
301184 2.508352e-01 7.363165e+01 3.241115e+01
600534 2.508352e-01 4.730009e+01 2.530047e+01
900256 2.508352e-01 3.908784e+01 2.260088e+01
1200504 2.508352e-01 3.443422e+01 2.130588e+01
1500029 2.508352e-01 3.084542e+01 1.921308e+01
1800539 2.508352e-01 2.739023e+01 1.862865e+01
2100078 2.508352e-01 2.417732e+01 1.717768e+01
2400178 2.508352e-01 2.168076e+01 1.691119e+01
2700109 2.508352e-01 1.937885e+01 1.643357e+01
3000002 2.508352e-01 1.670248e+01 1.643357e+01
1350 2.499370e-01 1.834013e+03 5.482748e+02
301184 2.499370e-01 7.447589e+01 3.686388e+01
600534 2.499370e-01 4.814659e+01 2.544280e+01
900256 2.499370e-01 3.951981e+01 2.120113e+01
1200504 2.499370e-01 3.452492e+01 1.935975e+01
1500029 2.499370e-01 3.069194e+01 1.913508e+01
1800539 2.499370e-01 2.691965e+01 1.876530e+01
2100078 2.499370e-01 2.398198e+01 1.765438e+01
2400178 2.499370e-01 2.172249e+01 1.734769e+01
2700058 2.499370e-01 1.946220e+01 1.635776e+01
3000000 2.499370e-01 1.628500e+01 1.608964e+01
1350 2.505661e-01 1.842790e+03 7.109014e+02
301184 2.505661e-01 7.360235e+01 3.764877e+01
600534 2.505661e-01 4.816667e+01 2.398245e+01
900256 2.505661e-01 3.953814e+01 2.217907e+01
1200504 2.505661e-01 3.453619e+01 2.082437e+01
1500029 2.505661e-01 3.051369e+01 1.966025e+01
1800539 2.505661e-01 2.678535e+01 1.822100e+01
2100078 2.505661e-01 2.379328e+01 1.699114e+01
2400178 2.505661e-01 2.141891e+01 1.649552e+01
2700047 2.505661e-01 1.879229e+01 1.564630e+01
3000005 2.505661e-01 1.564630e+01 1.564630e+01
1.59e+01 (3.28e-01): 
1.578382e+01 1.556698e+01 1.643300e+01 1.582017e+01 1.613347e+01 1.564630e+01 1.556698e+01 1.633411e+01 1.556698e+01 1.582017e+01 1.608964e+01 1.611451e+01 1.625844e+01 1.667040e+01 1.638880e+01 1.564630e+01 1.618888e+01 1.564630e+01 1.621520e+01 1.556698e+01 1.597852e+01 1.578382e+01 1.564630e+01 1.556698e+01 1.578382e+01 1.564630e+01 1.564630e+01 1.643357e+01 1.608964e+01 1.564630e+01 1350 2.496311e-01 1.834207e+03 7.250126e+02
300791 2.496311e-01 7.581312e+01 3.862840e+01
600244 2.496311e-01 4.888139e+01 2.741842e+01
900932 2.496311e-01 3.950703e+01 2.328820e+01
1200328 2.496311e-01 3.454956e+01 2.185511e+01
1500446 2.496311e-01 3.084511e+01 2.009983e+01
1800390 2.496311e-01 2.718929e+01 1.888208e+01
2100130 2.496311e-01 2.414545e+01 1.757987e+01
2400106 2.496311e-01 2.172276e+01 1.687580e+01
2700000 2.496311e-01 1.935953e+01 1.675407e+01
3000003 2.496311e-01 1.561986e+01 1.556698e+01
1350 2.507014e-01 1.848012e+03 6.078824e+02
300674 2.507014e-01 7.589924e+01 4.206926e+01
600420 2.507014e-01 4.861252e+01 2.365783e+01
900206 2.507014e-01 3.967861e+01 2.104963e+01
1200171 2.507014e-01 3.472119e+01 1.930574e+01
1500505 2.507014e-01 3.109231e+01 1.899491e+01
1800136 2.507014e-01 2.733029e+01 1.728131e+01
2100235 2.507014e-01 2.448358e+01 1.709327e+01
2400202 2.507014e-01 2.205464e+01 1.646749e+01
2700088 2.507014e-01 1.950591e+01 1.607965e+01
3000000 2.507014e-01 1.606231e+01 1.564630e+01
1350 2.501181e-01 1.850659e+03 5.509992e+02
301011 2.501181e-01 7.466175e+01 3.596177e+01
600604 2.501181e-01 4.835064e+01 2.412668e+01
900418 2.501181e-01 3.958246e+01 2.298175e+01
1200766 2.501181e-01 3.473334e+01 1.963139e+01
1500372 2.501181e-01 3.102133e+01 1.950529e+01
1800506 2.501181e-01 2.759805e+01 1.879480e+01
2100133 2.501181e-01 2.418991e+01 1.683193e+01
2400023 2.501181e-01 2.182206e+01 1.662468e+01
2700045 2.501181e-01 1.951839e+01 1.658982e+01
3000004 2.501181e-01 1.633762e+01 1.619533e+01
1350 2.517018e-01 1.846642e+03 7.161084e+02
300464 2.517018e-01 7.473172e+01 3.493970e+01
600508 2.517018e-01 4.796515e+01 2.706853e+01
900113 2.517018e-01 3.927477e+01 2.151448e+01
1200436 2.517018e-01 3.439875e+01 2.019665e+01
1500018 2.517018e-01 3.064622e+01 1.905164e+01
1800049 2.517018e-01 2.706863e+01 1.824384e+01
2100205 2.517018e-01 2.395288e+01 1.693686e+01
2400036 2.517018e-01 2.176171e+01 1.669030e+01
2700104 2.517018e-01 1.933009e+01 1.641034e+01
3000002 2.517018e-01 1.634562e+01 1.621520e+01
1350 2.491333e-01 1.848548e+03 6.604291e+02
300470 2.491333e-01 7.606761e+01 3.410394e+01
600173 2.491333e-01 4.938671e+01 2.494726e+01
900075 2.491333e-01 4.064412e+01 2.240567e+01
1200397 2.491333e-01 3.549738e+01 2.114026e+01
1500724 2.491333e-01 3.157039e+01 2.032483e+01
1800143 2.491333e-01 2.782979e+01 1.934210e+01
2100105 2.491333e-01 2.437486e+01 1.643594e+01
2400034 2.491333e-01 2.173514e+01 1.643594e+01
2700053 2.491333e-01 1.933367e+01 1.622519e+01
3000000 2.491333e-01 2.862942e+00 2.862942e+00
1350 2.489672e-01 1.836086e+03 7.724743e+02
300468 2.489672e-01 7.527326e+01 3.654516e+01
600678 2.489672e-01 4.821816e+01 2.363817e+01
900753 2.489672e-01 3.956170e+01 2.001374e+01
1200116 2.489672e-01 3.451782e+01 1.931100e+01
1500348 2.489672e-01 3.061359e+01 1.873176e+01
1800472 2.489672e-01 2.717071e+01 1.809889e+01
2100001 2.489672e-01 2.409357e+01 1.705544e+01
2400131 2.489672e-01 2.154066e+01 1.676965e+01
2700131 2.489672e-01 1.927705e+01 1.604079e+01
3000005 2.489672e-01 1.584942e+01 1.570450e+01
1350 2.511932e-01 1.838007e+03 7.333736e+02
300730 2.511932e-01 7.456046e+01 3.291987e+01
601255 2.511932e-01 4.809383e+01 2.609553e+01
900857 2.511932e-01 3.956993e+01 2.401373e+01
1200408 2.511932e-01 3.479894e+01 1.886415e+01
1500236 2.511932e-01 3.080034e+01 1.797507e+01
1800216 2.511932e-01 2.717384e+01 1.792347e+01
2100038 2.511932e-01 2.396680e+01 1.740903e+01
2400243 2.511932e-01 2.158987e+01 1.654719e+01
2700044 2.511932e-01 1.948479e+01 1.627842e+01
3000001 2.511932e-01 1.623750e+01 1.611601e+01
1350 2.485633e-01 1.829716e+03 7.294540e+02
301179 2.485633e-01 7.591153e+01 3.470247e+01
601075 2.485633e-01 4.824115e+01 2.422496e+01
900029 2.485633e-01 3.974802e+01 2.256330e+01
1200424 2.485633e-01 3.473433e+01 2.063799e+01
1500073 2.485633e-01 3.094899e+01 1.956352e+01
1800001 2.485633e-01 2.727413e+01 1.911899e+01
2100011 2.485633e-01 2.415090e+01 1.825680e+01
2400050 2.485633e-01 2.185971e+01 1.756768e+01
2700070 2.485633e-01 1.945347e+01 1.647164e+01
3000001 2.485633e-01 1.651881e+01 1.636301e+01
1350 2.501132e-01 1.850070e+03 6.349444e+02
301087 2.501132e-01 7.453606e+01 3.562911e+01
600130 2.501132e-01 4.865789e+01 2.404901e+01
900072 2.501132e-01 3.992392e+01 2.093817e+01
1200377 2.501132e-01 3.497824e+01 2.045490e+01
1500676 2.501132e-01 3.115310e+01 1.771693e+01
1800088 2.501132e-01 2.755551e+01 1.722350e+01
2100331 2.501132e-01 2.434680e+01 1.688726e+01
2400200 2.501132e-01 2.206276e+01 1.684098e+01
2700136 2.501132e-01 1.966568e+01 1.611601e+01
3000002 2.501132e-01 1.610410e+01 1.594213e+01
1350 2.517194e-01 1.853263e+03 7.349653e+02
300743 2.517194e-01 7.496475e+01 3.550929e+01
600388 2.517194e-01 4.770446e+01 2.827455e+01
900163 2.517194e-01 3.908672e+01 2.316614e+01
1200453 2.517194e-01 3.431034e+01 2.160281e+01
1500362 2.517194e-01 3.037428e+01 2.034438e+01
1800537 2.517194e-01 2.708398e+01 1.785949e+01
2100264 2.517194e-01 2.411775e+01 1.735878e+01
2400227 2.517194e-01 2.186768e+01 1.690703e+01
2700118 2.517194e-01 1.945830e+01 1.636047e+01
3000000 2.517194e-01 1.608288e+01 1.601032e+01
1350 2.508205e-01 1.856943e+03 6.631869e+02
300107 2.508205e-01 7.597712e+01 3.464033e+01
600897 2.508205e-01 4.809670e+01 2.615573e+01
900124 2.508205e-01 3.937800e+01 2.296311e+01
1200156 2.508205e-01 3.449378e+01 2.016455e+01
1500429 2.508205e-01 3.080843e+01 1.878700e+01
1800414 2.508205e-01 2.721252e+01 1.734170e+01
2100041 2.508205e-01 2.398903e+01 1.677808e+01
2400209 2.508205e-01 2.151515e+01 1.634359e+01
2700110 2.508205e-01 1.919088e+01 1.564630e+01
3000002 2.508205e-01 1.582745e+01 1.564630e+01
1350 2.505376e-01 1.852097e+03 5.669410e+02
300872 2.505376e-01 7.472514e+01 3.201826e+01
600140 2.505376e-01 4.804227e+01 2.490410e+01
900553 2.505376e-01 3.935910e+01 2.136382e+01
1200172 2.505376e-01 3.432261e+01 2.115123e+01
1500509 2.505376e-01 3.059626e+01 1.898189e+01
1800463 2.505376e-01 2.690960e+01 1.878829e+01
2100281 2.505376e-01 2.379403e+01 1.756711e+01
2400006 2.505376e-01 2.119240e+01 1.660324e+01
2700108 2.505376e-01 1.894793e+01 1.647164e+01
3000003 2.505376e-01 1.594870e+01 1.582017e+01
1350 2.500961e-01 1.832439e+03 6.708235e+02
300227 2.500961e-01 7.468830e+01 3.187770e+01
600089 2.500961e-01 4.841729e+01 2.498441e+01
900776 2.500961e-01 3.953299e+01 2.097267e+01
1200208 2.500961e-01 3.452190e+01 2.042486e+01
1500568 2.500961e-01 3.076657e+01 1.895981e+01
1800000 2.500961e-01 2.728973e+01 1.799490e+01
2100153 2.500961e-01 2.387698e+01 1.660823e+01
2400030 2.500961e-01 2.124920e+01 1.638704e+01
2700225 2.500961e-01 1.910005e+01 1.604079e+01
3000001 2.500961e-01 1.556698e+01 1.556698e+01
1350 2.483818e-01 1.825822e+03 7.187542e+02
300981 2.483818e-01 7.500375e+01 3.258746e+01
600328 2.483818e-01 4.801290e+01 2.447207e+01
900170 2.483818e-01 3.962406e+01 2.167369e+01
1200207 2.483818e-01 3.476364e+01 1.987274e+01
1500594 2.483818e-01 3.100753e+01 1.913049e+01
1800280 2.483818e-01 2.732345e+01 1.770130e+01
2100379 2.483818e-01 2.408468e+01 1.719182e+01
2400245 2.483818e-01 2.163242e+01 1.633643e+01
2700078 2.483818e-01 1.928430e+01 1.590327e+01
3000002 2.483818e-01 1.556698e+01 1.556698e+01
1350 2.482733e-01 1.829072e+03 5.493512e+02
300597 2.482733e-01 7.519707e+01 3.366725e+01
600490 2.482733e-01 4.803936e+01 2.154912e+01
900149 2.482733e-01 3.927237e+01 2.131841e+01
1200808 2.482733e-01 3.419412e+01 2.019358e+01
1500357 2.482733e-01 3.051440e+01 1.967591e+01
1800160 2.482733e-01 2.691968e+01 1.819674e+01
2100237 2.482733e-01 2.376140e+01 1.754887e+01
2400068 2.482733e-01 2.149704e+01 1.724751e+01
2700092 2.482733e-01 1.948715e+01 1.629425e+01
3000000 2.482733e-01 1.644104e+01 1.629425e+01
1350 2.495577e-01 1.829566e+03 6.339671e+02
300448 2.495577e-01 7.630947e+01 3.649728e+01
600737 2.495577e-01 4.863203e+01 2.613735e+01
900525 2.495577e-01 4.006676e+01 2.212635e+01
1200671 2.495577e-01 3.508439e+01 2.097448e+01
1500243 2.495577e-01 3.120953e+01 1.929570e+01
1800200 2.495577e-01 2.733958e+01 1.847692e+01
2100020 2.495577e-01 2.432549e+01 1.814785e+01
2400050 2.495577e-01 2.185739e+01 1.718217e+01
2700045 2.495577e-01 1.927936e+01 1.657668e+01
3000004 2.495577e-01 1.592066e+01 1.564630e+01
1350 2.488993e-01 1.816860e+03 7.569126e+02
300700 2.488993e-01 7.420523e+01 3.763496e+01
600769 2.488993e-01 4.802633e+01 2.795206e+01
900567 2.488993e-01 3.921505e+01 2.144748e+01
1200045 2.488993e-01 3.425940e+01 2.019506e+01
1500633 2.488993e-01 3.030851e+01 1.965294e+01
1800045 2.488993e-01 2.678818e+01 1.865437e+01
2100137 2.488993e-01 2.369755e+01 1.783783e+01
2400001 2.488993e-01 2.126904e+01 1.693239e+01
2700131 2.488993e-01 1.909545e+01 1.629492e+01
3000004 2.488993e-01 1.566570e+01 1.564630e+01
1350 2.490368e-01 1.834557e+03 5.550578e+02
301008 2.490368e-01 7.331796e+01 3.606864e+01
600665 2.490368e-01 4.823408e+01 2.660298e+01
900077 2.490368e-01 3.960192e+01 2.423435e+01
1200393 2.490368e-01 3.491003e+01 2.236635e+01
1500120 2.490368e-01 3.108666e+01 2.085339e+01
1800182 2.490368e-01 2.725627e+01 1.832151e+01
2100007 2.490368e-01 2.439448e+01 1.731755e+01
2400049 2.490368e-01 2.183472e+01 1.713746e+01
2700091 2.490368e-01 1.927434e+01 1.629776e+01
3000004 2.490368e-01 1.589588e+01 1.582017e+01
1350 2.496526e-01 1.838683e+03 6.206039e+02
300094 2.496526e-01 7.484324e+01 3.819368e+01
600941 2.496526e-01 4.792829e+01 2.165191e+01
900152 2.496526e-01 3.932880e+01 2.065892e+01
1200452 2.496526e-01 3.452060e+01 2.014983e+01
1500286 2.496526e-01 3.060910e+01 1.924159e+01
1800345 2.496526e-01 2.712579e+01 1.840573e+01
2100206 2.496526e-01 2.391540e+01 1.684403e+01
2400115 2.496526e-01 2.141579e+01 1.663201e+01
2700083 2.496526e-01 1.910604e+01 1.611451e+01
3000004 2.496526e-01 1.610778e+01 1.609433e+01
1350 2.502708e-01 1.856819e+03 5.975651e+02
300292 2.502708e-01 7.624049e+01 3.590349e+01
600786 2.502708e-01 4.848076e+01 2.442487e+01
900203 2.502708e-01 3.966650e+01 2.269668e+01
1200472 2.502708e-01 3.474795e+01 2.128300e+01
1500254 2.502708e-01 3.103687e+01 1.995331e+01
1800194 2.502708e-01 2.744838e+01 1.909200e+01
2100016 2.502708e-01 2.415156e+01 1.784124e+01
2400229 2.502708e-01 2.162291e+01 1.680959e+01
2700137 2.502708e-01 1.944851e+01 1.619533e+01
3000002 2.502708e-01 1.574085e+01 1.574085e+01
1350 2.497022e-01 1.846014e+03 6.739477e+02
300072 2.497022e-01 7.477651e+01 3.314556e+01
600358 2.497022e-01 4.747758e+01 2.236035e+01
900646 2.497022e-01 3.917599e+01 2.048775e+01
1200139 2.497022e-01 3.421603e+01 2.017250e+01
1500582 2.497022e-01 3.058254e+01 1.970962e+01
1800430 2.497022e-01 2.681638e+01 1.884127e+01
2100066 2.497022e-01 2.367231e+01 1.731629e+01
2400439 2.497022e-01 2.135433e+01 1.664746e+01
2700133 2.497022e-01 1.926720e+01 1.655149e+01
3000003 2.497022e-01 1.679482e+01 1.655149e+01
1350 2.499288e-01 1.845725e+03 6.536703e+02
301202 2.499288e-01 7.486680e+01 3.722805e+01
600603 2.499288e-01 4.820666e+01 2.415910e+01
900540 2.499288e-01 3.982956e+01 2.152999e+01
1200049 2.499288e-01 3.490335e+01 2.041183e+01
1500107 2.499288e-01 3.103843e+01 1.945285e+01
1800402 2.499288e-01 2.753515e+01 1.706278e+01
2100367 2.499288e-01 2.445134e+01 1.686132e+01
2400205 2.499288e-01 2.202695e+01 1.653544e+01
2700044 2.499288e-01 1.962941e+01 1.615897e+01
3000000 2.499288e-01 1.564630e+01 1.564630e+01
1350 2.501657e-01 1.830289e+03 5.729950e+02
300049 2.501657e-01 7.513372e+01 3.798182e+01
600607 2.501657e-01 4.843137e+01 2.453951e+01
900421 2.501657e-01 3.965406e+01 2.375500e+01
1200693 2.501657e-01 3.468834e+01 2.084610e+01
1500231 2.501657e-01 3.105023e+01 1.989909e+01
1800538 2.501657e-01 2.726800e+01 1.791752e+01
2100178 2.501657e-01 2.429577e+01 1.727507e+01
2400002 2.501657e-01 2.167755e+01 1.693440e+01
2700058 2.501657e-01 1.930678e+01 1.652895e+01
3000002 2.501657e-01 1.624164e+01 1.622802e+01
1350 2.514127e-01 1.870437e+03 6.816217e+02
301007 2.514127e-01 7.516665e+01 3.171502e+01
600673 2.514127e-01 4.815536e+01 2.460968e+01
900600 2.514127e-01 3.920161e+01 2.161570e+01
1200016 2.514127e-01 3.435683e+01 2.033384e+01
1500387 2.514127e-01 3.075543e+01 1.933594e+01
1800363 2.514127e-01 2.717733e+01 1.725064e+01
2100330 2.514127e-01 2.408837e+01 1.708401e+01
2400262 2.514127e-01 2.172003e+01 1.670531e+01
2700132 2.514127e-01 1.956109e+01 1.666283e+01
3000002 2.514127e-01 1.624467e+01 1.602145e+01
1350 2.488899e-01 1.838551e+03 6.003930e+02
300930 2.488899e-01 7.527313e+01 2.906828e+01
600442 2.488899e-01 4.819498e+01 2.593532e+01
900491 2.488899e-01 3.944875e+01 2.002591e+01
1200748 2.488899e-01 3.454534e+01 1.997042e+01
1500320 2.488899e-01 3.078366e+01 1.988933e+01
1800000 2.488899e-01 2.729281e+01 1.875060e+01
2100348 2.488899e-01 2.429894e+01 1.783406e+01
2400109 2.488899e-01 2.186791e+01 1.727927e+01
2700064 2.488899e-01 1.955180e+01 1.669341e+01
2999991 2.490742e-01 1.675378e+01 1.669341e+01
1350 2.507241e-01 1.860601e+03 6.542534e+02
300533 2.507241e-01 7.559593e+01 3.103138e+01
600666 2.507241e-01 4.872176e+01 2.521981e+01
900390 2.507241e-01 3.997923e+01 2.292590e+01
1200673 2.507241e-01 3.491521e+01 1.973162e+01
1500402 2.507241e-01 3.107010e+01 1.922399e+01
1800120 2.507241e-01 2.738658e+01 1.899814e+01
2100110 2.507241e-01 2.414251e+01 1.749158e+01
2400132 2.507241e-01 2.164857e+01 1.740202e+01
2700082 2.507241e-01 1.935185e+01 1.677745e+01
3000005 2.507241e-01 1.631434e+01 1.618888e+01
1350 2.500212e-01 1.845569e+03 6.940930e+02
301154 2.500212e-01 7.749959e+01 3.652430e+01
600403 2.500212e-01 4.934613e+01 2.612886e+01
900204 2.500212e-01 4.000377e+01 2.142297e+01
1200605 2.500212e-01 3.509023e+01 1.999604e+01
1500223 2.500212e-01 3.130377e+01 1.989014e+01
1800024 2.500212e-01 2.749299e+01 1.946727e+01
2100197 2.500212e-01 2.418869e+01 1.741088e+01
2400130 2.500212e-01 2.177844e+01 1.676014e+01
2700015 2.500212e-01 1.939585e+01 1.644021e+01
3000001 2.500212e-01 1.609252e+01 1.594213e+01
1350 2.508352e-01 1.848044e+03 5.642703e+02
300508 2.508352e-01 7.463059e+01 3.288349e+01
600388 2.508352e-01 4.828049e+01 2.406895e+01
900575 2.508352e-01 3.943429e+01 2.205914e+01
1200589 2.508352e-01 3.419237e+01 2.097527e+01
1500057 2.508352e-01 3.036525e+01 1.887456e+01
1800257 2.508352e-01 2.673157e+01 1.819897e+01
2100285 2.508352e-01 2.374519e+01 1.742157e+01
2400237 2.508352e-01 2.142404e+01 1.702696e+01
2700024 2.508352e-01 1.905390e+01 1.641370e+01
3000005 2.508352e-01 1.644781e+01 1.641370e+01
1350 2.499370e-01 1.834013e+03 5.482748e+02
300848 2.499370e-01 7.501440e+01 3.462871e+01
600395 2.499370e-01 4.819868e+01 2.587027e+01
900868 2.499370e-01 3.927755e+01 1.922346e+01
1200327 2.499370e-01 3.436356e+01 1.907963e+01
1500450 2.499370e-01 3.047521e+01 1.893787e+01
1800520 2.499370e-01 2.697259e+01 1.785282e+01
2100036 2.499370e-01 2.364511e+01 1.708217e+01
2400084 2.499370e-01 2.108396e+01 1.695720e+01
2700081 2.499370e-01 1.881337e+01 1.595769e+01
3000000 2.499370e-01 1.626352e+01 1.595769e+01
1350 2.505661e-01 1.842790e+03 7.109014e+02
300614 2.505661e-01 7.484184e+01 4.114006e+01
600903 2.505661e-01 4.818669e+01 2.589414e+01
900878 2.505661e-01 3.927183e+01 2.397975e+01
1200787 2.505661e-01 3.457344e+01 2.075377e+01
1500284 2.505661e-01 3.103234e+01 1.964140e+01
1800422 2.505661e-01 2.743866e+01 1.896500e+01
2100125 2.505661e-01 2.428105e+01 1.704818e+01
2400227 2.505661e-01 2.209966e+01 1.670508e+01
2700125 2.505661e-01 1.986545e+01 1.643300e+01
3000005 2.505661e-01 1.633221e+01 1.620906e+01
1.55e+01 (2.42e+00): 
1.556698e+01 1.564630e+01 1.619533e+01 1.621520e+01 2.862942e+00 1.570450e+01 1.611601e+01 1.636301e+01 1.594213e+01 1.601032e+01 1.564630e+01 1.582017e+01 1.556698e+01 1.556698e+01 1.629425e+01 1.564630e+01 1.564630e+01 1.582017e+01 1.609433e+01 1.574085e+01 1.655149e+01 1.564630e+01 1.622802e+01 1.602145e+01 1.669341e+01 1.618888e+01 1.594213e+01 1.641370e+01 1.595769e+01 1.620906e+01 