600 2.481754e-01 7.923186e+02 1.512137e+02
100703 2.481754e-01 4.638426e+01 1.714634e+01
200155 2.481754e-01 2.005127e+01 4.201744e+00
300020 2.481754e-01 1.252465e+01 2.665299e+00
400219 2.481754e-01 3.580509e-01 1.662984e-02
500245 2.481754e-01 3.771096e-03 6.791451e-04
600031 2.481754e-01 5.931501e-05 1.962662e-05
700166 2.481754e-01 4.284811e-07 1.119663e-07
800063 2.481754e-01 2.093766e-10 3.751666e-11
900052 2.481754e-01 1.958912e-13 0.000000e+00
1000001 2.481754e-01 0.000000e+00 0.000000e+00
600 2.490543e-01 7.945054e+02 1.540101e+02
100563 2.490543e-01 4.595882e+01 1.457497e+01
200310 2.490543e-01 2.022784e+01 4.451255e+00
300196 2.490543e-01 1.295245e+01 1.174248e+00
400148 2.490543e-01 3.386690e-01 3.008350e-02
500062 2.490543e-01 3.981107e-03 7.677045e-04
600084 2.490543e-01 7.366043e-05 1.742366e-05
700036 2.490543e-01 4.693263e-07 9.123551e-08
800028 2.490543e-01 3.520981e-10 6.616574e-11
900025 2.490543e-01 1.923931e-13 0.000000e+00
1000000 2.490543e-01 0.000000e+00 0.000000e+00
600 2.488799e-01 7.973774e+02 1.641300e+02
100138 2.488799e-01 4.631986e+01 1.144334e+01
200233 2.488799e-01 2.040744e+01 4.422072e+00
300092 2.488799e-01 1.366296e+01 1.593753e+00
400177 2.488799e-01 6.419413e-01 9.809070e-03
500012 2.488799e-01 5.726258e-03 1.119938e-03
600134 2.488799e-01 1.022487e-04 2.486027e-05
700174 2.488799e-01 5.291829e-07 1.373976e-07
800012 2.488799e-01 4.562517e-10 1.123226e-10
900046 2.488799e-01 2.098834e-13 0.000000e+00
1000004 2.488799e-01 0.000000e+00 0.000000e+00
600 2.533213e-01 7.986981e+02 8.916757e+01
100114 2.533213e-01 4.976115e+01 1.230450e+01
200004 2.533213e-01 2.083415e+01 3.753628e+00
300139 2.533213e-01 1.510500e+01 1.849180e+00
400009 2.533213e-01 1.255982e+00 9.021779e-02
500020 2.533213e-01 5.944189e-03 1.069210e-03
600196 2.533213e-01 1.087866e-04 1.917351e-05
700180 2.533213e-01 7.099142e-07 1.870931e-07
800110 2.533213e-01 5.018701e-10 1.116405e-10
900062 2.533213e-01 1.993892e-13 0.000000e+00
999955 2.537436e-01 0.000000e+00 0.000000e+00
600 2.465582e-01 7.702925e+02 1.501877e+02
100244 2.465582e-01 4.824493e+01 1.484221e+01
200593 2.465582e-01 2.068030e+01 3.964818e+00
300614 2.465582e-01 1.366843e+01 1.283411e+00
400173 2.465582e-01 4.416231e-01 5.641992e-02
500004 2.465582e-01 3.849196e-03 8.761821e-04
600179 2.465582e-01 7.731371e-05 1.850521e-05
700150 2.465582e-01 4.469731e-07 1.070293e-07
800089 2.465582e-01 2.242905e-10 4.661160e-11
900013 2.465582e-01 2.028873e-13 0.000000e+00
1000005 2.465582e-01 0.000000e+00 0.000000e+00
600 2.527145e-01 8.181755e+02 1.497502e+02
100227 2.527145e-01 5.341407e+01 1.578409e+01
200279 2.527145e-01 2.080494e+01 4.189298e+00
300008 2.527145e-01 1.366439e+01 1.269119e+00
400346 2.527145e-01 6.368555e-01 6.465932e-02
500296 2.527145e-01 4.874840e-03 1.162463e-03
600030 2.527145e-01 8.190503e-05 2.060404e-05
700083 2.527145e-01 5.486715e-07 1.353717e-07
800094 2.527145e-01 3.869536e-10 1.036824e-10
900059 2.527145e-01 2.203776e-13 0.000000e+00
1000003 2.527145e-01 0.000000e+00 0.000000e+00
600 2.503961e-01 7.915648e+02 1.450159e+02
100301 2.503961e-01 4.974181e+01 1.412002e+01
200824 2.503961e-01 2.093987e+01 5.648016e+00
300207 2.503961e-01 1.377681e+01 1.289586e+00
400359 2.503961e-01 4.462338e-01 4.681037e-02
500110 2.503961e-01 3.920681e-03 1.088079e-03
600028 2.503961e-01 6.170237e-05 1.602536e-05
700002 2.503961e-01 4.895668e-07 1.561687e-07
800048 2.503961e-01 2.968882e-10 4.411049e-11
900047 2.503961e-01 2.168795e-13 0.000000e+00
1000005 2.503961e-01 0.000000e+00 0.000000e+00
600 2.476866e-01 7.898241e+02 1.641715e+02
100293 2.476866e-01 4.843056e+01 1.352773e+01
200371 2.476866e-01 2.049978e+01 4.726370e+00
300014 2.476866e-01 1.236804e+01 1.358842e+00
400312 2.476866e-01 3.470620e-01 3.681385e-02
500228 2.476866e-01 3.204406e-03 7.938673e-04
600069 2.476866e-01 5.386701e-05 1.657837e-05
700078 2.476866e-01 3.051327e-07 6.875234e-08
800047 2.476866e-01 2.707275e-10 8.344614e-11
900045 2.476866e-01 2.098834e-13 0.000000e+00
999995 2.480994e-01 0.000000e+00 0.000000e+00
600 2.470424e-01 7.999005e+02 1.682581e+02
100132 2.470424e-01 5.060960e+01 1.795455e+01
200370 2.470424e-01 2.044452e+01 4.427105e+00
300166 2.470424e-01 1.326802e+01 1.271528e+00
400128 2.470424e-01 5.125021e-01 4.061471e-02
500120 2.470424e-01 3.882737e-03 6.149398e-04
600129 2.470424e-01 8.048178e-05 2.045250e-05
700073 2.470424e-01 5.822326e-07 1.252383e-07
800047 2.470424e-01 3.488458e-10 7.571543e-11
900005 2.470424e-01 2.168795e-13 0.000000e+00
1000000 2.470424e-01 0.000000e+00 0.000000e+00
600 2.519750e-01 8.033165e+02 1.784265e+02
100512 2.519750e-01 4.244410e+01 1.352657e+01
200129 2.519750e-01 2.049412e+01 4.069425e+00
300175 2.519750e-01 1.419860e+01 1.626398e+00
400024 2.519750e-01 5.982905e-01 5.444912e-02
500078 2.519750e-01 5.087175e-03 1.419147e-03
600239 2.519750e-01 8.324369e-05 2.555012e-05
700105 2.519750e-01 4.116122e-07 9.275072e-08
800071 2.519750e-01 3.797468e-10 9.322321e-11
900021 2.519750e-01 1.923931e-13 0.000000e+00
999978 2.523950e-01 0.000000e+00 0.000000e+00
600 2.481702e-01 7.924458e+02 1.264289e+02
100147 2.481702e-01 5.269144e+01 1.842883e+01
200442 2.481702e-01 2.104923e+01 5.442688e+00
300128 2.481702e-01 1.494763e+01 2.175477e+00
400308 2.481702e-01 7.968025e-01 8.332401e-02
500270 2.481702e-01 6.620328e-03 1.127789e-03
600056 2.481702e-01 1.216141e-04 3.391528e-05
700107 2.481702e-01 8.985432e-07 2.481117e-07
800032 2.481702e-01 5.248330e-10 1.195986e-10
900015 2.481702e-01 1.888951e-13 0.000000e+00
1000000 2.481702e-01 0.000000e+00 0.000000e+00
600 2.493656e-01 7.796125e+02 1.774856e+02
100371 2.493656e-01 4.863715e+01 1.301617e+01
200320 2.493656e-01 2.010743e+01 5.091173e+00
300040 2.493656e-01 1.247320e+01 1.106333e+00
400283 2.493656e-01 3.153643e-01 5.223787e-02
500300 2.493656e-01 3.780321e-03 1.073260e-03
600080 2.493656e-01 6.783952e-05 1.875848e-05
700044 2.493656e-01 3.339394e-07 8.227994e-08
800123 2.493656e-01 1.957869e-10 5.320544e-11
900004 2.493656e-01 1.364242e-13 0.000000e+00
1000005 2.493656e-01 0.000000e+00 0.000000e+00
600 2.490850e-01 7.911334e+02 1.794050e+02
100281 2.490850e-01 4.640373e+01 1.675467e+01
200350 2.490850e-01 2.096058e+01 2.030516e+00
300213 2.490850e-01 1.422658e+01 1.484364e+00
400121 2.490850e-01 6.307958e-01 3.715966e-02
500213 2.490850e-01 4.461924e-03 5.055133e-04
600019 2.490850e-01 1.012116e-04 3.340644e-05
700076 2.490850e-01 6.124285e-07 1.795850e-07
800026 2.490850e-01 5.254697e-10 1.673470e-10
900034 2.490850e-01 2.238756e-13 0.000000e+00
1000002 2.490850e-01 0.000000e+00 0.000000e+00
600 2.490583e-01 7.939092e+02 1.411460e+02
100316 2.490583e-01 4.803656e+01 1.176454e+01
200450 2.490583e-01 2.016926e+01 3.974417e+00
300093 2.490583e-01 1.329052e+01 1.619507e+00
400129 2.490583e-01 3.636273e-01 1.917841e-02
500260 2.490583e-01 3.430849e-03 1.065443e-03
600196 2.490583e-01 6.184467e-05 1.288432e-05
700174 2.490583e-01 4.259478e-07 1.075432e-07
800110 2.490583e-01 2.174911e-10 3.342393e-11
900017 2.490583e-01 1.574125e-13 0.000000e+00
999978 2.494734e-01 0.000000e+00 0.000000e+00
600 2.487310e-01 7.859962e+02 2.079496e+02
100040 2.487310e-01 5.005605e+01 1.727074e+01
200415 2.487310e-01 2.117507e+01 6.069552e+00
300241 2.487310e-01 1.457400e+01 3.010315e+00
400253 2.487310e-01 1.099029e+00 7.231880e-02
500111 2.487310e-01 6.128171e-03 1.540793e-03
600174 2.487310e-01 1.119374e-04 3.224026e-05
700165 2.487310e-01 6.684824e-07 1.397789e-07
800051 2.487310e-01 4.205776e-10 6.161827e-11
900025 2.487310e-01 1.958912e-13 0.000000e+00
1000003 2.487310e-01 0.000000e+00 0.000000e+00
600 2.490479e-01 7.914064e+02 9.370979e+01
100716 2.490479e-01 4.868076e+01 1.593712e+01
200041 2.490479e-01 2.039869e+01 4.713693e+00
300264 2.490479e-01 1.154979e+01 1.934257e+00
400109 2.490479e-01 3.094817e-01 1.574735e-02
500203 2.490479e-01 3.733155e-03 8.144758e-04
600150 2.490479e-01 6.883232e-05 1.186212e-05
700004 2.490479e-01 3.888508e-07 1.644084e-07
800060 2.490479e-01 3.276073e-10 6.389200e-11
900000 2.490479e-01 1.888951e-13 0.000000e+00
1000000 2.490479e-01 0.000000e+00 0.000000e+00
600 2.473587e-01 7.956352e+02 1.407819e+02
100248 2.473587e-01 4.857384e+01 1.522946e+01
200278 2.473587e-01 2.004166e+01 4.273069e+00
300411 2.473587e-01 1.273398e+01 1.611887e+00
400194 2.473587e-01 3.615090e-01 1.854950e-02
500129 2.473587e-01 3.755485e-03 1.024576e-03
600044 2.473587e-01 7.114764e-05 2.643121e-05
700099 2.473587e-01 5.595021e-07 8.781012e-08
800026 2.473587e-01 5.033253e-10 1.214175e-10
900038 2.473587e-01 2.308717e-13 0.000000e+00
999987 2.477709e-01 0.000000e+00 0.000000e+00
600 2.476152e-01 7.858573e+02 1.404296e+02
100324 2.476152e-01 5.304131e+01 1.650429e+01
200472 2.476152e-01 2.070252e+01 2.545245e+00
300007 2.476152e-01 1.433503e+01 1.576863e+00
400164 2.476152e-01 9.231872e-01 1.224853e-01
500203 2.476152e-01 5.257292e-03 1.579742e-03
600208 2.476152e-01 9.989680e-05 2.141374e-05
700045 2.476152e-01 7.376088e-07 2.022584e-07
800115 2.476152e-01 4.989251e-10 1.339231e-10
900030 2.476152e-01 2.448640e-13 0.000000e+00
1000002 2.476152e-01 0.000000e+00 0.000000e+00
600 2.465476e-01 7.941246e+02 1.744961e+02
100009 2.465476e-01 4.599888e+01 1.566150e+01
200190 2.465476e-01 2.017654e+01 3.446745e+00
300421 2.465476e-01 1.284891e+01 1.390720e+00
400252 2.465476e-01 2.946847e-01 1.319302e-02
500281 2.465476e-01 3.274217e-03 9.663309e-04
600023 2.465476e-01 6.489726e-05 1.419154e-05
700055 2.465476e-01 3.868388e-07 6.069604e-08
800005 2.465476e-01 2.894867e-10 1.068656e-10
900038 2.465476e-01 2.063853e-13 0.000000e+00
1000005 2.465476e-01 0.000000e+00 0.000000e+00
600 2.501597e-01 7.874202e+02 2.025631e+02
100029 2.501597e-01 5.030648e+01 1.377364e+01
200337 2.501597e-01 2.098796e+01 5.085023e+00
300109 2.501597e-01 1.271399e+01 1.327410e+00
400030 2.501597e-01 3.192409e-01 3.590297e-02
500225 2.501597e-01 3.639907e-03 6.212837e-04
600161 2.501597e-01 7.781038e-05 1.443468e-05
700134 2.501597e-01 5.255734e-07 1.301878e-07
800080 2.501597e-01 3.607329e-10 9.504220e-11
900035 2.501597e-01 1.853970e-13 0.000000e+00
1000001 2.501597e-01 0.000000e+00 0.000000e+00
600 2.502538e-01 7.938503e+02 1.181481e+02
100029 2.502538e-01 4.172579e+01 1.469387e+01
200231 2.502538e-01 2.037404e+01 4.119479e+00
300361 2.502538e-01 1.395435e+01 1.558187e+00
400021 2.502538e-01 6.561804e-01 4.908359e-02
500078 2.502538e-01 4.193244e-03 8.106229e-04
600049 2.502538e-01 6.945941e-05 1.797995e-05
700017 2.502538e-01 4.654177e-07 1.469018e-07
800087 2.502538e-01 3.392997e-10 8.321877e-11
900056 2.502538e-01 2.063853e-13 0.000000e+00
1000002 2.502538e-01 0.000000e+00 0.000000e+00
600 2.514565e-01 8.007157e+02 1.506638e+02
100147 2.514565e-01 5.179136e+01 1.263597e+01
200459 2.514565e-01 2.071660e+01 3.164066e+00
300290 2.514565e-01 1.310863e+01 7.818121e-01
400087 2.514565e-01 4.528188e-01 6.004729e-02
500033 2.514565e-01 4.568887e-03 6.560366e-04
600210 2.514565e-01 6.959931e-05 1.750983e-05
700044 2.514565e-01 4.152184e-07 9.892983e-08
800057 2.514565e-01 2.492070e-10 3.865352e-11
900055 2.514565e-01 2.098834e-13 0.000000e+00
1000001 2.514565e-01 0.000000e+00 0.000000e+00
600 2.492795e-01 7.767918e+02 1.281323e+02
100272 2.492795e-01 4.758316e+01 1.200193e+01
200227 2.492795e-01 2.039025e+01 3.644407e+00
300293 2.492795e-01 1.388564e+01 1.745308e+00
400105 2.492795e-01 7.130974e-01 4.836681e-02
500302 2.492795e-01 4.102014e-03 6.727341e-04
600132 2.492795e-01 7.237436e-05 1.837804e-05
700128 2.492795e-01 4.593243e-07 1.158910e-07
800007 2.492795e-01 3.092828e-10 4.774847e-11
900014 2.492795e-01 1.679067e-13 0.000000e+00
1000002 2.492795e-01 0.000000e+00 0.000000e+00
600 2.518942e-01 7.846246e+02 1.167369e+02
100319 2.518942e-01 5.049073e+01 1.999630e+01
200242 2.518942e-01 2.101287e+01 5.331708e+00
300313 2.518942e-01 1.485368e+01 2.356284e+00
400121 2.518942e-01 1.239016e+00 8.805019e-02
500169 2.518942e-01 5.623324e-03 1.328863e-03
600073 2.518942e-01 8.104646e-05 2.582210e-05
700085 2.518942e-01 4.789224e-07 8.250140e-08
800076 2.518942e-01 2.621782e-10 8.253664e-11
900058 2.518942e-01 2.133814e-13 0.000000e+00
999975 2.523140e-01 0.000000e+00 0.000000e+00
600 2.488026e-01 7.841371e+02 1.898460e+02
100869 2.488026e-01 5.043637e+01 1.284471e+01
200296 2.488026e-01 2.083628e+01 3.752346e+00
300181 2.488026e-01 1.291125e+01 1.544453e+00
400090 2.488026e-01 3.843291e-01 2.222994e-02
500072 2.488026e-01 3.623434e-03 5.297788e-04
600135 2.488026e-01 7.106931e-05 1.998845e-05
700165 2.488026e-01 4.950849e-07 1.576186e-07
800096 2.488026e-01 3.601508e-10 9.026735e-11
900007 2.488026e-01 2.133814e-13 0.000000e+00
1000002 2.488026e-01 0.000000e+00 0.000000e+00
600 2.487115e-01 7.861669e+02 1.875042e+02
100119 2.487115e-01 4.681847e+01 1.894491e+01
200228 2.487115e-01 2.062768e+01 4.454261e+00
300223 2.487115e-01 1.451025e+01 1.786705e+00
400291 2.487115e-01 1.018920e+00 6.371456e-02
500147 2.487115e-01 4.424232e-03 5.253368e-04
600062 2.487115e-01 6.066361e-05 1.427901e-05
700107 2.487115e-01 4.591374e-07 8.547840e-08
800077 2.487115e-01 2.750148e-10 6.298251e-11
900000 2.487115e-01 1.714048e-13 0.000000e+00
1000005 2.487115e-01 0.000000e+00 0.000000e+00
600 2.495761e-01 7.702682e+02 1.364866e+02
100149 2.495761e-01 5.133815e+01 1.938663e+01
200242 2.495761e-01 2.071809e+01 4.267469e+00
300311 2.495761e-01 1.443404e+01 7.889037e-01
400084 2.495761e-01 8.743976e-01 4.545229e-02
500238 2.495761e-01 6.494506e-03 1.962159e-03
600084 2.495761e-01 1.040105e-04 3.303836e-05
700081 2.495761e-01 7.361694e-07 2.369602e-07
800018 2.495761e-01 5.705224e-10 1.596163e-10
900004 2.495761e-01 2.133814e-13 0.000000e+00
1000000 2.495761e-01 0.000000e+00 0.000000e+00
600 2.533821e-01 7.722121e+02 1.549017e+02
100476 2.533821e-01 4.793056e+01 1.869719e+01
200155 2.533821e-01 1.996074e+01 1.431610e+00
300287 2.533821e-01 1.067286e+01 1.182557e+00
400321 2.533821e-01 1.722709e-01 3.125825e-02
500065 2.533821e-01 3.047292e-03 8.684667e-04
600032 2.533821e-01 5.581569e-05 1.841167e-05
700137 2.533821e-01 3.919166e-07 9.692531e-08
800080 2.533821e-01 3.554669e-10 4.706635e-11
900061 2.533821e-01 2.063853e-13 0.000000e+00
1000004 2.533821e-01 0.000000e+00 0.000000e+00
600 2.498448e-01 7.854020e+02 1.663764e+02
100528 2.498448e-01 4.630199e+01 1.674393e+01
200459 2.498448e-01 2.022931e+01 2.673353e+00
300165 2.498448e-01 1.325127e+01 2.032558e+00
400114 2.498448e-01 4.216939e-01 2.729261e-02
500054 2.498448e-01 4.272722e-03 5.674028e-04
600035 2.498448e-01 7.541903e-05 1.678412e-05
700029 2.498448e-01 5.406994e-07 1.036312e-07
800073 2.498448e-01 3.260066e-10 9.413270e-11
900033 2.498448e-01 2.238756e-13 0.000000e+00
1000001 2.498448e-01 0.000000e+00 0.000000e+00
600 2.496758e-01 7.758507e+02 1.780752e+02
100336 2.496758e-01 5.146433e+01 1.043854e+01
200205 2.496758e-01 2.010883e+01 4.400872e+00
300124 2.496758e-01 1.244829e+01 1.312889e-02
400040 2.496758e-01 3.893782e-01 3.162434e-03
500092 2.496758e-01 3.377497e-03 7.753861e-04
600163 2.496758e-01 5.326481e-05 1.561819e-05
700040 2.496758e-01 4.461814e-07 1.194439e-07
800121 2.496758e-01 3.286495e-10 6.434675e-11
900002 2.496758e-01 2.343698e-13 0.000000e+00
1000002 2.496758e-01 0.000000e+00 0.000000e+00
0.00e+00 (0.00e+00): 
0.000000e+00 0.000000e+00 0.000000e+00 0.000000e+00 0.000000e+00 0.000000e+00 0.000000e+00 0.000000e+00 0.000000e+00 0.000000e+00 0.000000e+00 0.000000e+00 0.000000e+00 0.000000e+00 0.000000e+00 0.000000e+00 0.000000e+00 0.000000e+00 0.000000e+00 0.000000e+00 0.000000e+00 0.000000e+00 0.000000e+00 0.000000e+00 0.000000e+00 0.000000e+00 0.000000e+00 0.000000e+00 0.000000e+00 0.000000e+00 