1350 2.496311e-01 3.492788e+09 7.218817e+06
301184 2.496311e-01 9.143730e+06 7.393632e+04
600534 2.496311e-01 7.773815e+03 1.145777e+03
900256 2.496311e-01 4.827352e+02 5.345536e+01
1200504 2.496311e-01 1.930073e+02 2.616251e+01
1500029 2.496311e-01 6.109697e+01 5.583456e+00
1800539 2.496311e-01 1.596866e+01 3.940303e+00
2100078 2.496311e-01 4.912749e+00 2.542462e+00
2400178 2.496311e-01 2.649769e+00 1.531952e+00
2700064 2.496311e-01 1.787690e+00 1.242333e+00
3000005 2.496311e-01 9.300679e-01 6.948899e-01
1350 2.507014e-01 3.652278e+09 9.847781e+06
301184 2.507014e-01 9.620983e+06 8.085931e+04
600534 2.507014e-01 8.607623e+03 9.661501e+02
900256 2.507014e-01 4.690374e+02 5.382260e+01
1200504 2.507014e-01 1.587554e+02 1.494465e+01
1500029 2.507014e-01 4.341845e+01 8.172572e+00
1800539 2.507014e-01 1.193888e+01 3.636272e+00
2100078 2.507014e-01 4.471278e+00 2.538704e+00
2400178 2.507014e-01 2.707238e+00 1.470961e+00
2700007 2.507014e-01 1.996408e+00 1.233705e+00
3000000 2.507014e-01 1.283974e+00 1.210478e+00
1350 2.501181e-01 3.662188e+09 6.476624e+06
301184 2.501181e-01 1.092617e+07 3.358507e+04
600534 2.501181e-01 3.001942e+04 2.010831e+03
900256 2.501181e-01 5.098769e+02 5.119871e+01
1200504 2.501181e-01 1.623088e+02 1.518688e+01
1500029 2.501181e-01 3.931143e+01 8.632686e+00
1800539 2.501181e-01 1.022918e+01 2.997974e+00
2100078 2.501181e-01 4.125995e+00 2.184042e+00
2400178 2.501181e-01 2.464224e+00 1.530687e+00
2700012 2.501181e-01 1.760264e+00 6.570860e-01
3000000 2.501181e-01 9.576128e-01 6.559836e-01
1350 2.517018e-01 3.672727e+09 7.767887e+06
301184 2.517018e-01 1.000363e+07 5.891652e+04
600534 2.517018e-01 2.910040e+04 1.816765e+03
900256 2.517018e-01 4.864001e+02 3.929410e+01
1200504 2.517018e-01 1.712153e+02 1.725599e+01
1500029 2.517018e-01 5.237647e+01 9.348439e+00
1800539 2.517018e-01 1.307934e+01 3.794201e+00
2100078 2.517018e-01 4.567863e+00 2.358465e+00
2400178 2.517018e-01 2.529508e+00 1.630291e+00
2700128 2.517018e-01 1.663768e+00 2.294358e-01
3000002 2.517018e-01 7.838353e-01 2.262401e-01
1350 2.491333e-01 3.655569e+09 2.103688e+06
301184 2.491333e-01 1.001631e+07 1.076127e+05
600534 2.491333e-01 1.324570e+04 1.487290e+03
900256 2.491333e-01 4.916494e+02 3.460066e+01
1200504 2.491333e-01 1.723245e+02 1.459300e+01
1500029 2.491333e-01 5.087296e+01 9.207796e+00
1800539 2.491333e-01 1.374421e+01 3.146484e+00
2100078 2.491333e-01 4.740562e+00 2.272519e+00
2400178 2.491333e-01 2.574857e+00 1.461284e+00
2700016 2.491333e-01 1.703427e+00 1.039271e+00
3000004 2.491333e-01 1.100498e+00 1.009732e+00
1350 2.489672e-01 3.566924e+09 2.787010e+06
301184 2.489672e-01 1.021962e+07 4.322013e+04
600534 2.489672e-01 1.068245e+04 1.165819e+03
900256 2.489672e-01 4.908648e+02 7.513928e+01
1200504 2.489672e-01 1.857229e+02 2.560154e+01
1500029 2.489672e-01 5.672289e+01 7.161522e+00
1800539 2.489672e-01 1.506698e+01 3.981227e+00
2100078 2.489672e-01 4.767254e+00 2.244554e+00
2400178 2.489672e-01 2.516289e+00 1.564747e+00
2700082 2.489672e-01 1.688779e+00 9.496626e-01
3000005 2.489672e-01 6.791868e-01 6.762159e-01
1350 2.511932e-01 3.628182e+09 2.638202e+06
301184 2.511932e-01 9.261424e+06 4.344525e+04
600534 2.511932e-01 4.198018e+03 6.745110e+02
900256 2.511932e-01 4.644174e+02 4.600085e+01
1200504 2.511932e-01 1.890925e+02 1.823631e+01
1500029 2.511932e-01 6.125888e+01 1.119007e+01
1800539 2.511932e-01 1.805646e+01 3.782003e+00
2100078 2.511932e-01 5.511169e+00 2.423755e+00
2400178 2.511932e-01 2.617644e+00 1.583767e+00
2700073 2.511932e-01 1.577175e+00 5.759691e-01
3000003 2.511932e-01 5.405255e-01 5.019701e-01
1350 2.485633e-01 3.776645e+09 2.401154e+06
301184 2.485633e-01 1.048434e+07 1.980246e+04
600534 2.485633e-01 1.896825e+04 1.178394e+03
900256 2.485633e-01 5.446492e+02 6.716737e+01
1200504 2.485633e-01 2.047556e+02 2.418832e+01
1500029 2.485633e-01 6.500643e+01 9.392738e+00
1800539 2.485633e-01 1.690898e+01 4.298128e+00
2100078 2.485633e-01 5.137356e+00 2.419944e+00
2400178 2.485633e-01 2.772094e+00 1.561727e+00
2700042 2.485633e-01 1.835394e+00 1.319567e+00
3000004 2.485633e-01 8.793741e-01 8.327513e-01
1350 2.501132e-01 3.736242e+09 6.296585e+06
301184 2.501132e-01 1.072236e+07 6.266959e+04
600534 2.501132e-01 1.754044e+04 1.365714e+03
900256 2.501132e-01 5.580905e+02 6.936640e+01
1200504 2.501132e-01 2.040486e+02 2.047622e+01
1500029 2.501132e-01 6.950076e+01 1.070819e+01
1800539 2.501132e-01 2.220568e+01 5.751805e+00
2100078 2.501132e-01 6.256326e+00 2.559925e+00
2400178 2.501132e-01 2.822451e+00 1.695254e+00
2700071 2.501132e-01 1.650586e+00 5.723160e-01
3000003 2.501132e-01 6.144359e-01 5.500684e-01
1350 2.517194e-01 3.818662e+09 5.285937e+05
301184 2.517194e-01 9.885203e+06 7.518824e+04
600534 2.517194e-01 1.734485e+04 1.018265e+03
900256 2.517194e-01 5.269089e+02 7.165519e+01
1200504 2.517194e-01 1.992265e+02 2.673270e+01
1500029 2.517194e-01 6.352164e+01 1.020191e+01
1800539 2.517194e-01 1.935980e+01 5.368355e+00
2100078 2.517194e-01 5.482121e+00 2.410042e+00
2400178 2.517194e-01 2.688148e+00 1.493563e+00
2700128 2.517194e-01 1.668792e+00 7.045990e-01
3000002 2.517194e-01 6.887491e-01 6.768475e-01
1350 2.508205e-01 3.570809e+09 3.264765e+06
301184 2.508205e-01 9.881295e+06 2.704610e+04
600534 2.508205e-01 1.085882e+04 1.161086e+03
900256 2.508205e-01 4.811757e+02 5.650125e+01
1200504 2.508205e-01 1.584489e+02 2.100035e+01
1500029 2.508205e-01 4.369946e+01 5.056046e+00
1800539 2.508205e-01 1.068660e+01 3.791258e+00
2100078 2.508205e-01 4.258994e+00 2.324018e+00
2400178 2.508205e-01 2.560071e+00 1.618194e+00
2700053 2.508205e-01 1.875608e+00 4.964035e-01
3000002 2.508205e-01 7.865455e-01 4.964029e-01
1350 2.505376e-01 3.632872e+09 7.079882e+06
301184 2.505376e-01 1.040328e+07 3.159306e+04
600534 2.505376e-01 9.197418e+03 9.605665e+02
900256 2.505376e-01 4.957366e+02 8.508447e+01
1200504 2.505376e-01 1.736540e+02 2.151091e+01
1500029 2.505376e-01 5.293238e+01 7.877747e+00
1800539 2.505376e-01 1.519133e+01 4.720972e+00
2100078 2.505376e-01 4.777001e+00 1.944156e+00
2400178 2.505376e-01 2.569361e+00 1.395881e+00
2700017 2.505376e-01 1.689196e+00 1.192849e+00
3000005 2.505376e-01 5.197007e-01 4.994304e-01
1350 2.500961e-01 3.678325e+09 1.370183e+07
301184 2.500961e-01 9.873851e+06 6.262472e+04
600534 2.500961e-01 1.095403e+04 9.371607e+02
900256 2.500961e-01 4.741730e+02 4.979929e+01
1200504 2.500961e-01 1.859493e+02 2.567269e+01
1500029 2.500961e-01 5.383845e+01 7.890048e+00
1800539 2.500961e-01 1.357813e+01 3.881155e+00
2100078 2.500961e-01 4.594088e+00 2.165638e+00
2400178 2.500961e-01 2.592200e+00 1.598523e+00
2700049 2.500961e-01 1.793869e+00 1.292499e+00
3000002 2.500961e-01 8.798151e-01 3.499790e-01
1350 2.483818e-01 3.218792e+09 3.922957e+06
301184 2.483818e-01 8.971050e+06 9.529200e+04
600534 2.483818e-01 3.468225e+03 8.586356e+02
900256 2.483818e-01 4.831346e+02 6.087519e+01
1200504 2.483818e-01 1.902353e+02 2.624685e+01
1500029 2.483818e-01 6.046859e+01 8.511687e+00
1800539 2.483818e-01 1.683517e+01 3.790108e+00
2100078 2.483818e-01 5.358869e+00 1.945865e+00
2400178 2.483818e-01 2.705236e+00 1.622529e+00
2700071 2.483818e-01 1.736432e+00 1.033751e+00
3000004 2.483818e-01 7.675017e-01 5.176432e-01
1350 2.482733e-01 3.648113e+09 2.959056e+06
301184 2.482733e-01 9.711018e+06 1.475673e+05
600534 2.482733e-01 7.432134e+03 1.085817e+03
900256 2.482733e-01 5.456836e+02 6.702882e+01
1200504 2.482733e-01 2.343387e+02 2.059604e+01
1500029 2.482733e-01 8.357487e+01 8.777172e+00
1800539 2.482733e-01 2.319077e+01 3.760425e+00
2100078 2.482733e-01 5.475791e+00 2.520577e+00
2400178 2.482733e-01 2.601271e+00 1.395854e+00
2700083 2.482733e-01 1.564372e+00 5.371797e-01
3000004 2.482733e-01 5.604792e-01 5.371787e-01
1350 2.495577e-01 3.553683e+09 6.224991e+06
301184 2.495577e-01 1.034523e+07 1.729564e+05
600534 2.495577e-01 9.985307e+03 9.315365e+02
900256 2.495577e-01 4.378646e+02 5.202395e+01
1200504 2.495577e-01 1.442310e+02 1.822888e+01
1500029 2.495577e-01 4.574067e+01 5.654540e+00
1800539 2.495577e-01 1.376929e+01 3.498165e+00
2100078 2.495577e-01 4.523164e+00 2.047038e+00
2400178 2.495577e-01 2.487278e+00 1.440622e+00
2700040 2.495577e-01 1.670890e+00 8.055433e-01
3000001 2.495577e-01 8.654151e-01 7.787597e-01
1350 2.488993e-01 3.730972e+09 4.248026e+06
301184 2.488993e-01 1.017014e+07 8.345383e+04
600534 2.488993e-01 8.486526e+03 6.798393e+02
900256 2.488993e-01 4.620559e+02 5.943762e+01
1200504 2.488993e-01 1.637857e+02 2.355215e+01
1500029 2.488993e-01 4.519374e+01 7.904045e+00
1800539 2.488993e-01 1.097108e+01 3.819822e+00
2100078 2.488993e-01 4.064330e+00 1.975172e+00
2400178 2.488993e-01 2.391501e+00 1.487387e+00
2700085 2.488993e-01 1.708209e+00 4.674858e-01
3000000 2.488993e-01 8.258284e-01 4.647862e-01
1350 2.490368e-01 3.671839e+09 3.090378e+06
301184 2.490368e-01 1.041919e+07 1.503823e+05
600534 2.490368e-01 2.660788e+04 2.304054e+03
900256 2.490368e-01 5.626263e+02 7.991322e+01
1200504 2.490368e-01 2.269452e+02 2.578366e+01
1500029 2.490368e-01 7.267119e+01 8.902166e+00
1800539 2.490368e-01 1.850501e+01 4.378360e+00
2100078 2.490368e-01 5.051955e+00 2.242544e+00
2400178 2.490368e-01 2.481938e+00 1.223187e+00
2700052 2.490368e-01 1.598908e+00 9.575966e-01
3000004 2.490368e-01 8.608523e-01 8.607201e-01
1350 2.496526e-01 3.655912e+09 3.092084e+06
301184 2.496526e-01 1.057081e+07 8.150207e+04
600534 2.496526e-01 1.302714e+04 7.366413e+02
900256 2.496526e-01 5.022899e+02 6.170999e+01
1200504 2.496526e-01 1.778338e+02 1.758787e+01
1500029 2.496526e-01 4.852630e+01 5.610495e+00
1800539 2.496526e-01 1.283143e+01 3.575438e+00
2100078 2.496526e-01 4.674154e+00 1.823490e+00
2400178 2.496526e-01 2.582537e+00 1.545303e+00
2700129 2.496526e-01 1.804889e+00 7.656835e-01
2999958 2.498375e-01 1.022209e+00 7.655802e-01
1350 2.502708e-01 3.509549e+09 9.307664e+06
301184 2.502708e-01 9.870759e+06 1.447486e+05
600534 2.502708e-01 4.480766e+03 7.663257e+02
900256 2.502708e-01 4.550327e+02 3.374529e+01
1200504 2.502708e-01 1.647984e+02 1.564808e+01
1500029 2.502708e-01 4.881052e+01 8.415093e+00
1800539 2.502708e-01 1.397912e+01 4.196235e+00
2100078 2.502708e-01 4.906877e+00 2.255379e+00
2400178 2.502708e-01 2.784868e+00 1.673514e+00
2700090 2.502708e-01 1.883434e+00 4.998014e-01
2999986 2.504562e-01 8.252947e-01 4.988149e-01
1350 2.497022e-01 3.847418e+09 7.769495e+06
301184 2.497022e-01 1.045701e+07 6.411851e+03
600534 2.497022e-01 1.658038e+04 1.329961e+03
900256 2.497022e-01 4.824228e+02 6.963428e+01
1200504 2.497022e-01 1.810124e+02 2.213319e+01
1500029 2.497022e-01 5.696752e+01 9.294415e+00
1800539 2.497022e-01 1.618234e+01 4.933749e+00
2100078 2.497022e-01 5.445144e+00 2.658505e+00
2400178 2.497022e-01 2.954865e+00 1.494777e+00
2700041 2.497022e-01 2.025438e+00 6.509109e-01
3000000 2.497022e-01 5.564427e-01 4.216137e-01
1350 2.499288e-01 3.946692e+09 6.458667e+06
301184 2.499288e-01 1.067635e+07 5.809494e+04
600534 2.499288e-01 7.207559e+03 1.005664e+03
900256 2.499288e-01 5.178306e+02 7.257849e+01
1200504 2.499288e-01 2.018010e+02 2.910694e+01
1500029 2.499288e-01 7.109192e+01 1.181538e+01
1800539 2.499288e-01 2.316299e+01 4.352247e+00
2100078 2.499288e-01 6.591589e+00 2.829518e+00
2400178 2.499288e-01 2.934509e+00 1.919885e+00
2700029 2.499288e-01 1.884116e+00 5.425900e-01
3000001 2.499288e-01 4.945991e-01 3.332961e-01
1350 2.501657e-01 3.832289e+09 3.591620e+06
301184 2.501657e-01 1.127177e+07 9.991874e+03
600534 2.501657e-01 3.526065e+04 2.803071e+03
900256 2.501657e-01 5.388045e+02 7.965773e+01
1200504 2.501657e-01 1.867557e+02 1.541143e+01
1500029 2.501657e-01 5.223989e+01 5.378359e+00
1800539 2.501657e-01 1.349388e+01 4.200073e+00
2100078 2.501657e-01 4.575542e+00 1.748476e+00
2400178 2.501657e-01 2.617631e+00 1.166136e+00
2700136 2.501657e-01 1.721994e+00 1.091316e+00
3000005 2.501657e-01 8.105687e-01 7.968374e-01
1350 2.514127e-01 3.790992e+09 7.156247e+06
301184 2.514127e-01 1.001271e+07 7.589816e+04
600534 2.514127e-01 1.165783e+04 1.113044e+03
900256 2.514127e-01 5.152117e+02 9.331959e+01
1200504 2.514127e-01 1.922152e+02 2.379616e+01
1500029 2.514127e-01 6.433648e+01 9.733748e+00
1800539 2.514127e-01 1.858806e+01 4.872629e+00
2100078 2.514127e-01 5.351820e+00 2.246148e+00
2400178 2.514127e-01 2.586510e+00 1.802880e+00
2700110 2.514127e-01 1.662514e+00 1.018597e+00
3000002 2.514127e-01 9.540604e-01 9.103433e-01
1350 2.488899e-01 3.605417e+09 5.915132e+06
301184 2.488899e-01 1.106271e+07 8.570796e+04
600534 2.488899e-01 3.214273e+04 1.575802e+03
900256 2.488899e-01 5.403347e+02 4.737034e+01
1200504 2.488899e-01 2.048066e+02 2.182725e+01
1500029 2.488899e-01 6.439813e+01 7.759545e+00
1800539 2.488899e-01 1.918714e+01 3.922964e+00
2100078 2.488899e-01 5.702558e+00 2.369139e+00
2400178 2.488899e-01 2.773521e+00 1.764125e+00
2700017 2.488899e-01 1.533008e+00 5.082522e-01
3000004 2.488899e-01 4.588152e-01 4.186408e-01
1350 2.507241e-01 3.668589e+09 5.125928e+06
301184 2.507241e-01 1.002305e+07 4.872684e+04
600534 2.507241e-01 4.008227e+03 7.312663e+02
900256 2.507241e-01 4.875821e+02 5.667105e+01
1200504 2.507241e-01 1.917869e+02 2.505666e+01
1500029 2.507241e-01 6.293934e+01 7.801452e+00
1800539 2.507241e-01 1.856664e+01 3.909571e+00
2100078 2.507241e-01 5.409051e+00 2.194977e+00
2400178 2.507241e-01 2.658648e+00 1.469626e+00
2700093 2.507241e-01 1.737101e+00 4.811997e-01
3000002 2.507241e-01 7.617623e-01 4.811992e-01
1350 2.500212e-01 3.629828e+09 1.044299e+06
301184 2.500212e-01 9.920986e+06 1.413284e+05
600534 2.500212e-01 5.608688e+03 8.245174e+02
900256 2.500212e-01 5.159061e+02 7.860188e+01
1200504 2.500212e-01 2.110456e+02 2.161116e+01
1500029 2.500212e-01 6.842455e+01 9.074095e+00
1800539 2.500212e-01 1.905676e+01 4.512885e+00
2100078 2.500212e-01 5.273962e+00 2.253366e+00
2400178 2.500212e-01 2.511902e+00 1.317909e+00
2700062 2.500212e-01 1.579748e+00 1.000770e+00
3000004 2.500212e-01 7.449819e-01 6.435590e-01
1350 2.508352e-01 3.646340e+09 4.713676e+06
301184 2.508352e-01 1.011261e+07 5.422581e+04
600534 2.508352e-01 1.326480e+04 1.484876e+03
900256 2.508352e-01 4.759924e+02 5.715134e+01
1200504 2.508352e-01 1.782662e+02 1.768065e+01
1500029 2.508352e-01 5.576366e+01 1.176722e+01
1800539 2.508352e-01 1.625148e+01 2.746816e+00
2100078 2.508352e-01 5.121571e+00 2.320323e+00
2400178 2.508352e-01 2.858390e+00 1.720879e+00
2700078 2.508352e-01 2.043467e+00 9.112745e-01
3000000 2.508352e-01 1.088746e+00 9.106306e-01
1350 2.499370e-01 3.377563e+09 4.257636e+06
301184 2.499370e-01 1.001016e+07 7.632970e+04
600534 2.499370e-01 6.180830e+03 1.119805e+03
900256 2.499370e-01 4.509465e+02 4.601532e+01
1200504 2.499370e-01 1.649711e+02 1.741731e+01
1500029 2.499370e-01 4.623842e+01 7.801336e+00
1800539 2.499370e-01 1.154696e+01 3.928207e+00
2100078 2.499370e-01 4.024104e+00 2.036743e+00
2400178 2.499370e-01 2.178748e+00 1.483135e+00
2700065 2.499370e-01 1.356003e+00 5.234588e-01
3000001 2.499370e-01 4.339820e-01 3.940167e-01
1350 2.505661e-01 3.820031e+09 3.700011e+06
301184 2.505661e-01 9.573502e+06 1.050946e+05
600534 2.505661e-01 8.777336e+03 6.486186e+02
900256 2.505661e-01 5.124041e+02 4.517848e+01
1200504 2.505661e-01 1.794355e+02 1.786610e+01
1500029 2.505661e-01 5.721547e+01 1.041220e+01
1800539 2.505661e-01 1.703299e+01 4.189142e+00
2100078 2.505661e-01 4.957926e+00 2.407099e+00
2400178 2.505661e-01 2.407108e+00 1.524511e+00
2700109 2.505661e-01 1.416351e+00 9.583724e-01
3000000 2.505661e-01 8.138223e-01 7.745049e-01
6.30e-01 (2.24e-01): 
6.948899e-01 1.210478e+00 6.559836e-01 2.262401e-01 1.009732e+00 6.762159e-01 5.019701e-01 8.327513e-01 5.500684e-01 6.768475e-01 4.964029e-01 4.994304e-01 3.499790e-01 5.176432e-01 5.371787e-01 7.787597e-01 4.647862e-01 8.607201e-01 7.655802e-01 4.988149e-01 4.216137e-01 3.332961e-01 7.968374e-01 9.103433e-01 4.186408e-01 4.811992e-01 6.435590e-01 9.106306e-01 3.940167e-01 7.745049e-01 1350 2.496311e-01 3.492788e+09 7.218817e+06
301184 2.496311e-01 9.935989e+06 7.103016e+04
600534 2.496311e-01 4.402742e+03 8.052628e+02
900256 2.496311e-01 4.597650e+02 3.942460e+01
1200504 2.496311e-01 1.723745e+02 1.292757e+01
1500029 2.496311e-01 5.017609e+01 6.574000e+00
1800539 2.496311e-01 1.477777e+01 4.008944e+00
2100078 2.496311e-01 4.116490e+00 1.966332e+00
2400178 2.496311e-01 2.184075e+00 1.408656e+00
2700112 2.496311e-01 1.136369e+00 7.177035e-01
3000003 2.496311e-01 5.259027e-01 5.258862e-01
1350 2.507014e-01 3.652278e+09 9.847781e+06
301184 2.507014e-01 9.765153e+06 3.735805e+04
600534 2.507014e-01 2.304568e+03 2.935638e+02
900256 2.507014e-01 3.980142e+02 5.883521e+01
1200504 2.507014e-01 1.448821e+02 1.821894e+01
1500029 2.507014e-01 4.598722e+01 7.381829e+00
1800539 2.507014e-01 1.091151e+01 2.586129e+00
2100078 2.507014e-01 2.701400e+00 1.309435e+00
2400178 2.507014e-01 1.247550e+00 1.011434e+00
2700110 2.507014e-01 9.447877e-01 8.526353e-01
3000002 2.507014e-01 6.652446e-01 6.652446e-01
1350 2.501181e-01 3.662188e+09 6.476624e+06
301184 2.501181e-01 1.131542e+07 5.737499e+04
600534 2.501181e-01 1.159475e+04 1.177787e+03
900256 2.501181e-01 4.686899e+02 4.187765e+01
1200504 2.501181e-01 1.581347e+02 1.625625e+01
1500029 2.501181e-01 4.331662e+01 5.481695e+00
1800539 2.501181e-01 1.025477e+01 3.171211e+00
2100078 2.501181e-01 3.768910e+00 1.607751e+00
2400178 2.501181e-01 2.128801e+00 1.211489e+00
2700075 2.501181e-01 1.322968e+00 8.953354e-01
3000004 2.501181e-01 4.916762e-01 4.916762e-01
1350 2.517018e-01 3.672727e+09 7.767887e+06
301184 2.517018e-01 9.798592e+06 7.387530e+04
600534 2.517018e-01 3.890861e+03 7.772623e+02
900256 2.517018e-01 3.900856e+02 2.110975e+01
1200504 2.517018e-01 1.058248e+02 1.417799e+01
1500029 2.517018e-01 2.746499e+01 6.452355e+00
1800539 2.517018e-01 7.355227e+00 2.972721e+00
2100078 2.517018e-01 3.467251e+00 1.819784e+00
2400178 2.517018e-01 2.228405e+00 1.454273e+00
2700016 2.517018e-01 1.408643e+00 7.570825e-01
3000000 2.517018e-01 6.319788e-01 6.319788e-01
1350 2.491333e-01 3.655569e+09 2.103688e+06
301184 2.491333e-01 1.043527e+07 1.042816e+05
600534 2.491333e-01 5.423433e+03 7.021368e+02
900256 2.491333e-01 4.649045e+02 5.317982e+01
1200504 2.491333e-01 1.592663e+02 1.932108e+01
1500029 2.491333e-01 4.640117e+01 7.122912e+00
1800539 2.491333e-01 1.118048e+01 3.451576e+00
2100078 2.491333e-01 3.761164e+00 2.077953e+00
2400178 2.491333e-01 1.927799e+00 1.186895e+00
2700005 2.491333e-01 1.115334e+00 5.067755e-01
3000000 2.491333e-01 4.035872e-01 4.035867e-01
1350 2.489672e-01 3.566924e+09 2.787010e+06
301184 2.489672e-01 1.042217e+07 4.076380e+04
600534 2.489672e-01 6.133614e+03 7.567315e+02
900256 2.489672e-01 5.253489e+02 4.422366e+01
1200504 2.489672e-01 2.000263e+02 2.587600e+01
1500029 2.489672e-01 6.145059e+01 7.538002e+00
1800539 2.489672e-01 1.898518e+01 4.779351e+00
2100078 2.489672e-01 4.655225e+00 2.428910e+00
2400178 2.489672e-01 1.962534e+00 1.199245e+00
2700061 2.489672e-01 8.248176e-01 4.774436e-01
3000001 2.489672e-01 3.846420e-01 3.846420e-01
1350 2.511932e-01 3.628182e+09 2.638202e+06
301184 2.511932e-01 1.084896e+07 7.998412e+04
600534 2.511932e-01 9.762395e+03 7.322560e+02
900256 2.511932e-01 4.630639e+02 5.040508e+01
1200504 2.511932e-01 1.587515e+02 2.857716e+01
1500029 2.511932e-01 3.924786e+01 5.633012e+00
1800539 2.511932e-01 8.836254e+00 3.366747e+00
2100078 2.511932e-01 3.194915e+00 1.646700e+00
2400178 2.511932e-01 1.731765e+00 1.355475e+00
2700073 2.511932e-01 8.263716e-01 5.701539e-01
3000004 2.511932e-01 4.521523e-01 4.517180e-01
1350 2.485633e-01 3.776645e+09 2.401154e+06
301184 2.485633e-01 1.123078e+07 1.060956e+05
600534 2.485633e-01 7.257865e+03 9.754466e+02
900256 2.485633e-01 4.877445e+02 5.197552e+01
1200504 2.485633e-01 1.788583e+02 2.180614e+01
1500029 2.485633e-01 4.485637e+01 5.915139e+00
1800539 2.485633e-01 9.883538e+00 3.264418e+00
2100078 2.485633e-01 3.579035e+00 1.849881e+00
2400178 2.485633e-01 1.939942e+00 9.270735e-01
2700018 2.485633e-01 1.117476e+00 3.131661e-01
3000003 2.485633e-01 3.614692e-01 3.113068e-01
1350 2.501132e-01 3.736242e+09 6.296585e+06
301184 2.501132e-01 1.117860e+07 5.666078e+04
600534 2.501132e-01 8.281882e+03 1.029122e+03
900256 2.501132e-01 4.053601e+02 6.000706e+01
1200504 2.501132e-01 1.091231e+02 1.221492e+01
1500029 2.501132e-01 2.518241e+01 6.457503e+00
1800539 2.501132e-01 6.783919e+00 2.767076e+00
2100078 2.501132e-01 3.063800e+00 1.827649e+00
2400178 2.501132e-01 1.825174e+00 1.384534e+00
2700076 2.501132e-01 5.582268e-01 4.909896e-01
2999977 2.502985e-01 4.481800e-01 4.481800e-01
1350 2.517194e-01 3.818662e+09 5.285937e+05
301184 2.517194e-01 1.070818e+07 2.849864e+04
600534 2.517194e-01 5.659541e+03 8.306480e+02
900256 2.517194e-01 4.347448e+02 4.025561e+01
1200504 2.517194e-01 1.401262e+02 1.443482e+01
1500029 2.517194e-01 3.280209e+01 4.884766e+00
1800539 2.517194e-01 8.322704e+00 2.847145e+00
2100078 2.517194e-01 3.260332e+00 1.398813e+00
2400178 2.517194e-01 1.951331e+00 1.247685e+00
2700054 2.517194e-01 1.299689e+00 1.048746e+00
3000005 2.517194e-01 8.426776e-01 8.217794e-01
1350 2.508205e-01 3.570809e+09 3.264765e+06
301184 2.508205e-01 1.055553e+07 1.122739e+04
600534 2.508205e-01 1.057256e+04 8.152013e+02
900256 2.508205e-01 5.156737e+02 8.448010e+01
1200504 2.508205e-01 1.710167e+02 2.190869e+01
1500029 2.508205e-01 4.901864e+01 1.005413e+01
1800539 2.508205e-01 1.177063e+01 2.787091e+00
2100078 2.508205e-01 3.385218e+00 1.653606e+00
2400178 2.508205e-01 1.466297e+00 1.109101e+00
2700133 2.508205e-01 5.020099e-01 5.007437e-01
3000004 2.508205e-01 4.999978e-01 4.999978e-01
1350 2.505376e-01 3.632872e+09 7.079882e+06
301184 2.505376e-01 9.789378e+06 1.070315e+05
600534 2.505376e-01 3.690014e+03 8.161057e+02
900256 2.505376e-01 4.440592e+02 1.643426e+01
1200504 2.505376e-01 1.481025e+02 9.697567e+00
1500029 2.505376e-01 4.388577e+01 5.542908e+00
1800539 2.505376e-01 1.082733e+01 2.559022e+00
2100078 2.505376e-01 3.226987e+00 1.803485e+00
2400178 2.505376e-01 1.442023e+00 1.070887e+00
2700032 2.505376e-01 7.631033e-01 6.863614e-01
3000004 2.505376e-01 4.958368e-01 4.958368e-01
1350 2.500961e-01 3.678325e+09 1.370183e+07
301184 2.500961e-01 1.095539e+07 1.376005e+04
600534 2.500961e-01 7.310860e+03 1.011834e+03
900256 2.500961e-01 4.645280e+02 5.292180e+01
1200504 2.500961e-01 1.449598e+02 1.519991e+01
1500029 2.500961e-01 3.630355e+01 5.691406e+00
1800539 2.500961e-01 8.637259e+00 3.286468e+00
2100078 2.500961e-01 3.509913e+00 1.899262e+00
2400178 2.500961e-01 2.165263e+00 1.345145e+00
2700040 2.500961e-01 1.427519e+00 4.993173e-01
3000005 2.500961e-01 4.913056e-01 4.871506e-01
1350 2.483818e-01 3.218792e+09 3.922957e+06
301184 2.483818e-01 1.000714e+07 3.117373e+04
600534 2.483818e-01 5.086655e+03 8.164551e+02
900256 2.483818e-01 4.435156e+02 2.236003e+01
1200504 2.483818e-01 1.285564e+02 1.445587e+01
1500029 2.483818e-01 2.918991e+01 4.978354e+00
1800539 2.483818e-01 7.270609e+00 2.518361e+00
2100078 2.483818e-01 3.098635e+00 1.321987e+00
2400178 2.483818e-01 1.651731e+00 7.545923e-01
2700101 2.483818e-01 8.691413e-01 3.599420e-01
3000001 2.483818e-01 3.711226e-01 3.504432e-01
1350 2.482733e-01 3.648113e+09 2.959056e+06
301184 2.482733e-01 1.106343e+07 4.725456e+04
600534 2.482733e-01 6.128119e+03 7.281306e+02
900256 2.482733e-01 4.573973e+02 6.640027e+01
1200504 2.482733e-01 1.505462e+02 1.551061e+01
1500029 2.482733e-01 4.180761e+01 5.533338e+00
1800539 2.482733e-01 1.049920e+01 2.919047e+00
2100078 2.482733e-01 3.661616e+00 1.886789e+00
2400178 2.482733e-01 2.059410e+00 9.788332e-01
2700137 2.482733e-01 1.090870e+00 7.560150e-01
3000000 2.482733e-01 5.291418e-01 5.291415e-01
1350 2.495577e-01 3.553683e+09 6.224991e+06
301184 2.495577e-01 9.721881e+06 8.486890e+04
600534 2.495577e-01 3.547381e+03 6.836115e+02
900256 2.495577e-01 4.039366e+02 3.904646e+01
1200504 2.495577e-01 1.216146e+02 1.349323e+01
1500029 2.495577e-01 3.182912e+01 3.845799e+00
1800539 2.495577e-01 8.459259e+00 3.103305e+00
2100078 2.495577e-01 3.610564e+00 2.244325e+00
2400178 2.495577e-01 2.355889e+00 1.630007e+00
2700077 2.495577e-01 1.621111e+00 4.879236e-01
3000002 2.495577e-01 3.537046e-01 3.533369e-01
1350 2.488993e-01 3.730972e+09 4.248026e+06
301184 2.488993e-01 1.062660e+07 6.656385e+04
600534 2.488993e-01 5.566482e+03 8.260189e+02
900256 2.488993e-01 3.848414e+02 3.429685e+01
1200504 2.488993e-01 9.862978e+01 1.066976e+01
1500029 2.488993e-01 2.201611e+01 5.109154e+00
1800539 2.488993e-01 6.510788e+00 2.639156e+00
2100078 2.488993e-01 2.988203e+00 1.536410e+00
2400178 2.488993e-01 1.879145e+00 9.627115e-01
2700027 2.488993e-01 1.165804e+00 4.397789e-01
3000000 2.488993e-01 3.983935e-01 3.612097e-01
1350 2.490368e-01 3.671839e+09 3.090378e+06
301184 2.490368e-01 1.135175e+07 1.075665e+05
600534 2.490368e-01 1.206331e+04 1.403797e+03
900256 2.490368e-01 4.581848e+02 6.918850e+01
1200504 2.490368e-01 1.447581e+02 2.397299e+01
1500029 2.490368e-01 3.630225e+01 6.223418e+00
1800539 2.490368e-01 8.884336e+00 3.704116e+00
2100078 2.490368e-01 3.606884e+00 1.865757e+00
2400178 2.490368e-01 2.211350e+00 1.385393e+00
2700081 2.490368e-01 1.443314e+00 4.224121e-01
3000000 2.490368e-01 3.967349e-01 3.958974e-01
1350 2.496526e-01 3.655912e+09 3.092084e+06
301184 2.496526e-01 1.108050e+07 9.676696e+04
600534 2.496526e-01 9.344895e+03 1.135991e+03
900256 2.496526e-01 4.708271e+02 3.371133e+01
1200504 2.496526e-01 1.624149e+02 2.729118e+01
1500029 2.496526e-01 5.023833e+01 5.782468e+00
1800539 2.496526e-01 1.429341e+01 4.065443e+00
2100078 2.496526e-01 4.195416e+00 1.950251e+00
2400178 2.496526e-01 1.984378e+00 1.279797e+00
2700012 2.496526e-01 1.070407e+00 7.386632e-01
3000000 2.496526e-01 4.171736e-01 4.171669e-01
1350 2.502708e-01 3.509549e+09 9.307664e+06
301184 2.502708e-01 1.170381e+07 4.058515e+04
600534 2.502708e-01 9.578326e+03 7.890771e+02
900256 2.502708e-01 4.669719e+02 8.334366e+01
1200504 2.502708e-01 1.707164e+02 2.019754e+01
1500029 2.502708e-01 4.897890e+01 8.332562e+00
1800539 2.502708e-01 1.272625e+01 2.841234e+00
2100078 2.502708e-01 3.717787e+00 1.912967e+00
2400178 2.502708e-01 1.966080e+00 1.188816e+00
2700126 2.502708e-01 1.093640e+00 5.052993e-01
3000001 2.502708e-01 4.882143e-01 4.882143e-01
1350 2.497022e-01 3.847418e+09 7.769495e+06
301184 2.497022e-01 1.146091e+07 1.326126e+05
600534 2.497022e-01 6.787256e+03 2.990103e+02
900256 2.497022e-01 4.131856e+02 5.407632e+01
1200504 2.497022e-01 1.275162e+02 1.532510e+01
1500029 2.497022e-01 2.845784e+01 4.977058e+00
1800539 2.497022e-01 6.771537e+00 2.435644e+00
2100078 2.497022e-01 2.819235e+00 1.296551e+00
2400178 2.497022e-01 1.707206e+00 1.013559e+00
2700118 2.497022e-01 1.105912e+00 5.526228e-01
3000004 2.497022e-01 5.396534e-01 5.394310e-01
1350 2.499288e-01 3.946692e+09 6.458667e+06
301184 2.499288e-01 1.015027e+07 1.608586e+04
600534 2.499288e-01 4.874598e+03 9.779467e+02
900256 2.499288e-01 5.122560e+02 8.369227e+01
1200504 2.499288e-01 1.770633e+02 2.291360e+01
1500029 2.499288e-01 4.320599e+01 5.496330e+00
1800539 2.499288e-01 9.592783e+00 3.632401e+00
2100078 2.499288e-01 3.674642e+00 1.867405e+00
2400178 2.499288e-01 2.105637e+00 1.367254e+00
2700103 2.499288e-01 1.265861e+00 8.412559e-01
3000000 2.499288e-01 5.552478e-01 5.552465e-01
1350 2.501657e-01 3.832289e+09 3.591620e+06
301184 2.501657e-01 1.140929e+07 5.239511e+04
600534 2.501657e-01 2.136942e+04 1.658029e+03
900256 2.501657e-01 4.984448e+02 6.742383e+01
1200504 2.501657e-01 1.507932e+02 1.483444e+01
1500029 2.501657e-01 4.253704e+01 7.651100e+00
1800539 2.501657e-01 1.278916e+01 3.513892e+00
2100078 2.501657e-01 3.377033e+00 1.898072e+00
2400178 2.501657e-01 1.278361e+00 1.097211e+00
2700106 2.501657e-01 7.082241e-01 7.077358e-01
3000003 2.501657e-01 7.073937e-01 7.073937e-01
1350 2.514127e-01 3.790992e+09 7.156247e+06
301184 2.514127e-01 1.103438e+07 3.455906e+04
600534 2.514127e-01 4.902974e+03 8.368668e+02
900256 2.514127e-01 4.598718e+02 4.693875e+01
1200504 2.514127e-01 1.659781e+02 2.210293e+01
1500029 2.514127e-01 4.341903e+01 7.247828e+00
1800539 2.514127e-01 1.006232e+01 3.693937e+00
2100078 2.514127e-01 3.622877e+00 1.563419e+00
2400178 2.514127e-01 2.105101e+00 1.180233e+00
2700088 2.514127e-01 1.320351e+00 1.343892e-01
2999988 2.515989e-01 1.223587e-01 1.011621e-01
1350 2.488899e-01 3.605417e+09 5.915132e+06
301184 2.488899e-01 1.046977e+07 1.436144e+05
600534 2.488899e-01 1.067370e+04 1.408225e+03
900256 2.488899e-01 4.976273e+02 4.629622e+01
1200504 2.488899e-01 1.930772e+02 2.183746e+01
1500029 2.488899e-01 5.970994e+01 7.872179e+00
1800539 2.488899e-01 1.583393e+01 4.080317e+00
2100078 2.488899e-01 4.067153e+00 1.837561e+00
2400178 2.488899e-01 1.947728e+00 1.159679e+00
2700068 2.488899e-01 1.061576e+00 6.775959e-01
3000001 2.488899e-01 5.287166e-01 5.268304e-01
1350 2.507241e-01 3.668589e+09 5.125928e+06
301184 2.507241e-01 1.126207e+07 3.620971e+04
600534 2.507241e-01 1.548254e+04 1.246349e+03
900256 2.507241e-01 4.869521e+02 7.498651e+01
1200504 2.507241e-01 1.899007e+02 2.155616e+01
1500029 2.507241e-01 5.840711e+01 1.179872e+01
1800539 2.507241e-01 1.403263e+01 4.443951e+00
2100078 2.507241e-01 3.647814e+00 1.824579e+00
2400178 2.507241e-01 1.753831e+00 1.070880e+00
2700117 2.507241e-01 9.302956e-01 4.654548e-01
3000001 2.507241e-01 3.992875e-01 3.992678e-01
1350 2.500212e-01 3.629828e+09 1.044299e+06
301184 2.500212e-01 1.001382e+07 9.063173e+04
600534 2.500212e-01 2.575213e+03 6.759413e+02
900256 2.500212e-01 4.134275e+02 5.868192e+01
1200504 2.500212e-01 1.399400e+02 2.366695e+01
1500029 2.500212e-01 3.994632e+01 6.271448e+00
1800539 2.500212e-01 9.623422e+00 3.192737e+00
2100078 2.500212e-01 3.206014e+00 1.455815e+00
2400178 2.500212e-01 1.692407e+00 1.108614e+00
2700087 2.500212e-01 1.000880e+00 7.216570e-01
3000000 2.500212e-01 4.058277e-01 4.058277e-01
1350 2.508352e-01 3.646340e+09 4.713676e+06
301184 2.508352e-01 1.087539e+07 8.865830e+04
600534 2.508352e-01 7.388033e+03 9.640480e+02
900256 2.508352e-01 5.037034e+02 6.668973e+01
1200504 2.508352e-01 1.928829e+02 1.550512e+01
1500029 2.508352e-01 5.877615e+01 8.584381e+00
1800539 2.508352e-01 1.558102e+01 3.735496e+00
2100078 2.508352e-01 3.845581e+00 2.111845e+00
2400178 2.508352e-01 1.933037e+00 1.311760e+00
2700111 2.508352e-01 1.074582e+00 5.257476e-01
2999993 2.510210e-01 4.591342e-01 4.591339e-01
1350 2.499370e-01 3.377563e+09 4.257636e+06
301184 2.499370e-01 9.675814e+06 8.043456e+04
600534 2.499370e-01 4.541073e+03 7.007322e+02
900256 2.499370e-01 5.006926e+02 6.116665e+01
1200504 2.499370e-01 1.865353e+02 1.378365e+01
1500029 2.499370e-01 5.417164e+01 7.435096e+00
1800539 2.499370e-01 1.473280e+01 3.738135e+00
2100078 2.499370e-01 3.935492e+00 1.699030e+00
2400178 2.499370e-01 1.826100e+00 1.136470e+00
2700135 2.499370e-01 9.465160e-01 8.471577e-01
3000005 2.499370e-01 6.328670e-01 6.328670e-01
1350 2.505661e-01 3.820031e+09 3.700011e+06
301184 2.505661e-01 1.053636e+07 7.100679e+04
600534 2.505661e-01 6.109519e+03 6.993386e+02
900256 2.505661e-01 4.564552e+02 5.146265e+01
1200504 2.505661e-01 1.543350e+02 2.137903e+01
1500029 2.505661e-01 4.201365e+01 6.686159e+00
1800539 2.505661e-01 9.953469e+00 3.236520e+00
2100078 2.505661e-01 3.507923e+00 1.609040e+00
2400178 2.505661e-01 1.985319e+00 1.027741e+00
2700121 2.505661e-01 1.136771e+00 6.323285e-01
3000003 2.505661e-01 4.757966e-01 4.149796e-01
4.75e-01 (1.35e-01): 
5.258862e-01 6.652446e-01 4.916762e-01 6.319788e-01 4.035867e-01 3.846420e-01 4.517180e-01 3.113068e-01 4.481800e-01 8.217794e-01 4.999978e-01 4.958368e-01 4.871506e-01 3.504432e-01 5.291415e-01 3.533369e-01 3.612097e-01 3.958974e-01 4.171669e-01 4.882143e-01 5.394310e-01 5.552465e-01 7.073937e-01 1.011621e-01 5.268304e-01 3.992678e-01 4.058277e-01 4.591339e-01 6.328670e-01 4.149796e-01 1350 2.496311e-01 3.492788e+09 7.218817e+06
300821 2.496311e-01 1.060916e+07 3.072200e+01
600343 2.496311e-01 6.118955e+04 9.996786e+00
900686 2.496311e-01 6.788232e+02 9.996786e+00
1200289 2.496311e-01 2.899575e+02 9.996786e+00
1500052 2.496311e-01 1.030196e+02 9.899888e+00
1800514 2.496311e-01 2.818425e+01 4.074285e-01
2100234 2.496311e-01 7.899954e+00 4.074285e-01
2400143 2.496311e-01 2.593825e+00 4.074285e-01
2700122 2.496311e-01 1.084105e+00 4.066601e-01
3000004 2.496311e-01 8.852175e-02 6.934081e-02
1350 2.507014e-01 3.652278e+09 9.847781e+06
300627 2.507014e-01 1.154800e+07 1.537129e+02
601047 2.507014e-01 4.033453e+04 5.817471e+01
900742 2.507014e-01 6.305118e+02 3.358503e+01
1200168 2.507014e-01 2.750134e+02 2.295476e+01
1500657 2.507014e-01 1.077751e+02 6.380807e+00
1800188 2.507014e-01 2.684714e+01 3.340311e+00
2100805 2.507014e-01 6.339399e+00 4.624625e-01
2400763 2.507014e-01 2.199750e+00 4.624625e-01
2700121 2.507014e-01 9.303773e-01 4.624624e-01
2999999 2.508872e-01 2.138268e-01 2.087262e-01
1350 2.501181e-01 3.662188e+09 6.476624e+06
300469 2.501181e-01 1.151196e+07 1.359694e+02
601039 2.501181e-01 5.877167e+04 9.543076e+01
900807 2.501181e-01 6.307216e+02 5.994736e+01
1200792 2.501181e-01 2.687479e+02 3.243631e+01
1500512 2.501181e-01 8.696748e+01 1.044713e+01
1800416 2.501181e-01 2.570297e+01 4.462219e+00
2100119 2.501181e-01 6.292549e+00 1.074305e+00
2400143 2.501181e-01 2.185562e+00 4.241076e-01
2700008 2.501181e-01 9.718566e-01 4.241076e-01
3000002 2.501181e-01 2.169495e-01 1.233360e-01
1350 2.517018e-01 3.672727e+09 7.767887e+06
300484 2.517018e-01 1.118894e+07 1.195044e+02
600096 2.517018e-01 2.249503e+04 1.227739e+01
900685 2.517018e-01 5.562744e+02 5.026571e+00
1200649 2.517018e-01 2.313741e+02 4.337073e+00
1500001 2.517018e-01 7.921742e+01 4.337073e+00
1800224 2.517018e-01 2.281221e+01 8.150015e-01
2100365 2.517018e-01 5.936337e+00 8.150015e-01
2400050 2.517018e-01 2.248012e+00 4.723091e-01
2700120 2.517018e-01 1.065010e+00 4.723044e-01
3000003 2.517018e-01 3.767298e-01 2.873530e-01
1350 2.491333e-01 3.655569e+09 2.103688e+06
301080 2.491333e-01 1.143784e+07 1.502602e+01
600711 2.491333e-01 1.002555e+04 1.502602e+01
900793 2.491333e-01 5.458568e+02 1.021297e+00
1200550 2.491333e-01 2.345394e+02 1.021297e+00
1500306 2.491333e-01 8.066406e+01 1.021297e+00
1800379 2.491333e-01 2.166618e+01 4.827545e-01
2100254 2.491333e-01 6.014333e+00 4.827540e-01
2400240 2.491333e-01 2.015617e+00 3.602297e-01
2700009 2.491333e-01 9.262282e-01 4.920505e-02
2999953 2.493178e-01 4.910912e-02 4.390412e-02
1350 2.489672e-01 3.566924e+09 2.787010e+06
301017 2.489672e-01 1.105932e+07 1.213228e+01
602412 2.489672e-01 1.748661e+04 6.288927e+00
900222 2.489672e-01 5.175534e+02 1.099356e+00
1200270 2.489672e-01 1.975194e+02 1.099356e+00
1500332 2.489672e-01 6.235190e+01 1.099356e+00
1800453 2.489672e-01 1.851113e+01 1.099356e+00
2100315 2.489672e-01 4.797052e+00 3.240220e-01
2400235 2.489672e-01 1.786908e+00 3.240220e-01
2700034 2.489672e-01 8.819945e-01 2.973518e-01
3000003 2.489672e-01 2.300508e-01 2.106199e-01
1350 2.511932e-01 3.628182e+09 2.638202e+06
301005 2.511932e-01 1.216263e+07 1.305368e+01
600288 2.511932e-01 1.998273e+04 1.305368e+01
900131 2.511932e-01 5.890327e+02 1.430264e+00
1200305 2.511932e-01 2.559534e+02 1.430264e+00
1500473 2.511932e-01 9.038481e+01 1.430264e+00
1800503 2.511932e-01 2.163467e+01 5.276160e-01
2100255 2.511932e-01 4.944778e+00 5.276160e-01
2400560 2.511932e-01 1.846284e+00 5.276160e-01
2700073 2.511932e-01 9.539604e-01 5.276160e-01
3000001 2.511932e-01 1.680159e-01 1.651224e-01
1350 2.485633e-01 3.776645e+09 2.401154e+06
300616 2.485633e-01 1.179382e+07 1.278007e+02
600937 2.485633e-01 2.332988e+04 1.395754e+00
900554 2.485633e-01 5.757723e+02 8.942768e-01
1200591 2.485633e-01 2.562766e+02 8.671510e-01
1500150 2.485633e-01 1.000952e+02 8.671510e-01
1800276 2.485633e-01 3.091762e+01 3.242843e-01
2100210 2.485633e-01 8.417359e+00 3.242843e-01
2400088 2.485633e-01 2.066131e+00 3.242820e-01
2700127 2.485633e-01 8.835092e-01 3.004090e-01
2999997 2.487474e-01 1.923351e-01 1.153376e-01
1350 2.501132e-01 3.736242e+09 6.296585e+06
300271 2.501132e-01 1.128245e+07 4.295953e+00
600052 2.501132e-01 4.123678e+04 4.295953e+00
900007 2.501132e-01 6.044530e+02 1.607469e+00
1200374 2.501132e-01 2.493463e+02 1.607469e+00
1500651 2.501132e-01 8.855592e+01 1.607469e+00
1800202 2.501132e-01 2.563769e+01 1.326992e+00
2100141 2.501132e-01 6.100892e+00 4.779503e-01
2400141 2.501132e-01 2.043742e+00 4.779503e-01
2700042 2.501132e-01 9.983371e-01 2.942026e-01
3000001 2.501132e-01 2.328735e-01 2.301948e-01
1350 2.517194e-01 3.818662e+09 5.285937e+05
301460 2.517194e-01 1.070243e+07 1.199501e+02
600407 2.517194e-01 1.348300e+04 1.143125e+02
900394 2.517194e-01 5.484280e+02 3.291713e+00
1200543 2.517194e-01 2.431083e+02 3.291713e+00
1500114 2.517194e-01 8.429612e+01 3.291713e+00
1800546 2.517194e-01 2.371241e+01 3.223978e+00
2100335 2.517194e-01 5.857099e+00 3.463454e-01
2400148 2.517194e-01 2.013539e+00 3.433196e-01
2700102 2.517194e-01 1.077477e+00 2.400600e-01
3000004 2.517194e-01 2.404327e-01 2.017872e-01
1350 2.508205e-01 3.570809e+09 3.264765e+06
300200 2.508205e-01 1.090249e+07 1.184519e+01
600123 2.508205e-01 2.894750e+04 1.166411e+01
900600 2.508205e-01 5.403940e+02 4.829103e+00
1200005 2.508205e-01 2.008426e+02 4.740067e+00
1500646 2.508205e-01 6.345989e+01 4.720521e+00
1800389 2.508205e-01 1.686801e+01 1.541775e+00
2100169 2.508205e-01 4.618142e+00 5.901599e-01
2400253 2.508205e-01 1.841805e+00 4.175944e-01
2700014 2.508205e-01 9.348948e-01 2.822977e-01
3000005 2.508205e-01 2.677789e-01 2.425198e-01
1350 2.505376e-01 3.632872e+09 7.079882e+06
300898 2.505376e-01 1.108789e+07 1.315515e+02
601704 2.505376e-01 6.660572e+04 1.034220e+00
900864 2.505376e-01 6.592575e+02 1.034220e+00
1200439 2.505376e-01 2.969744e+02 1.034220e+00
1500168 2.505376e-01 1.218723e+02 1.034220e+00
1800406 2.505376e-01 3.237195e+01 1.034220e+00
2100086 2.505376e-01 7.769607e+00 7.249296e-01
2400269 2.505376e-01 2.159362e+00 5.420362e-01
2700087 2.505376e-01 9.670621e-01 5.205120e-01
3000001 2.505376e-01 3.787696e-01 3.046715e-01
1350 2.500961e-01 3.678325e+09 1.370183e+07
300685 2.500961e-01 1.101966e+07 1.334026e+02
602338 2.500961e-01 3.435101e+04 1.758771e+01
900569 2.500961e-01 5.992214e+02 1.783128e+00
1200127 2.500961e-01 2.670025e+02 1.783128e+00
1500099 2.500961e-01 1.016541e+02 1.783128e+00
1800597 2.500961e-01 2.866684e+01 9.682081e-01
2100017 2.500961e-01 6.807355e+00 6.369827e-01
2400027 2.500961e-01 2.234119e+00 5.497340e-01
2700106 2.500961e-01 9.458298e-01 5.078948e-01
3000000 2.500961e-01 4.066759e-01 3.731646e-01
1350 2.483818e-01 3.218792e+09 3.922957e+06
300015 2.483818e-01 1.008226e+07 4.322345e+01
600227 2.483818e-01 1.243490e+04 9.767682e-01
900268 2.483818e-01 5.199623e+02 9.767682e-01
1200539 2.483818e-01 2.117668e+02 9.767682e-01
1500357 2.483818e-01 6.551671e+01 9.767682e-01
1800188 2.483818e-01 1.727072e+01 4.395354e-01
2100268 2.483818e-01 4.305191e+00 3.192140e-01
2400234 2.483818e-01 1.505843e+00 3.192140e-01
2700067 2.483818e-01 6.763800e-01 1.986312e-01
3000005 2.483818e-01 1.800394e-01 1.799754e-01
1350 2.482733e-01 3.648113e+09 2.959056e+06
300876 2.482733e-01 1.096630e+07 1.310995e+02
600319 2.482733e-01 3.983168e+04 7.520913e+01
900145 2.482733e-01 5.978662e+02 1.302445e+00
1200574 2.482733e-01 2.490734e+02 1.302445e+00
1500232 2.482733e-01 8.890157e+01 1.302445e+00
1800203 2.482733e-01 2.892973e+01 5.097068e-01
2100378 2.482733e-01 8.084462e+00 5.097068e-01
2400147 2.482733e-01 2.484163e+00 3.137709e-01
2700035 2.482733e-01 9.719275e-01 3.137709e-01
2999962 2.484572e-01 3.058538e-01 2.905918e-01
1350 2.495577e-01 3.553683e+09 6.224991e+06
300564 2.495577e-01 1.202706e+07 4.945458e+01
601035 2.495577e-01 5.233704e+04 4.678097e+01
900029 2.495577e-01 6.122090e+02 4.646908e+01
1200415 2.495577e-01 2.801354e+02 3.426500e+01
1500294 2.495577e-01 1.041537e+02 1.315404e+01
1800069 2.495577e-01 2.867147e+01 9.711751e-01
2100308 2.495577e-01 7.642698e+00 4.177058e-01
2400163 2.495577e-01 2.257057e+00 4.177058e-01
2700109 2.495577e-01 9.237720e-01 4.148083e-01
3000005 2.495577e-01 3.642289e-01 3.626905e-01
1350 2.488993e-01 3.730972e+09 4.248026e+06
300757 2.488993e-01 1.115689e+07 1.502811e+02
600327 2.488993e-01 1.828068e+04 1.347704e+02
900261 2.488993e-01 5.348233e+02 5.314389e+01
1200746 2.488993e-01 2.192080e+02 2.219470e+01
1500649 2.488993e-01 6.852193e+01 7.534720e+00
1800419 2.488993e-01 1.806807e+01 7.553573e-01
2100187 2.488993e-01 5.485960e+00 4.443857e-01
2400267 2.488993e-01 1.843439e+00 2.241913e-01
2700127 2.488993e-01 6.819069e-01 2.205412e-01
3000003 2.488993e-01 1.164956e-01 1.164579e-01
1350 2.490368e-01 3.671839e+09 3.090378e+06
300084 2.490368e-01 1.144936e+07 3.401950e+01
600758 2.490368e-01 2.185107e+04 1.509900e+01
900299 2.490368e-01 6.006962e+02 1.365100e+01
1200596 2.490368e-01 2.580431e+02 1.100556e+01
1500215 2.490368e-01 9.367174e+01 1.052821e+01
1800175 2.490368e-01 2.286302e+01 1.090658e+00
2100222 2.490368e-01 5.834231e+00 7.279971e-01
2400002 2.490368e-01 1.975882e+00 5.757524e-01
2700081 2.490368e-01 7.837079e-01 5.084697e-01
2999982 2.492213e-01 4.729804e-01 4.729804e-01
1350 2.496526e-01 3.655912e+09 3.092084e+06
300867 2.496526e-01 1.274023e+07 1.588625e+02
600359 2.496526e-01 2.965701e+04 2.710120e+01
900844 2.496526e-01 5.671936e+02 1.213369e+01
1200534 2.496526e-01 2.336376e+02 1.213369e+01
1500401 2.496526e-01 8.512709e+01 8.504834e+00
1800451 2.496526e-01 2.581609e+01 1.318766e+00
2100012 2.496526e-01 6.806652e+00 1.318766e+00
2400075 2.496526e-01 2.344200e+00 5.747386e-01
2700093 2.496526e-01 1.018566e+00 1.803814e-01
3000004 2.496526e-01 3.805588e-02 3.094739e-02
1350 2.502708e-01 3.509549e+09 9.307664e+06
300908 2.502708e-01 1.184357e+07 1.213769e+02
600505 2.502708e-01 2.086985e+04 2.644390e+01
901103 2.502708e-01 5.455411e+02 6.863645e-01
1200319 2.502708e-01 2.263500e+02 6.863645e-01
1500067 2.502708e-01 7.690233e+01 6.863645e-01
1800237 2.502708e-01 2.213744e+01 6.863645e-01
2100186 2.502708e-01 5.929374e+00 4.313196e-01
2400181 2.502708e-01 1.973797e+00 4.312608e-01
2700033 2.502708e-01 8.426071e-01 3.018946e-01
2999976 2.504562e-01 1.236179e-01 1.129869e-01
1350 2.497022e-01 3.847418e+09 7.769495e+06
300621 2.497022e-01 1.097319e+07 1.304341e+02
600584 2.497022e-01 2.790652e+04 1.304341e+02
900930 2.497022e-01 6.310471e+02 1.104644e+00
1200352 2.497022e-01 2.979489e+02 1.104644e+00
1500328 2.497022e-01 1.264274e+02 1.104644e+00
1800743 2.497022e-01 3.589706e+01 1.104644e+00
2100020 2.497022e-01 8.126415e+00 4.759817e-01
2400131 2.497022e-01 1.813398e+00 4.155323e-01
2700122 2.497022e-01 8.722368e-01 4.155322e-01
3000000 2.497022e-01 3.466664e-01 3.240171e-01
1350 2.499288e-01 3.946692e+09 6.458667e+06
300033 2.499288e-01 1.170931e+07 1.335137e+02
600865 2.499288e-01 2.278366e+04 4.269212e+01
900750 2.499288e-01 5.507903e+02 4.212959e+01
1200064 2.499288e-01 2.350906e+02 3.559921e+01
1500651 2.499288e-01 8.073577e+01 9.194733e+00
1800064 2.499288e-01 2.430832e+01 1.252552e+00
2100115 2.499288e-01 5.955108e+00 5.219862e-01
2400174 2.499288e-01 2.101159e+00 4.798036e-01
2700006 2.499288e-01 9.705043e-01 4.090731e-01
3000000 2.499288e-01 2.501291e-01 2.356558e-01
1350 2.501657e-01 3.832289e+09 3.591620e+06
300669 2.501657e-01 1.191112e+07 1.653918e+01
600251 2.501657e-01 3.634191e+04 1.641583e+01
900538 2.501657e-01 5.557107e+02 5.786054e-01
1200299 2.501657e-01 2.236195e+02 5.786054e-01
1500563 2.501657e-01 7.649606e+01 5.786054e-01
1800316 2.501657e-01 1.955407e+01 5.786054e-01
2100113 2.501657e-01 4.524945e+00 3.189222e-01
2400110 2.501657e-01 1.534260e+00 2.797225e-01
2700049 2.501657e-01 7.396113e-01 1.396881e-01
3000005 2.501657e-01 6.360152e-02 6.317445e-02
1350 2.514127e-01 3.790992e+09 7.156247e+06
300588 2.514127e-01 1.090809e+07 9.864101e-01
600812 2.514127e-01 2.835617e+04 9.864101e-01
900319 2.514127e-01 5.963022e+02 9.864101e-01
1200417 2.514127e-01 2.512434e+02 9.864101e-01
1500513 2.514127e-01 9.144993e+01 9.864101e-01
1800365 2.514127e-01 2.654970e+01 6.089601e-01
2100213 2.514127e-01 6.816983e+00 6.014079e-01
2400863 2.514127e-01 2.100284e+00 5.993565e-01
2700031 2.514127e-01 9.532747e-01 4.589751e-01
2999957 2.515989e-01 3.030750e-01 2.514015e-01
1350 2.488899e-01 3.605417e+09 5.915132e+06
300193 2.488899e-01 1.269419e+07 1.224821e+02
600537 2.488899e-01 4.190019e+04 4.231257e+01
900911 2.488899e-01 6.166391e+02 6.466179e-01
1200118 2.488899e-01 2.680684e+02 6.466179e-01
1500653 2.488899e-01 9.463815e+01 6.466179e-01
1800388 2.488899e-01 2.478372e+01 6.391635e-01
2100176 2.488899e-01 5.310814e+00 6.391635e-01
2400220 2.488899e-01 1.766939e+00 6.390826e-01
2700064 2.488899e-01 8.614021e-01 5.234487e-01
2999959 2.490742e-01 4.626639e-01 4.345733e-01
1350 2.507241e-01 3.668589e+09 5.125928e+06
301668 2.507241e-01 1.053987e+07 2.085657e+00
600739 2.507241e-01 1.275937e+04 2.085657e+00
900436 2.507241e-01 5.391075e+02 1.435475e+00
1200159 2.507241e-01 2.156435e+02 1.435475e+00
1500044 2.507241e-01 7.045006e+01 1.435475e+00
1800532 2.507241e-01 1.848718e+01 3.878123e-01
2100060 2.507241e-01 4.841547e+00 3.878123e-01
2400261 2.507241e-01 1.775661e+00 3.441460e-01
2700070 2.507241e-01 9.078626e-01 3.441458e-01
3000001 2.507241e-01 1.323003e-01 1.130364e-01
1350 2.500212e-01 3.629828e+09 1.044299e+06
300089 2.500212e-01 1.217838e+07 1.495105e+02
600802 2.500212e-01 4.412079e+04 5.430228e+01
900785 2.500212e-01 5.560613e+02 1.733146e+00
1200377 2.500212e-01 2.078540e+02 1.732759e+00
1500651 2.500212e-01 6.094945e+01 1.732759e+00
1800216 2.500212e-01 1.509291e+01 7.783429e-01
2100095 2.500212e-01 3.685092e+00 6.556561e-01
2400208 2.500212e-01 1.661193e+00 6.261150e-01
2700036 2.500212e-01 9.363588e-01 2.844285e-01
3000003 2.500212e-01 2.676938e-01 2.329478e-01
1350 2.508352e-01 3.646340e+09 4.713676e+06
301136 2.508352e-01 1.250012e+07 1.452169e+02
601064 2.508352e-01 5.092559e+04 6.601018e-01
900858 2.508352e-01 5.808391e+02 6.601018e-01
1200593 2.508352e-01 2.496145e+02 6.601018e-01
1500379 2.508352e-01 8.881570e+01 6.601018e-01
1800688 2.508352e-01 2.499411e+01 8.422406e-02
2100329 2.508352e-01 5.933863e+00 8.422406e-02
2400179 2.508352e-01 2.007774e+00 8.409395e-02
2700079 2.508352e-01 8.877734e-01 8.377433e-02
3000003 2.508352e-01 9.135341e-02 8.236103e-02
1350 2.499370e-01 3.377563e+09 4.257636e+06
300706 2.499370e-01 1.118426e+07 1.599795e+02
601221 2.499370e-01 2.349570e+04 1.574097e+01
900288 2.499370e-01 5.361266e+02 1.640880e+00
1200634 2.499370e-01 2.085489e+02 1.640880e+00
1500307 2.499370e-01 6.779748e+01 1.640880e+00
1800467 2.499370e-01 1.854190e+01 3.399398e-01
2100061 2.499370e-01 4.879137e+00 3.399398e-01
2400138 2.499370e-01 1.800455e+00 3.399398e-01
2700037 2.499370e-01 8.205543e-01 3.399389e-01
3000000 2.499370e-01 3.406959e-01 3.386370e-01
1350 2.505661e-01 3.820031e+09 3.700011e+06
300779 2.505661e-01 1.243892e+07 1.204724e+02
600758 2.505661e-01 6.406473e+04 5.515968e+00
900394 2.505661e-01 5.930387e+02 2.085674e+00
1200691 2.505661e-01 2.572123e+02 2.085674e+00
1500181 2.505661e-01 9.478959e+01 1.926698e+00
1800248 2.505661e-01 2.534628e+01 6.021187e-01
2100168 2.505661e-01 5.995017e+00 6.021187e-01
2400032 2.505661e-01 2.107690e+00 6.021159e-01
2700026 2.505661e-01 9.955221e-01 4.679340e-01
3000000 2.505661e-01 2.906993e-01 2.813173e-01
2.17e-01 (1.16e-01): 
6.934081e-02 2.087262e-01 1.233360e-01 2.873530e-01 4.390412e-02 2.106199e-01 1.651224e-01 1.153376e-01 2.301948e-01 2.017872e-01 2.425198e-01 3.046715e-01 3.731646e-01 1.799754e-01 2.905918e-01 3.626905e-01 1.164579e-01 4.729804e-01 3.094739e-02 1.129869e-01 3.240171e-01 2.356558e-01 6.317445e-02 2.514015e-01 4.345733e-01 1.130364e-01 2.329478e-01 8.236103e-02 3.386370e-01 2.813173e-01 