1350 2.496311e-01 6.299028e+03 1.899306e+03
301184 2.496311e-01 1.337361e+03 1.157888e+02
600534 2.496311e-01 8.703977e+02 6.881788e+01
900256 2.496311e-01 3.862913e+02 6.230012e+01
1200504 2.496311e-01 5.422342e+01 5.445837e+00
1500029 2.496311e-01 8.475128e-03 3.898384e-03
1800539 2.496311e-01 2.484077e-09 1.122771e-09
2100078 2.496311e-01 4.547474e-13 4.547474e-13
2400178 2.496311e-01 4.547474e-13 4.547474e-13
2700002 2.496311e-01 4.450028e-13 0.000000e+00
2999973 2.498160e-01 0.000000e+00 0.000000e+00
1350 2.507014e-01 6.269441e+03 2.091703e+03
301184 2.507014e-01 1.333867e+03 9.728301e+01
600534 2.507014e-01 8.811294e+02 6.349004e+01
900256 2.507014e-01 1.662096e+02 5.130462e+01
1200504 2.507014e-01 7.736069e+00 1.148912e+00
1500029 2.507014e-01 3.877199e-04 2.110810e-04
1800539 2.507014e-01 5.581857e-11 2.864908e-11
2100078 2.507014e-01 4.547474e-13 4.547474e-13
2400178 2.507014e-01 4.530937e-13 0.000000e+00
2700066 2.507014e-01 4.482510e-13 0.000000e+00
3000000 2.507014e-01 0.000000e+00 0.000000e+00
1350 2.501181e-01 6.306545e+03 3.365735e+03
301184 2.501181e-01 1.350811e+03 1.148082e+02
600534 2.501181e-01 8.929285e+02 5.943600e+01
900256 2.501181e-01 1.291370e+02 4.903698e+01
1200504 2.501181e-01 1.085925e+01 1.234998e+00
1500029 2.501181e-01 4.526589e-04 1.953281e-04
1800539 2.501181e-01 7.064383e-11 3.637979e-11
2100078 2.501181e-01 4.536355e-13 0.000000e+00
2400178 2.501181e-01 4.514401e-13 0.000000e+00
2700067 2.501181e-01 4.417546e-13 0.000000e+00
3000005 2.501181e-01 0.000000e+00 0.000000e+00
1350 2.517018e-01 6.302455e+03 2.442613e+03
301184 2.517018e-01 1.315105e+03 7.981187e+01
600534 2.517018e-01 8.577004e+02 3.926690e+01
900256 2.517018e-01 1.502714e+02 3.702402e+01
1200504 2.517018e-01 1.745091e+01 4.787271e+00
1500029 2.517018e-01 1.373441e-03 7.563463e-04
1800539 2.517018e-01 2.159064e-10 1.123226e-10
2100078 2.517018e-01 4.547474e-13 4.547474e-13
2400178 2.517018e-01 4.530937e-13 0.000000e+00
2700102 2.517018e-01 4.514992e-13 0.000000e+00
3000002 2.517018e-01 0.000000e+00 0.000000e+00
1350 2.491333e-01 6.291526e+03 1.481960e+03
301184 2.491333e-01 1.305082e+03 1.185225e+02
600534 2.491333e-01 8.581285e+02 9.642278e+01
900256 2.491333e-01 1.658131e+02 7.537585e+01
1200504 2.491333e-01 4.683595e+01 7.763347e+00
1500029 2.491333e-01 2.810180e-03 1.322224e-03
1800539 2.491333e-01 5.529619e-10 2.505658e-10
2100078 2.491333e-01 4.547474e-13 4.547474e-13
2400178 2.491333e-01 4.530937e-13 0.000000e+00
2700081 2.491333e-01 4.514992e-13 0.000000e+00
3000000 2.491333e-01 0.000000e+00 0.000000e+00
1350 2.489672e-01 6.265102e+03 1.948971e+03
301184 2.489672e-01 1.308799e+03 1.023663e+02
600534 2.489672e-01 8.619427e+02 5.101663e+01
900256 2.489672e-01 2.368682e+02 4.738365e+01
1200504 2.489672e-01 8.670226e+00 4.178241e-01
1500029 2.489672e-01 1.985636e-04 1.070392e-04
1800539 2.489672e-01 5.601585e-11 2.728484e-11
2100078 2.489672e-01 4.547474e-13 4.547474e-13
2400178 2.489672e-01 4.530937e-13 0.000000e+00
2700045 2.489672e-01 4.450028e-13 0.000000e+00
3000005 2.489672e-01 0.000000e+00 0.000000e+00
1350 2.511932e-01 6.290945e+03 2.680988e+03
301184 2.511932e-01 1.268729e+03 9.449302e+01
600534 2.511932e-01 8.114001e+02 6.620547e+01
900256 2.511932e-01 1.077016e+02 4.440346e+01
1200504 2.511932e-01 5.438414e+00 6.105554e-01
1500029 2.511932e-01 2.268333e-04 1.129035e-04
1800539 2.511932e-01 3.122041e-11 1.818989e-11
2100078 2.511932e-01 4.547474e-13 4.547474e-13
2400178 2.511932e-01 4.547474e-13 4.547474e-13
2700103 2.511932e-01 4.547474e-13 4.547474e-13
2999966 2.513792e-01 4.547474e-13 4.547474e-13
1350 2.485633e-01 6.267395e+03 2.049391e+03
301184 2.485633e-01 1.371711e+03 7.396334e+01
600534 2.485633e-01 9.167070e+02 5.954270e+01
900256 2.485633e-01 3.376979e+02 5.769685e+01
1200504 2.485633e-01 4.284003e+01 1.287513e+01
1500029 2.485633e-01 9.985929e-03 5.262873e-03
1800539 2.485633e-01 2.966947e-09 1.142780e-09
2100078 2.485633e-01 4.547474e-13 4.547474e-13
2400178 2.485633e-01 4.530937e-13 0.000000e+00
2700002 2.485633e-01 4.514992e-13 0.000000e+00
3000003 2.485633e-01 0.000000e+00 0.000000e+00
1350 2.501132e-01 6.293231e+03 2.718138e+03
301184 2.501132e-01 1.322478e+03 1.069080e+02
600534 2.501132e-01 8.553233e+02 8.060076e+01
900256 2.501132e-01 1.401031e+02 6.566091e+01
1200504 2.501132e-01 2.847258e+01 2.212490e+00
1500029 2.501132e-01 1.231118e-03 4.183667e-04
1800539 2.501132e-01 1.563804e-10 8.049028e-11
2100078 2.501132e-01 4.547474e-13 4.547474e-13
2400178 2.501132e-01 4.530937e-13 0.000000e+00
2700038 2.501132e-01 4.482510e-13 0.000000e+00
3000004 2.501132e-01 0.000000e+00 0.000000e+00
1350 2.517194e-01 6.281540e+03 3.017286e+03
301184 2.517194e-01 1.347050e+03 5.639414e+01
600534 2.517194e-01 8.867437e+02 3.700200e+01
900256 2.517194e-01 2.449941e+02 3.700200e+01
1200504 2.517194e-01 4.342771e+00 6.207194e-01
1500029 2.517194e-01 2.448745e-04 1.266444e-04
1800539 2.517194e-01 3.226366e-11 1.136868e-11
2100078 2.517194e-01 4.536355e-13 0.000000e+00
2400178 2.517194e-01 4.497865e-13 0.000000e+00
2700098 2.517194e-01 4.450028e-13 0.000000e+00
3000001 2.517194e-01 0.000000e+00 0.000000e+00
1350 2.508205e-01 6.244676e+03 2.773549e+03
301184 2.508205e-01 1.346706e+03 1.020840e+02
600534 2.508205e-01 8.900703e+02 6.835479e+01
900256 2.508205e-01 2.800354e+02 4.885195e+01
1200504 2.508205e-01 1.503896e+01 3.200997e+00
1500029 2.508205e-01 1.009841e-03 5.538823e-04
1800539 2.508205e-01 1.213498e-10 6.230039e-11
2100078 2.508205e-01 4.536355e-13 0.000000e+00
2400178 2.508205e-01 4.514401e-13 0.000000e+00
2700133 2.508205e-01 4.417546e-13 0.000000e+00
3000004 2.508205e-01 0.000000e+00 0.000000e+00
1350 2.505376e-01 6.313724e+03 2.068104e+03
301184 2.505376e-01 1.343939e+03 1.171077e+02
600534 2.505376e-01 8.915361e+02 6.545385e+01
900256 2.505376e-01 4.770999e+02 5.668082e+01
1200504 2.505376e-01 6.498172e+01 1.196186e+01
1500029 2.505376e-01 1.703108e-02 8.117683e-03
1800539 2.505376e-01 9.703468e-09 4.253252e-09
2100078 2.505376e-01 4.547474e-13 4.547474e-13
2400178 2.505376e-01 4.547474e-13 4.547474e-13
2700115 2.505376e-01 4.547474e-13 4.547474e-13
3000000 2.505376e-01 0.000000e+00 0.000000e+00
1350 2.500961e-01 6.310646e+03 2.689478e+03
301184 2.500961e-01 1.262494e+03 8.441650e+01
600534 2.500961e-01 8.039711e+02 5.859237e+01
900256 2.500961e-01 1.105375e+02 4.584282e+01
1200504 2.500961e-01 6.003898e-01 2.613147e-01
1500029 2.500961e-01 4.907927e-05 2.418112e-05
1800539 2.500961e-01 4.740574e-12 2.728484e-12
2100078 2.500961e-01 4.525236e-13 0.000000e+00
2400178 2.500961e-01 4.514401e-13 0.000000e+00
2700004 2.500961e-01 4.482510e-13 0.000000e+00
3000002 2.500961e-01 0.000000e+00 0.000000e+00
1350 2.483818e-01 6.245441e+03 1.650001e+03
301184 2.483818e-01 1.313401e+03 1.026354e+02
600534 2.483818e-01 8.582757e+02 7.894027e+01
900256 2.483818e-01 1.467091e+02 5.668542e+01
1200504 2.483818e-01 4.311276e+00 1.050027e+00
1500029 2.483818e-01 2.680620e-04 1.225132e-04
1800539 2.483818e-01 3.221266e-11 1.318767e-11
2100078 2.483818e-01 4.536355e-13 0.000000e+00
2400178 2.483818e-01 4.497865e-13 0.000000e+00
2700011 2.483818e-01 4.417546e-13 0.000000e+00
3000004 2.483818e-01 0.000000e+00 0.000000e+00
1350 2.482733e-01 6.301137e+03 2.471006e+03
301184 2.482733e-01 1.316748e+03 1.157432e+02
600534 2.482733e-01 8.688157e+02 8.391693e+01
900256 2.482733e-01 3.383988e+02 4.862109e+01
1200504 2.482733e-01 3.678276e+01 2.003713e+00
1500029 2.482733e-01 1.338739e-03 6.901594e-04
1800539 2.482733e-01 4.212532e-10 2.123670e-10
2100078 2.482733e-01 4.536355e-13 0.000000e+00
2400178 2.482733e-01 4.530937e-13 0.000000e+00
2700098 2.482733e-01 4.482510e-13 0.000000e+00
2999995 2.484572e-01 0.000000e+00 0.000000e+00
1350 2.495577e-01 6.293002e+03 3.047959e+03
301184 2.495577e-01 1.344374e+03 8.924576e+01
600534 2.495577e-01 8.931746e+02 7.571831e+01
900256 2.495577e-01 2.655727e+02 7.223756e+01
1200504 2.495577e-01 3.543278e+01 2.400121e+00
1500029 2.495577e-01 1.280452e-03 5.942639e-04
1800539 2.495577e-01 2.535852e-10 1.350600e-10
2100078 2.495577e-01 4.547474e-13 4.547474e-13
2400178 2.495577e-01 4.547474e-13 4.547474e-13
2700005 2.495577e-01 4.547474e-13 4.547474e-13
3000000 2.495577e-01 4.547474e-13 4.547474e-13
1350 2.488993e-01 6.285160e+03 2.408572e+03
301184 2.488993e-01 1.328502e+03 9.752435e+01
600534 2.488993e-01 8.681634e+02 6.841104e+01
900256 2.488993e-01 2.882262e+02 4.768905e+01
1200504 2.488993e-01 2.843907e+01 1.497366e+01
1500029 2.488993e-01 4.719757e-03 1.694216e-03
1800539 2.488993e-01 9.912656e-10 4.924914e-10
2100078 2.488993e-01 4.536355e-13 0.000000e+00
2400178 2.488993e-01 4.514401e-13 0.000000e+00
2700079 2.488993e-01 4.417546e-13 0.000000e+00
3000000 2.488993e-01 0.000000e+00 0.000000e+00
1350 2.490368e-01 6.282610e+03 2.410013e+03
301184 2.490368e-01 1.351716e+03 1.170568e+02
600534 2.490368e-01 8.873417e+02 7.450762e+01
900256 2.490368e-01 1.489602e+02 4.573724e+01
1200504 2.490368e-01 3.746725e+01 1.381459e+00
1500029 2.490368e-01 1.453982e-03 6.234285e-04
1800539 2.490368e-01 5.980128e-10 3.233254e-10
2100078 2.490368e-01 4.536355e-13 0.000000e+00
2400178 2.490368e-01 4.530937e-13 0.000000e+00
2700100 2.490368e-01 4.482510e-13 0.000000e+00
3000005 2.490368e-01 0.000000e+00 0.000000e+00
1350 2.496526e-01 6.290276e+03 2.638092e+03
301184 2.496526e-01 1.282429e+03 1.099294e+02
600534 2.496526e-01 8.261537e+02 6.905937e+01
900256 2.496526e-01 1.056896e+02 4.455559e+01
1200504 2.496526e-01 2.345037e-01 8.949790e-02
1500029 2.496526e-01 2.337597e-05 1.203488e-05
1800539 2.496526e-01 1.836544e-12 9.094947e-13
2100078 2.496526e-01 4.547474e-13 4.547474e-13
2400178 2.496526e-01 4.547474e-13 4.547474e-13
2700045 2.496526e-01 4.514992e-13 0.000000e+00
3000003 2.496526e-01 0.000000e+00 0.000000e+00
1350 2.502708e-01 6.261543e+03 1.822066e+03
301184 2.502708e-01 1.394150e+03 7.252362e+01
600534 2.502708e-01 9.408061e+02 4.213992e+01
900256 2.502708e-01 4.570710e+02 4.213992e+01
1200504 2.502708e-01 2.724536e+01 1.770156e+00
1500029 2.502708e-01 9.544270e-04 4.483164e-04
1800539 2.502708e-01 2.021084e-10 1.195986e-10
2100078 2.502708e-01 4.547474e-13 4.547474e-13
2400178 2.502708e-01 4.547474e-13 4.547474e-13
2700045 2.502708e-01 4.514992e-13 0.000000e+00
3000003 2.502708e-01 0.000000e+00 0.000000e+00
1350 2.497022e-01 6.260578e+03 2.885893e+03
301184 2.497022e-01 1.304596e+03 1.152481e+02
600534 2.497022e-01 8.579629e+02 8.017287e+01
900256 2.497022e-01 1.168352e+02 4.650235e+01
1200504 2.497022e-01 8.775211e+00 5.743492e-01
1500029 2.497022e-01 2.819848e-04 1.365162e-04
1800539 2.497022e-01 4.881930e-11 2.637535e-11
2100078 2.497022e-01 4.547474e-13 4.547474e-13
2400178 2.497022e-01 4.547474e-13 4.547474e-13
2700041 2.497022e-01 4.547474e-13 4.547474e-13
3000003 2.497022e-01 0.000000e+00 0.000000e+00
1350 2.499288e-01 6.273349e+03 2.662341e+03
301184 2.499288e-01 1.341390e+03 8.053393e+01
600534 2.499288e-01 8.941032e+02 5.486951e+01
900256 2.499288e-01 2.181992e+02 5.156670e+01
1200504 2.499288e-01 1.842854e+01 1.745471e+00
1500029 2.499288e-01 1.000110e-03 5.495651e-04
1800539 2.499288e-01 1.680609e-10 8.503775e-11
2100078 2.499288e-01 4.536355e-13 0.000000e+00
2400178 2.499288e-01 4.497865e-13 0.000000e+00
2700081 2.499288e-01 4.385064e-13 0.000000e+00
2999963 2.501139e-01 0.000000e+00 0.000000e+00
1350 2.501657e-01 6.319512e+03 2.983948e+03
301184 2.501657e-01 1.321754e+03 1.096043e+02
600534 2.501657e-01 8.769369e+02 8.194237e+01
900256 2.501657e-01 3.803595e+02 6.387529e+01
1200504 2.501657e-01 1.951740e+01 1.381574e+00
1500029 2.501657e-01 6.344384e-04 3.073641e-04
1800539 2.501657e-01 1.150185e-10 5.002221e-11
2100078 2.501657e-01 4.536355e-13 0.000000e+00
2400178 2.501657e-01 4.530937e-13 0.000000e+00
2700091 2.501657e-01 4.482510e-13 0.000000e+00
3000004 2.501657e-01 0.000000e+00 0.000000e+00
1350 2.514127e-01 6.272178e+03 1.465911e+03
301184 2.514127e-01 1.434551e+03 1.142044e+02
600534 2.514127e-01 9.650410e+02 6.665672e+01
900256 2.514127e-01 5.152318e+02 5.645983e+01
1200504 2.514127e-01 5.753088e+01 1.997176e+01
1500029 2.514127e-01 3.030829e-02 1.579433e-02
1800539 2.514127e-01 2.928354e-08 1.666740e-08
2100078 2.514127e-01 4.547474e-13 4.547474e-13
2400178 2.514127e-01 4.530937e-13 0.000000e+00
2700025 2.514127e-01 4.482510e-13 0.000000e+00
3000000 2.514127e-01 0.000000e+00 0.000000e+00
1350 2.488899e-01 6.309887e+03 2.595339e+03
301184 2.488899e-01 1.374218e+03 1.146303e+02
600534 2.488899e-01 8.999640e+02 6.287798e+01
900256 2.488899e-01 1.490869e+02 4.755875e+01
1200504 2.488899e-01 2.503533e+00 3.605796e-01
1500029 2.488899e-01 1.063436e-04 4.980825e-05
1800539 2.488899e-01 1.419497e-11 7.730705e-12
2100078 2.488899e-01 4.547474e-13 4.547474e-13
2400178 2.488899e-01 4.547474e-13 4.547474e-13
2700104 2.488899e-01 4.514992e-13 0.000000e+00
3000003 2.488899e-01 0.000000e+00 0.000000e+00
1350 2.507241e-01 6.279238e+03 2.599587e+03
301184 2.507241e-01 1.386522e+03 1.042364e+02
600534 2.507241e-01 9.227659e+02 8.936961e+01
900256 2.507241e-01 5.025539e+02 6.615627e+01
1200504 2.507241e-01 7.599608e+01 2.946796e+01
1500029 2.507241e-01 2.253295e+01 2.252445e+01
1800539 2.507241e-01 2.252101e+01 2.252101e+01
2100078 2.507241e-01 2.252101e+01 2.252101e+01
2400178 2.507241e-01 2.252101e+01 2.252101e+01
2700004 2.507241e-01 2.252101e+01 2.252101e+01
3000002 2.507241e-01 2.252101e+01 2.252101e+01
1350 2.500212e-01 6.242505e+03 1.526311e+03
301184 2.500212e-01 1.352917e+03 8.783196e+01
600534 2.500212e-01 8.957904e+02 4.802519e+01
900256 2.500212e-01 2.235673e+02 4.529697e+01
1200504 2.500212e-01 1.188210e+01 5.861083e-01
1500029 2.500212e-01 2.686220e-04 1.321488e-04
1800539 2.500212e-01 4.452177e-11 2.000888e-11
2100078 2.500212e-01 4.547474e-13 4.547474e-13
2400178 2.500212e-01 4.530937e-13 0.000000e+00
2700042 2.500212e-01 4.514992e-13 0.000000e+00
3000000 2.500212e-01 0.000000e+00 0.000000e+00
1350 2.508352e-01 6.274258e+03 1.734291e+03
301184 2.508352e-01 1.422322e+03 1.052526e+02
600534 2.508352e-01 9.635892e+02 4.457245e+01
900256 2.508352e-01 5.878341e+02 3.095247e+01
1200504 2.508352e-01 4.839193e+01 2.386060e+00
1500029 2.508352e-01 3.403271e-03 1.366960e-03
1800539 2.508352e-01 1.163500e-09 5.543370e-10
2100078 2.508352e-01 4.547474e-13 4.547474e-13
2400178 2.508352e-01 4.547474e-13 4.547474e-13
2700090 2.508352e-01 4.514992e-13 0.000000e+00
3000004 2.508352e-01 0.000000e+00 0.000000e+00
1350 2.499370e-01 6.278884e+03 2.046445e+03
301184 2.499370e-01 1.323293e+03 1.159798e+02
600534 2.499370e-01 8.527736e+02 5.053573e+01
900256 2.499370e-01 1.215264e+02 3.211169e+01
1200504 2.499370e-01 3.906678e+00 9.597519e-01
1500029 2.499370e-01 3.188527e-04 1.692841e-04
1800539 2.499370e-01 3.025491e-11 1.364242e-11
2100078 2.499370e-01 4.525236e-13 0.000000e+00
2400178 2.499370e-01 4.497865e-13 0.000000e+00
2700032 2.499370e-01 4.450028e-13 0.000000e+00
3000000 2.499370e-01 0.000000e+00 0.000000e+00
1350 2.505661e-01 6.302404e+03 2.703034e+03
301184 2.505661e-01 1.348951e+03 1.126525e+02
600534 2.505661e-01 8.940961e+02 7.177113e+01
900256 2.505661e-01 5.318096e+02 4.581473e+01
1200504 2.505661e-01 7.767690e+00 8.275246e-01
1500029 2.505661e-01 3.675207e-04 1.802331e-04
1800539 2.505661e-01 4.347351e-11 2.137313e-11
2100078 2.505661e-01 4.547474e-13 4.547474e-13
2400178 2.505661e-01 4.530937e-13 0.000000e+00
2700046 2.505661e-01 4.514992e-13 0.000000e+00
3000005 2.505661e-01 0.000000e+00 0.000000e+00
7.51e-01 (4.11e+00): 
0.000000e+00 0.000000e+00 0.000000e+00 0.000000e+00 0.000000e+00 0.000000e+00 0.000000e+00 0.000000e+00 0.000000e+00 0.000000e+00 0.000000e+00 0.000000e+00 0.000000e+00 0.000000e+00 0.000000e+00 0.000000e+00 0.000000e+00 0.000000e+00 0.000000e+00 0.000000e+00 0.000000e+00 0.000000e+00 0.000000e+00 0.000000e+00 0.000000e+00 2.252101e+01 0.000000e+00 0.000000e+00 0.000000e+00 0.000000e+00 1350 2.496311e-01 6.299028e+03 1.899306e+03
301184 2.496311e-01 1.348681e+03 6.485548e+01
600534 2.496311e-01 9.050805e+02 1.671512e+01
900256 2.496311e-01 5.265367e+02 1.248699e+01
1200504 2.496311e-01 2.667672e-01 1.063447e-01
1500029 2.496311e-01 1.433676e-05 6.702357e-06
1800539 2.496311e-01 1.143556e-12 4.547474e-13
2100078 2.496311e-01 4.547474e-13 4.547474e-13
2400178 2.496311e-01 4.530937e-13 0.000000e+00
2700104 2.496311e-01 4.514992e-13 0.000000e+00
3000000 2.496311e-01 0.000000e+00 0.000000e+00
1350 2.507014e-01 6.269441e+03 2.091703e+03
301184 2.507014e-01 1.390274e+03 1.154662e+02
600534 2.507014e-01 9.479340e+02 7.229293e+01
900256 2.507014e-01 6.053781e+02 5.114707e+01
1200504 2.507014e-01 2.910555e+01 2.870745e+00
1500029 2.507014e-01 9.025778e-04 4.604816e-04
1800539 2.507014e-01 4.134523e-11 1.864464e-11
2100078 2.507014e-01 4.547474e-13 4.547474e-13
2400178 2.507014e-01 4.530937e-13 0.000000e+00
2700000 2.507014e-01 4.514992e-13 0.000000e+00
3000000 2.507014e-01 0.000000e+00 0.000000e+00
1350 2.501181e-01 6.306545e+03 3.365735e+03
301184 2.501181e-01 1.424471e+03 1.037793e+02
600534 2.501181e-01 9.640466e+02 6.899328e+01
900256 2.501181e-01 6.931506e+02 5.545099e+01
1200504 2.501181e-01 4.405796e+01 1.658794e+00
1500029 2.501181e-01 6.441858e-04 3.007804e-04
1800539 2.501181e-01 3.090777e-11 1.591616e-11
2100078 2.501181e-01 4.547474e-13 4.547474e-13
2400178 2.501181e-01 4.547474e-13 4.547474e-13
2700099 2.501181e-01 4.547474e-13 4.547474e-13
3000003 2.501181e-01 0.000000e+00 0.000000e+00
1350 2.517018e-01 6.302455e+03 2.442613e+03
301184 2.517018e-01 1.412975e+03 8.978346e+01
600534 2.517018e-01 9.482108e+02 6.448651e+01
900256 2.517018e-01 6.640107e+02 5.473474e+01
1200504 2.517018e-01 5.971604e+01 5.857072e+00
1500029 2.517018e-01 5.393747e-03 2.740817e-03
1800539 2.517018e-01 4.907986e-10 2.146407e-10
2100078 2.517018e-01 4.547474e-13 4.547474e-13
2400178 2.517018e-01 4.530937e-13 0.000000e+00
2700132 2.517018e-01 4.514992e-13 0.000000e+00
2999978 2.518882e-01 0.000000e+00 0.000000e+00
1350 2.491333e-01 6.291526e+03 1.481960e+03
301184 2.491333e-01 1.467201e+03 1.088338e+02
600534 2.491333e-01 1.004625e+03 6.424832e+01
900256 2.491333e-01 7.526267e+02 4.468810e+01
1200504 2.491333e-01 8.334774e+01 5.053247e+00
1500029 2.491333e-01 2.984640e-03 1.409958e-03
1800539 2.491333e-01 4.181903e-10 2.241904e-10
2100078 2.491333e-01 4.536355e-13 0.000000e+00
2400178 2.491333e-01 4.497865e-13 0.000000e+00
2700039 2.491333e-01 4.450028e-13 0.000000e+00
3000004 2.491333e-01 0.000000e+00 0.000000e+00
1350 2.489672e-01 6.265102e+03 1.948971e+03
301184 2.489672e-01 1.435750e+03 1.126873e+02
600534 2.489672e-01 9.787515e+02 4.576489e+01
900256 2.489672e-01 7.182837e+02 3.420108e+01
1200504 2.489672e-01 2.876092e+01 2.510712e+00
1500029 2.489672e-01 9.454912e-04 4.507552e-04
1800539 2.489672e-01 8.123510e-11 4.456524e-11
2100078 2.489672e-01 4.547474e-13 4.547474e-13
2400178 2.489672e-01 4.547474e-13 4.547474e-13
2700057 2.489672e-01 4.547474e-13 4.547474e-13
3000002 2.489672e-01 0.000000e+00 0.000000e+00
1350 2.511932e-01 6.290945e+03 2.680988e+03
301184 2.511932e-01 1.388248e+03 6.393946e+01
600534 2.511932e-01 9.547307e+02 3.815565e+01
900256 2.511932e-01 7.058424e+02 3.047792e+01
1200504 2.511932e-01 1.810638e+01 8.868783e-01
1500029 2.511932e-01 2.587336e-04 1.362134e-04
1800539 2.511932e-01 1.584343e-11 7.275958e-12
2100078 2.511932e-01 4.536355e-13 0.000000e+00
2400178 2.511932e-01 4.514401e-13 0.000000e+00
2700133 2.511932e-01 4.450028e-13 0.000000e+00
3000000 2.511932e-01 0.000000e+00 0.000000e+00
1350 2.485633e-01 6.267395e+03 2.049391e+03
301184 2.485633e-01 1.382134e+03 9.760729e+01
600534 2.485633e-01 9.243727e+02 3.331404e+01
900256 2.485633e-01 5.805074e+02 2.529134e+01
1200504 2.485633e-01 1.012663e+01 7.982184e-01
1500029 2.485633e-01 1.566668e-04 7.657190e-05
1800539 2.485633e-01 8.736332e-12 4.092726e-12
2100078 2.485633e-01 4.547474e-13 4.547474e-13
2400178 2.485633e-01 4.547474e-13 4.547474e-13
2700015 2.485633e-01 4.514992e-13 0.000000e+00
3000000 2.485633e-01 0.000000e+00 0.000000e+00
1350 2.501132e-01 6.293231e+03 2.718138e+03
301184 2.501132e-01 1.382522e+03 7.457441e+01
600534 2.501132e-01 9.275241e+02 6.794228e+01
900256 2.501132e-01 6.627140e+02 4.098508e+01
1200504 2.501132e-01 3.160079e+01 1.249097e+01
1500029 2.501132e-01 1.235677e+01 1.235677e+01
1800539 2.501132e-01 1.235677e+01 1.235677e+01
2100078 2.501132e-01 1.235677e+01 1.235677e+01
2400178 2.501132e-01 1.235677e+01 1.235677e+01
2700089 2.501132e-01 1.235677e+01 1.235677e+01
3000000 2.501132e-01 1.235677e+01 1.235677e+01
1350 2.517194e-01 6.281540e+03 3.017286e+03
301184 2.517194e-01 1.409206e+03 7.985237e+01
600534 2.517194e-01 9.619964e+02 6.706067e+01
900256 2.517194e-01 7.242878e+02 4.988308e+01
1200504 2.517194e-01 7.304542e+01 4.307624e+00
1500029 2.517194e-01 4.815555e-03 2.437729e-03
1800539 2.517194e-01 4.318896e-10 1.705303e-10
2100078 2.517194e-01 4.536355e-13 0.000000e+00
2400178 2.517194e-01 4.530937e-13 0.000000e+00
2700097 2.517194e-01 4.514992e-13 0.000000e+00
3000003 2.517194e-01 0.000000e+00 0.000000e+00
1350 2.508205e-01 6.244676e+03 2.773549e+03
301184 2.508205e-01 1.337727e+03 1.118400e+02
600534 2.508205e-01 8.926469e+02 6.705127e+01
900256 2.508205e-01 6.050210e+02 6.420538e+01
1200504 2.508205e-01 5.090269e+01 1.953472e+00
1500029 2.508205e-01 1.308614e-03 5.565939e-04
1800539 2.508205e-01 1.279738e-10 6.639311e-11
2100078 2.508205e-01 4.536355e-13 0.000000e+00
2400178 2.508205e-01 4.514401e-13 0.000000e+00
2700008 2.508205e-01 4.450028e-13 0.000000e+00
3000002 2.508205e-01 0.000000e+00 0.000000e+00
1350 2.505376e-01 6.313724e+03 2.068104e+03
301184 2.505376e-01 1.426956e+03 1.195961e+02
600534 2.505376e-01 9.810960e+02 7.970775e+01
900256 2.505376e-01 7.219213e+02 5.456826e+01
1200504 2.505376e-01 6.210056e+01 1.544175e+00
1500029 2.505376e-01 1.085395e-03 5.653486e-04
1800539 2.505376e-01 1.175781e-10 5.866241e-11
2100078 2.505376e-01 4.547474e-13 4.547474e-13
2400178 2.505376e-01 4.547474e-13 4.547474e-13
2700012 2.505376e-01 4.547474e-13 4.547474e-13
3000002 2.505376e-01 4.547474e-13 4.547474e-13
1350 2.500961e-01 6.310646e+03 2.689478e+03
301184 2.500961e-01 1.461633e+03 8.419329e+01
600534 2.500961e-01 9.959314e+02 5.985140e+01
900256 2.500961e-01 7.275895e+02 5.153059e+01
1200504 2.500961e-01 2.445082e+01 6.388907e-01
1500029 2.500961e-01 2.300653e-04 1.169657e-04
1800539 2.500961e-01 1.124998e-11 5.911716e-12
2100078 2.500961e-01 4.536355e-13 0.000000e+00
2400178 2.500961e-01 4.530937e-13 0.000000e+00
2700046 2.500961e-01 4.385064e-13 0.000000e+00
3000000 2.500961e-01 0.000000e+00 0.000000e+00
1350 2.483818e-01 6.245441e+03 1.650001e+03
301184 2.483818e-01 1.379331e+03 9.091976e+01
600534 2.483818e-01 9.210931e+02 6.458616e+01
900256 2.483818e-01 5.929843e+02 4.594563e+01
1200504 2.483818e-01 6.112043e+00 8.198840e-01
1500029 2.483818e-01 1.212143e-04 6.343408e-05
1800539 2.483818e-01 3.713213e-12 1.818989e-12
2100078 2.483818e-01 4.547474e-13 4.547474e-13
2400178 2.483818e-01 4.547474e-13 4.547474e-13
2700097 2.483818e-01 4.547474e-13 4.547474e-13
3000004 2.483818e-01 4.547474e-13 4.547474e-13
1350 2.482733e-01 6.301137e+03 2.471006e+03
301184 2.482733e-01 1.384252e+03 8.255857e+01
600534 2.482733e-01 9.312985e+02 5.079917e+01
900256 2.482733e-01 6.698780e+02 4.612236e+01
1200504 2.482733e-01 3.210734e+01 1.308241e+00
1500029 2.482733e-01 4.641991e-04 1.876423e-04
1800539 2.482733e-01 2.391269e-11 9.549694e-12
2100078 2.482733e-01 4.547474e-13 4.547474e-13
2400178 2.482733e-01 4.547474e-13 4.547474e-13
2700114 2.482733e-01 4.547474e-13 4.547474e-13
3000005 2.482733e-01 4.547474e-13 4.547474e-13
1350 2.495577e-01 6.293002e+03 3.047959e+03
301184 2.495577e-01 1.402242e+03 1.171463e+02
600534 2.495577e-01 9.542286e+02 7.292744e+01
900256 2.495577e-01 6.856956e+02 6.669823e+01
1200504 2.495577e-01 6.617759e+01 3.768624e+01
1500029 2.495577e-01 2.151549e+01 2.150237e+01
1800539 2.495577e-01 2.150024e+01 2.150024e+01
2100078 2.495577e-01 2.150024e+01 2.150024e+01
2400178 2.495577e-01 2.150024e+01 2.150024e+01
2700084 2.495577e-01 2.150024e+01 2.150024e+01
3000005 2.495577e-01 2.150024e+01 2.150024e+01
1350 2.488993e-01 6.285160e+03 2.408572e+03
301184 2.488993e-01 1.392502e+03 9.423207e+01
600534 2.488993e-01 9.370492e+02 7.634259e+01
900256 2.488993e-01 5.997776e+02 5.496107e+01
1200504 2.488993e-01 2.689279e+01 3.846572e+00
1500029 2.488993e-01 4.690989e-03 2.357400e-03
1800539 2.488993e-01 4.209372e-10 2.287379e-10
2100078 2.488993e-01 4.547474e-13 4.547474e-13
2400178 2.488993e-01 4.547474e-13 4.547474e-13
2700071 2.488993e-01 4.547474e-13 4.547474e-13
3000003 2.488993e-01 4.547474e-13 4.547474e-13
1350 2.490368e-01 6.282610e+03 2.410013e+03
301184 2.490368e-01 1.430147e+03 9.422154e+01
600534 2.490368e-01 9.611483e+02 6.982892e+01
900256 2.490368e-01 6.897377e+02 5.759875e+01
1200504 2.490368e-01 3.268683e+01 2.100012e+01
1500029 2.490368e-01 1.235679e+01 1.235677e+01
1800539 2.490368e-01 1.235677e+01 1.235677e+01
2100078 2.490368e-01 1.235677e+01 1.235677e+01
2400178 2.490368e-01 1.235677e+01 1.235677e+01
2700049 2.490368e-01 1.235677e+01 1.235677e+01
3000002 2.490368e-01 1.235677e+01 1.235677e+01
1350 2.496526e-01 6.290276e+03 2.638092e+03
301184 2.496526e-01 1.395700e+03 8.653349e+01
600534 2.496526e-01 9.544506e+02 4.138310e+01
900256 2.496526e-01 6.171749e+02 3.728624e+01
1200504 2.496526e-01 1.261899e+01 1.800800e+00
1500029 2.496526e-01 3.092418e-04 1.442321e-04
1800539 2.496526e-01 1.497740e-11 8.185452e-12
2100078 2.496526e-01 4.536355e-13 0.000000e+00
2400178 2.496526e-01 4.530937e-13 0.000000e+00
2700037 2.496526e-01 4.417546e-13 0.000000e+00
3000005 2.496526e-01 0.000000e+00 0.000000e+00
1350 2.502708e-01 6.261543e+03 1.822066e+03
301184 2.502708e-01 1.442949e+03 1.191994e+02
600534 2.502708e-01 9.877626e+02 6.877257e+01
900256 2.502708e-01 7.429347e+02 6.252287e+01
1200504 2.502708e-01 6.207377e+01 7.068203e+00
1500029 2.502708e-01 6.389173e-03 3.266799e-03
1800539 2.502708e-01 6.268742e-10 2.382876e-10
2100078 2.502708e-01 4.547474e-13 4.547474e-13
2400178 2.502708e-01 4.530937e-13 0.000000e+00
2700024 2.502708e-01 4.514992e-13 0.000000e+00
3000005 2.502708e-01 0.000000e+00 0.000000e+00
1350 2.497022e-01 6.260578e+03 2.885893e+03
301184 2.497022e-01 1.392411e+03 8.825009e+01
600534 2.497022e-01 9.400919e+02 5.381186e+01
900256 2.497022e-01 6.078737e+02 3.535208e+01
1200504 2.497022e-01 1.974794e+01 8.542282e-01
1500029 2.497022e-01 2.253057e-04 1.144253e-04
1800539 2.497022e-01 1.123493e-11 4.547474e-12
2100078 2.497022e-01 4.547474e-13 4.547474e-13
2400178 2.497022e-01 4.514401e-13 0.000000e+00
2700047 2.497022e-01 4.417546e-13 0.000000e+00
3000005 2.497022e-01 0.000000e+00 0.000000e+00
1350 2.499288e-01 6.273349e+03 2.662341e+03
301184 2.499288e-01 1.396796e+03 9.790244e+01
600534 2.499288e-01 9.427505e+02 7.379358e+01
900256 2.499288e-01 6.820243e+02 3.902483e+01
1200504 2.499288e-01 4.643669e+01 1.834308e+00
1500029 2.499288e-01 9.234696e-04 4.208687e-04
1800539 2.499288e-01 8.391092e-11 3.865352e-11
2100078 2.499288e-01 4.547474e-13 4.547474e-13
2400178 2.499288e-01 4.547474e-13 4.547474e-13
2700039 2.499288e-01 4.547474e-13 4.547474e-13
3000001 2.499288e-01 4.547474e-13 4.547474e-13
1350 2.501657e-01 6.319512e+03 2.983948e+03
301184 2.501657e-01 1.431337e+03 8.404568e+01
600534 2.501657e-01 9.729702e+02 3.690958e+01
900256 2.501657e-01 6.864347e+02 1.455362e+01
1200504 2.501657e-01 1.841163e+01 7.002899e-01
1500029 2.501657e-01 1.712758e-04 7.093965e-05
1800539 2.501657e-01 7.735721e-12 4.547474e-12
2100078 2.501657e-01 4.536355e-13 0.000000e+00
2400178 2.501657e-01 4.530937e-13 0.000000e+00
2700051 2.501657e-01 4.482510e-13 0.000000e+00
3000000 2.501657e-01 0.000000e+00 0.000000e+00
1350 2.514127e-01 6.272178e+03 1.465911e+03
301184 2.514127e-01 1.511462e+03 9.205946e+01
600534 2.514127e-01 1.048535e+03 7.307832e+01
900256 2.514127e-01 8.057369e+02 6.545322e+01
1200504 2.514127e-01 2.046352e+02 4.841981e+01
1500029 2.514127e-01 7.995885e-02 3.401895e-02
1800539 2.514127e-01 1.484101e-08 7.461949e-09
2100078 2.514127e-01 4.514118e-13 0.000000e+00
2400178 2.514127e-01 4.497865e-13 0.000000e+00
2700022 2.514127e-01 4.190172e-13 0.000000e+00
3000003 2.514127e-01 0.000000e+00 0.000000e+00
1350 2.488899e-01 6.309887e+03 2.595339e+03
301184 2.488899e-01 1.475457e+03 8.744340e+01
600534 2.488899e-01 1.020749e+03 6.909798e+01
900256 2.488899e-01 7.707563e+02 5.606677e+01
1200504 2.488899e-01 7.037425e+01 3.167431e+00
1500029 2.488899e-01 2.050352e-03 1.016998e-03
1800539 2.488899e-01 2.377334e-10 1.000444e-10
2100078 2.488899e-01 4.547474e-13 4.547474e-13
2400178 2.488899e-01 4.514401e-13 0.000000e+00
2700124 2.488899e-01 4.450028e-13 0.000000e+00
2999981 2.490742e-01 0.000000e+00 0.000000e+00
1350 2.507241e-01 6.279238e+03 2.599587e+03
301184 2.507241e-01 1.401386e+03 8.282331e+01
600534 2.507241e-01 9.449317e+02 5.679949e+01
900256 2.507241e-01 6.950461e+02 4.639089e+01
1200504 2.507241e-01 6.554392e+01 1.335684e+00
1500029 2.507241e-01 1.741025e-03 7.511791e-04
1800539 2.507241e-01 1.712416e-10 7.776180e-11
2100078 2.507241e-01 4.547474e-13 4.547474e-13
2400178 2.507241e-01 4.547474e-13 4.547474e-13
2700079 2.507241e-01 4.514992e-13 0.000000e+00
3000004 2.507241e-01 0.000000e+00 0.000000e+00
1350 2.500212e-01 6.242505e+03 1.526311e+03
301184 2.500212e-01 1.412828e+03 8.813969e+01
600534 2.500212e-01 9.748980e+02 5.260540e+01
900256 2.500212e-01 7.210588e+02 4.355669e+01
1200504 2.500212e-01 8.398208e+01 1.260297e+01
1500029 2.500212e-01 6.731894e-03 3.863011e-03
1800539 2.500212e-01 8.730230e-10 3.205969e-10
2100078 2.500212e-01 4.547474e-13 4.547474e-13
2400178 2.500212e-01 4.547474e-13 4.547474e-13
2700030 2.500212e-01 4.450028e-13 0.000000e+00
3000000 2.500212e-01 0.000000e+00 0.000000e+00
1350 2.508352e-01 6.274258e+03 1.734291e+03
301184 2.508352e-01 1.457915e+03 1.081642e+02
600534 2.508352e-01 9.921029e+02 7.265930e+01
900256 2.508352e-01 7.357305e+02 6.048997e+01
1200504 2.508352e-01 4.329633e+01 1.364449e+00
1500029 2.508352e-01 7.016755e-04 3.256018e-04
1800539 2.508352e-01 5.066170e-11 2.546585e-11
2100078 2.508352e-01 4.547474e-13 4.547474e-13
2400178 2.508352e-01 4.547474e-13 4.547474e-13
2700027 2.508352e-01 4.547474e-13 4.547474e-13
3000001 2.508352e-01 4.547474e-13 4.547474e-13
1350 2.499370e-01 6.278884e+03 2.046445e+03
301184 2.499370e-01 1.378101e+03 1.163394e+02
600534 2.499370e-01 9.332244e+02 6.426360e+01
900256 2.499370e-01 6.355258e+02 5.235891e+01
1200504 2.499370e-01 2.103916e+01 5.711564e-01
1500029 2.499370e-01 2.197844e-04 9.732724e-05
1800539 2.499370e-01 1.346437e-11 6.821210e-12
2100078 2.499370e-01 4.536355e-13 0.000000e+00
2400178 2.499370e-01 4.530937e-13 0.000000e+00
2700078 2.499370e-01 4.417546e-13 0.000000e+00
3000003 2.499370e-01 0.000000e+00 0.000000e+00
1350 2.505661e-01 6.302404e+03 2.703034e+03
301184 2.505661e-01 1.461467e+03 9.117918e+01
600534 2.505661e-01 1.004702e+03 6.876839e+01
900256 2.505661e-01 7.460078e+02 5.908414e+01
1200504 2.505661e-01 8.881673e+01 4.540899e+00
1500029 2.505661e-01 3.501562e-03 1.935206e-03
1800539 2.505661e-01 6.001503e-10 3.174137e-10
2100078 2.505661e-01 4.547474e-13 4.547474e-13
2400178 2.505661e-01 4.547474e-13 4.547474e-13
2700028 2.505661e-01 4.547474e-13 4.547474e-13
3000005 2.505661e-01 4.547474e-13 4.547474e-13
1.54e+00 (4.90e+00): 
0.000000e+00 0.000000e+00 0.000000e+00 0.000000e+00 0.000000e+00 0.000000e+00 0.000000e+00 0.000000e+00 1.235677e+01 0.000000e+00 0.000000e+00 0.000000e+00 0.000000e+00 0.000000e+00 0.000000e+00 2.150024e+01 0.000000e+00 1.235677e+01 0.000000e+00 0.000000e+00 0.000000e+00 0.000000e+00 0.000000e+00 0.000000e+00 0.000000e+00 0.000000e+00 0.000000e+00 0.000000e+00 0.000000e+00 0.000000e+00 1350 2.496311e-01 6.299028e+03 1.899306e+03
300069 2.496311e-01 1.422052e+03 1.010087e+02
601113 2.496311e-01 9.456497e+02 7.912737e+01
900835 2.496311e-01 6.933228e+02 5.287206e+01
1200592 2.496311e-01 6.419476e+01 1.284080e+01
1500489 2.496311e-01 1.235677e+01 1.235677e+01
1800332 2.496311e-01 1.235677e+01 1.235677e+01
2100010 2.496311e-01 1.235677e+01 1.235677e+01
2400026 2.496311e-01 1.235677e+01 1.235677e+01
2700113 2.496311e-01 1.235677e+01 1.235677e+01
3000001 2.496311e-01 1.235677e+01 1.235677e+01
1350 2.507014e-01 6.269441e+03 2.091703e+03
301311 2.507014e-01 1.413389e+03 7.427557e+01
600537 2.507014e-01 9.443904e+02 4.359401e+01
900074 2.507014e-01 6.579656e+02 3.843407e+01
1200405 2.507014e-01 4.576578e+01 2.063870e+01
1500178 2.507014e-01 1.235678e+01 1.235677e+01
1800377 2.507014e-01 1.235677e+01 1.235677e+01
2100013 2.507014e-01 1.235677e+01 1.235677e+01
2400254 2.507014e-01 1.235677e+01 1.235677e+01
2700025 2.507014e-01 1.235677e+01 1.235677e+01
3000005 2.507014e-01 1.235677e+01 1.235677e+01
1350 2.501181e-01 6.306545e+03 3.365735e+03
300124 2.501181e-01 1.441846e+03 9.697827e+01
600564 2.501181e-01 9.634070e+02 6.802671e+01
900746 2.501181e-01 7.014107e+02 6.035576e+01
1201323 2.501181e-01 7.042853e+01 2.294198e+01
1500501 2.501181e-01 2.835262e-02 2.682459e-05
1800046 2.501181e-01 3.533002e-09 1.938588e-09
2100368 2.501181e-01 4.547474e-13 4.547474e-13
2400028 2.501181e-01 4.547474e-13 4.547474e-13
2700037 2.501181e-01 4.450028e-13 0.000000e+00
3000000 2.501181e-01 0.000000e+00 0.000000e+00
1350 2.517018e-01 6.302455e+03 2.442613e+03
301099 2.517018e-01 1.424396e+03 9.411434e+01
600563 2.517018e-01 9.537910e+02 7.070185e+01
900353 2.517018e-01 6.534309e+02 6.155517e+01
1200286 2.517018e-01 4.533700e+01 1.389230e+01
1500118 2.517018e-01 9.057831e-03 2.216128e-05
1800340 2.517018e-01 1.421863e-09 6.366463e-10
2100007 2.517018e-01 4.547474e-13 4.547474e-13
2400054 2.517018e-01 4.497865e-13 0.000000e+00
2700102 2.517018e-01 4.255136e-13 0.000000e+00
3000001 2.517018e-01 0.000000e+00 0.000000e+00
1350 2.491333e-01 6.291526e+03 1.481960e+03
300186 2.491333e-01 1.458019e+03 9.227217e+01
600139 2.491333e-01 9.896229e+02 5.602663e+01
900088 2.491333e-01 7.017939e+02 5.073031e+01
1200752 2.491333e-01 7.144301e+01 1.722292e+01
1500439 2.491333e-01 1.235678e+01 1.235677e+01
1800055 2.491333e-01 1.235677e+01 1.235677e+01
2100200 2.491333e-01 1.235677e+01 1.235677e+01
2400108 2.491333e-01 1.235677e+01 1.235677e+01
2700081 2.491333e-01 1.235677e+01 1.235677e+01
3000001 2.491333e-01 1.235677e+01 1.235677e+01
1350 2.489672e-01 6.265102e+03 1.948971e+03
300903 2.489672e-01 1.432160e+03 7.181808e+01
601026 2.489672e-01 9.723105e+02 6.066032e+01
900525 2.489672e-01 6.950649e+02 4.170084e+01
1200356 2.489672e-01 3.771116e+01 1.679394e+00
1500908 2.489672e-01 1.849948e-03 2.488901e-05
1800339 2.489672e-01 1.324602e-10 6.093615e-11
2100397 2.489672e-01 4.536355e-13 0.000000e+00
2400076 2.489672e-01 4.514401e-13 0.000000e+00
2700062 2.489672e-01 4.352582e-13 0.000000e+00
3000001 2.489672e-01 0.000000e+00 0.000000e+00
1350 2.511932e-01 6.290945e+03 2.680988e+03
300806 2.511932e-01 1.407856e+03 6.412915e+01
600038 2.511932e-01 9.465508e+02 5.124656e+01
900044 2.511932e-01 6.686145e+02 4.102639e+01
1200787 2.511932e-01 3.139915e+01 1.088172e+00
1500196 2.511932e-01 4.239879e-04 2.668760e-05
1800153 2.511932e-01 3.851894e-11 2.228262e-11
2100004 2.511932e-01 4.536355e-13 0.000000e+00
2400221 2.511932e-01 4.514401e-13 0.000000e+00
2700005 2.511932e-01 4.385064e-13 0.000000e+00
3000000 2.511932e-01 0.000000e+00 0.000000e+00
1350 2.485633e-01 6.267395e+03 2.049391e+03
300470 2.485633e-01 1.439379e+03 1.000000e+02
600173 2.485633e-01 9.683489e+02 7.197936e+01
900826 2.485633e-01 6.665990e+02 5.654690e+01
1200519 2.485633e-01 2.780200e+01 1.391187e+00
1500186 2.485633e-01 4.530622e-04 2.801028e-05
1800026 2.485633e-01 4.621036e-11 2.182787e-11
2100399 2.485633e-01 4.547474e-13 4.547474e-13
2400041 2.485633e-01 4.547474e-13 4.547474e-13
2700038 2.485633e-01 4.547474e-13 4.547474e-13
3000000 2.485633e-01 4.547474e-13 4.547474e-13
1350 2.501132e-01 6.293231e+03 2.718138e+03
301157 2.501132e-01 1.424370e+03 1.169317e+02
601054 2.501132e-01 9.737071e+02 6.544769e+01
900087 2.501132e-01 7.215146e+02 5.791472e+01
1200376 2.501132e-01 4.315689e+01 1.045796e+00
1500755 2.501132e-01 4.872091e-04 2.351446e-05
1800440 2.501132e-01 5.350972e-11 2.637535e-11
2100389 2.501132e-01 4.547474e-13 4.547474e-13
2400269 2.501132e-01 4.547474e-13 4.547474e-13
2700081 2.501132e-01 4.514992e-13 0.000000e+00
3000001 2.501132e-01 0.000000e+00 0.000000e+00
1350 2.517194e-01 6.281540e+03 3.017286e+03
301048 2.517194e-01 1.426890e+03 1.093885e+02
600057 2.517194e-01 9.722076e+02 9.979230e+01
900555 2.517194e-01 6.986243e+02 6.568896e+01
1200197 2.517194e-01 5.939816e+01 2.613486e+00
1500350 2.517194e-01 1.749588e-03 2.192082e-05
1800144 2.517194e-01 2.095432e-10 9.777068e-11
2100370 2.517194e-01 4.536355e-13 0.000000e+00
2400269 2.517194e-01 4.530937e-13 0.000000e+00
2700116 2.517194e-01 4.482510e-13 0.000000e+00
3000004 2.517194e-01 0.000000e+00 0.000000e+00
1350 2.508205e-01 6.244676e+03 2.773549e+03
300683 2.508205e-01 1.405259e+03 9.665728e+01
600443 2.508205e-01 9.406005e+02 6.485141e+01
900149 2.508205e-01 6.764374e+02 5.732746e+01
1200453 2.508205e-01 1.981751e+01 8.339308e-01
1500463 2.508205e-01 3.589250e-04 2.811792e-05
1800467 2.508205e-01 5.289698e-11 2.319211e-11
2100274 2.508205e-01 4.547474e-13 4.547474e-13
2400182 2.508205e-01 4.530937e-13 0.000000e+00
2700138 2.508205e-01 4.514992e-13 0.000000e+00
2999955 2.510063e-01 0.000000e+00 0.000000e+00
1350 2.505376e-01 6.313724e+03 2.068104e+03
301649 2.505376e-01 1.392022e+03 1.159522e+02
600862 2.505376e-01 9.378049e+02 8.687146e+01
900464 2.505376e-01 6.703870e+02 6.465850e+01
1200240 2.505376e-01 3.329054e+01 2.195688e+01
1500494 2.505376e-01 2.150024e+01 2.150024e+01
1800220 2.505376e-01 2.150024e+01 2.150024e+01
2100342 2.505376e-01 2.150024e+01 2.150024e+01
2400227 2.505376e-01 2.150024e+01 2.150024e+01
2700078 2.505376e-01 2.150024e+01 2.150024e+01
3000003 2.505376e-01 2.150024e+01 2.150024e+01
1350 2.500961e-01 6.310646e+03 2.689478e+03
300282 2.500961e-01 1.401927e+03 7.961716e+01
600634 2.500961e-01 9.501706e+02 5.489884e+01
900189 2.500961e-01 6.655076e+02 5.086533e+01
1200374 2.500961e-01 5.203634e+01 1.434546e+01
1500578 2.500961e-01 1.221657e-02 2.843200e-05
1800472 2.500961e-01 2.158977e-09 1.013177e-09
2100324 2.500961e-01 4.536355e-13 0.000000e+00
2400058 2.500961e-01 4.530937e-13 0.000000e+00
2700117 2.500961e-01 4.514992e-13 0.000000e+00
3000003 2.500961e-01 0.000000e+00 0.000000e+00
1350 2.483818e-01 6.245441e+03 1.650001e+03
300303 2.483818e-01 1.396613e+03 1.189737e+02
600429 2.483818e-01 9.354939e+02 6.482502e+01
900924 2.483818e-01 6.889406e+02 6.454798e+01
1200702 2.483818e-01 6.607897e+01 3.924918e+00
1500535 2.483818e-01 4.060886e-03 1.638446e-05
1800541 2.483818e-01 1.105793e-09 6.002665e-10
2100001 2.483818e-01 4.547474e-13 4.547474e-13
2400029 2.483818e-01 4.547474e-13 4.547474e-13
2700089 2.483818e-01 4.547474e-13 4.547474e-13
2999983 2.485657e-01 4.547474e-13 4.547474e-13
1350 2.482733e-01 6.301137e+03 2.471006e+03
300448 2.482733e-01 1.382891e+03 1.171104e+02
600448 2.482733e-01 9.173805e+02 7.121371e+01
900528 2.482733e-01 6.651902e+02 4.691748e+01
1200276 2.482733e-01 6.010857e+01 9.538527e+00
1500548 2.482733e-01 8.779452e-03 2.367460e-05
1800509 2.482733e-01 9.911745e-10 4.715730e-10
2100072 2.482733e-01 4.547474e-13 4.547474e-13
2400236 2.482733e-01 4.547474e-13 4.547474e-13
2700013 2.482733e-01 4.514992e-13 0.000000e+00
2999992 2.484572e-01 0.000000e+00 0.000000e+00
1350 2.495577e-01 6.293002e+03 3.047959e+03
300381 2.495577e-01 1.441773e+03 1.000000e+02
600245 2.495577e-01 9.743960e+02 8.468871e+01
900041 2.495577e-01 6.789709e+02 6.873395e+01
1200640 2.495577e-01 3.933860e+01 1.667790e+01
1500003 2.495577e-01 1.235678e+01 1.235677e+01
1800043 2.495577e-01 1.235677e+01 1.235677e+01
2100194 2.495577e-01 1.235677e+01 1.235677e+01
2400087 2.495577e-01 1.235677e+01 1.235677e+01
2700098 2.495577e-01 1.235677e+01 1.235677e+01
3000002 2.495577e-01 1.235677e+01 1.235677e+01
1350 2.488993e-01 6.285160e+03 2.408572e+03
301173 2.488993e-01 1.410868e+03 9.716106e+01
600296 2.488993e-01 9.526848e+02 6.813313e+01
900116 2.488993e-01 5.952660e+02 4.618908e+01
1200538 2.488993e-01 6.107016e+00 9.214099e-01
1500280 2.488993e-01 1.022148e-04 2.270138e-05
1800001 2.488993e-01 8.198827e-12 4.547474e-12
2100404 2.488993e-01 4.547474e-13 4.547474e-13
2400043 2.488993e-01 4.547474e-13 4.547474e-13
2700025 2.488993e-01 4.514992e-13 0.000000e+00
3000001 2.488993e-01 0.000000e+00 0.000000e+00
1350 2.490368e-01 6.282610e+03 2.410013e+03
301090 2.490368e-01 1.503137e+03 8.338973e+01
600585 2.490368e-01 1.020625e+03 5.471567e+01
900345 2.490368e-01 7.584344e+02 4.912422e+01
1200299 2.490368e-01 6.435244e+01 5.240714e+00
1500470 2.490368e-01 6.244319e-03 2.613758e-05
1800359 2.490368e-01 7.356525e-10 3.401510e-10
2100023 2.490368e-01 4.536355e-13 0.000000e+00
2400105 2.490368e-01 4.514401e-13 0.000000e+00
2700093 2.490368e-01 4.385064e-13 0.000000e+00
3000005 2.490368e-01 0.000000e+00 0.000000e+00
1350 2.496526e-01 6.290276e+03 2.638092e+03
301211 2.496526e-01 1.386244e+03 1.196309e+02
600229 2.496526e-01 9.324191e+02 8.312911e+01
900087 2.496526e-01 6.576344e+02 6.317146e+01
1200754 2.496526e-01 3.839630e+01 1.187303e+00
1500287 2.496526e-01 4.597921e-04 2.824179e-05
1800298 2.496526e-01 8.276903e-11 4.183676e-11
2100159 2.496526e-01 4.547474e-13 4.547474e-13
2400015 2.496526e-01 4.514401e-13 0.000000e+00
2700128 2.496526e-01 4.417546e-13 0.000000e+00
3000000 2.496526e-01 0.000000e+00 0.000000e+00
1350 2.502708e-01 6.261543e+03 1.822066e+03
300359 2.502708e-01 1.487373e+03 1.059393e+02
600884 2.502708e-01 9.944908e+02 6.523076e+01
900901 2.502708e-01 7.430238e+02 4.710037e+01
1200276 2.502708e-01 7.573066e+01 2.040976e+01
1500649 2.502708e-01 1.235803e+01 1.235677e+01
1800285 2.502708e-01 1.235677e+01 1.235677e+01
2100364 2.502708e-01 1.235677e+01 1.235677e+01
2400274 2.502708e-01 1.235677e+01 1.235677e+01
2700114 2.502708e-01 1.235677e+01 1.235677e+01
3000004 2.502708e-01 1.235677e+01 1.235677e+01
1350 2.497022e-01 6.260578e+03 2.885893e+03
300872 2.497022e-01 1.334709e+03 8.230582e+01
600551 2.497022e-01 8.856312e+02 5.209587e+01
900295 2.497022e-01 5.630591e+02 2.857594e+01
1200638 2.497022e-01 1.009003e+00 1.743021e-01
1500250 2.497022e-01 2.480574e-05 1.289842e-05
1800454 2.497022e-01 1.352539e-12 9.094947e-13
2100141 2.497022e-01 4.547474e-13 4.547474e-13
2400185 2.497022e-01 4.547474e-13 4.547474e-13
2700000 2.497022e-01 4.547474e-13 4.547474e-13
3000001 2.497022e-01 0.000000e+00 0.000000e+00
1350 2.499288e-01 6.273349e+03 2.662341e+03
300955 2.499288e-01 1.415255e+03 1.114871e+02
601051 2.499288e-01 9.448436e+02 5.410242e+01
900953 2.499288e-01 6.613284e+02 4.706783e+01
1200077 2.499288e-01 5.779262e+01 4.843943e+00
1500497 2.499288e-01 1.083228e-02 2.708505e-05
1800202 2.499288e-01 1.507428e-09 8.176357e-10
2100197 2.499288e-01 4.525236e-13 0.000000e+00
2400220 2.499288e-01 4.481328e-13 0.000000e+00
2700164 2.499288e-01 4.190172e-13 0.000000e+00
2999958 2.501139e-01 0.000000e+00 0.000000e+00
1350 2.501657e-01 6.319512e+03 2.983948e+03
300501 2.501657e-01 1.435579e+03 8.813866e+01
600366 2.501657e-01 9.735184e+02 5.176974e+01
900544 2.501657e-01 6.881074e+02 3.678177e+01
1200026 2.501657e-01 4.369855e+01 1.432937e+00
1500270 2.501657e-01 6.384206e-04 5.894928e-05
1800471 2.501657e-01 6.387361e-11 2.864908e-11
2100293 2.501657e-01 4.547474e-13 4.547474e-13
2400088 2.501657e-01 4.547474e-13 4.547474e-13
2700095 2.501657e-01 4.514992e-13 0.000000e+00
3000002 2.501657e-01 0.000000e+00 0.000000e+00
1350 2.514127e-01 6.272178e+03 1.465911e+03
300138 2.514127e-01 1.498317e+03 1.173741e+02
601050 2.514127e-01 1.037136e+03 6.936319e+01
900441 2.514127e-01 8.000843e+02 5.587902e+01
1200381 2.514127e-01 8.489459e+01 3.331165e+01
1500119 2.514127e-01 9.777358e-02 3.091048e-05
1800362 2.514127e-01 3.404615e-08 1.421722e-08
2100299 2.514127e-01 4.547474e-13 4.547474e-13
2400155 2.514127e-01 4.530937e-13 0.000000e+00
2700030 2.514127e-01 4.450028e-13 0.000000e+00
3000001 2.514127e-01 0.000000e+00 0.000000e+00
1350 2.488899e-01 6.309887e+03 2.595339e+03
300522 2.488899e-01 1.449738e+03 1.000000e+02
600056 2.488899e-01 9.830941e+02 7.586715e+01
900631 2.488899e-01 7.397333e+02 5.645194e+01
1200125 2.488899e-01 8.584949e+01 2.878838e+01
1500162 2.488899e-01 2.662935e+01 2.662930e+01
1800306 2.488899e-01 2.662930e+01 2.662930e+01
2100014 2.488899e-01 2.662930e+01 2.662930e+01
2400255 2.488899e-01 2.662930e+01 2.662930e+01
2700082 2.488899e-01 2.662930e+01 2.662930e+01
3000005 2.488899e-01 2.662930e+01 2.662930e+01
1350 2.507241e-01 6.279238e+03 2.599587e+03
300532 2.507241e-01 1.473717e+03 6.978272e+01
600529 2.507241e-01 1.013682e+03 5.585824e+01
900591 2.507241e-01 7.539309e+02 4.616469e+01
1200204 2.507241e-01 8.935514e+01 2.741855e+01
1500210 2.507241e-01 3.533757e-02 1.491157e-04
1800338 2.507241e-01 9.461943e-09 4.947651e-09
2100329 2.507241e-01 4.547474e-13 4.547474e-13
2400117 2.507241e-01 4.530937e-13 0.000000e+00
2700096 2.507241e-01 4.514992e-13 0.000000e+00
3000003 2.507241e-01 0.000000e+00 0.000000e+00
1350 2.500212e-01 6.242505e+03 1.526311e+03
301215 2.500212e-01 1.470893e+03 8.086100e+01
600207 2.500212e-01 1.003002e+03 5.983189e+01
900158 2.500212e-01 7.321279e+02 4.369581e+01
1200043 2.500212e-01 4.813646e+01 2.434515e+00
1500655 2.500212e-01 1.170538e-03 3.280956e-05
1800334 2.500212e-01 1.300009e-10 7.321432e-11
2100144 2.500212e-01 4.536355e-13 0.000000e+00
2400002 2.500212e-01 4.530937e-13 0.000000e+00
2700085 2.500212e-01 4.514992e-13 0.000000e+00
3000004 2.500212e-01 0.000000e+00 0.000000e+00
1350 2.508352e-01 6.274258e+03 1.734291e+03
300764 2.508352e-01 1.481362e+03 8.341367e+01
600681 2.508352e-01 1.000944e+03 4.817224e+01
900798 2.508352e-01 7.603438e+02 4.579057e+01
1200581 2.508352e-01 7.984921e+01 4.039634e+00
1500435 2.508352e-01 9.347394e-03 4.573798e-05
1800420 2.508352e-01 2.547613e-09 1.344233e-09
2100002 2.508352e-01 4.547474e-13 4.547474e-13
2400245 2.508352e-01 4.547474e-13 4.547474e-13
2700022 2.508352e-01 4.514992e-13 0.000000e+00
3000001 2.508352e-01 0.000000e+00 0.000000e+00
1350 2.499370e-01 6.278884e+03 2.046445e+03
301420 2.499370e-01 1.429709e+03 9.564650e+01
600604 2.499370e-01 9.664629e+02 6.090912e+01
900782 2.499370e-01 6.840613e+02 5.099761e+01
1200486 2.499370e-01 3.512703e+01 1.698113e+01
1500061 2.499370e-01 4.408812e-03 2.197458e-05
1800043 2.499370e-01 3.059513e-10 1.600711e-10
2100292 2.499370e-01 4.547474e-13 4.547474e-13
2400161 2.499370e-01 4.547474e-13 4.547474e-13
2700134 2.499370e-01 4.417546e-13 0.000000e+00
3000003 2.499370e-01 0.000000e+00 0.000000e+00
1350 2.505661e-01 6.302404e+03 2.703034e+03
300019 2.505661e-01 1.471007e+03 5.800206e+01
600458 2.505661e-01 9.898423e+02 4.221101e+01
900190 2.505661e-01 7.495482e+02 3.956525e+01
1200276 2.505661e-01 7.674534e+01 1.090837e+01
1500674 2.505661e-01 9.303303e-03 3.011959e-05
1800012 2.505661e-01 1.945328e-09 9.840733e-10
2100361 2.505661e-01 4.547474e-13 4.547474e-13
2400058 2.505661e-01 4.514401e-13 0.000000e+00
2700114 2.505661e-01 4.450028e-13 0.000000e+00
3000002 2.505661e-01 0.000000e+00 0.000000e+00
3.66e+00 (7.27e+00): 
1.235677e+01 1.235677e+01 0.000000e+00 0.000000e+00 1.235677e+01 0.000000e+00 0.000000e+00 0.000000e+00 0.000000e+00 0.000000e+00 0.000000e+00 2.150024e+01 0.000000e+00 0.000000e+00 0.000000e+00 1.235677e+01 0.000000e+00 0.000000e+00 0.000000e+00 1.235677e+01 0.000000e+00 0.000000e+00 0.000000e+00 0.000000e+00 2.662930e+01 0.000000e+00 0.000000e+00 0.000000e+00 0.000000e+00 0.000000e+00 