600 2.481754e-01 2.043103e+02 6.233667e+01
100101 2.481754e-01 4.649444e+00 1.039520e+00
200663 2.481754e-01 3.393376e-02 1.134056e-02
300259 2.481754e-01 8.086003e-05 1.981429e-05
400022 2.481754e-01 2.448555e-08 6.254368e-09
500007 2.481754e-01 1.410767e-13 1.136868e-13
600126 2.481754e-01 1.085616e-13 0.000000e+00
700122 2.481754e-01 9.082590e-14 0.000000e+00
800023 2.481754e-01 0.000000e+00 0.000000e+00
900035 2.481754e-01 0.000000e+00 0.000000e+00
1000000 2.481754e-01 0.000000e+00 0.000000e+00
600 2.490543e-01 2.053819e+02 7.377084e+01
100242 2.490543e-01 4.783674e+00 8.320042e-01
200053 2.490543e-01 3.790464e-02 1.102816e-02
300399 2.490543e-01 8.933307e-05 2.526764e-05
400024 2.490543e-01 2.488485e-08 7.955578e-09
500044 2.490543e-01 1.373247e-13 1.136868e-13
600190 2.490543e-01 1.039023e-13 0.000000e+00
700015 2.490543e-01 7.290786e-14 0.000000e+00
800067 2.490543e-01 0.000000e+00 0.000000e+00
900035 2.490543e-01 0.000000e+00 0.000000e+00
1000002 2.490543e-01 0.000000e+00 0.000000e+00
600 2.488799e-01 2.062996e+02 8.704181e+01
100436 2.488799e-01 4.170669e+00 1.009644e+00
200068 2.488799e-01 3.997611e-02 8.684757e-03
300397 2.488799e-01 1.341521e-04 3.189184e-05
400243 2.488799e-01 3.786938e-08 1.105798e-08
500195 2.488799e-01 1.819740e-13 1.136868e-13
600068 2.488799e-01 1.062320e-13 0.000000e+00
700036 2.488799e-01 8.279368e-14 0.000000e+00
800035 2.488799e-01 0.000000e+00 0.000000e+00
900003 2.488799e-01 0.000000e+00 0.000000e+00
1000000 2.488799e-01 0.000000e+00 0.000000e+00
600 2.533213e-01 2.021124e+02 7.389928e+01
100256 2.533213e-01 4.944890e+00 9.967895e-01
200347 2.533213e-01 3.936242e-02 1.040287e-02
300088 2.533213e-01 1.327072e-04 3.958532e-05
400072 2.533213e-01 4.011976e-08 1.328806e-08
500010 2.533213e-01 1.699675e-13 1.136868e-13
600096 2.533213e-01 1.090275e-13 0.000000e+00
700047 2.533213e-01 8.897231e-14 0.000000e+00
800109 2.533213e-01 0.000000e+00 0.000000e+00
900011 2.533213e-01 0.000000e+00 0.000000e+00
999989 2.537436e-01 0.000000e+00 0.000000e+00
600 2.465582e-01 2.005989e+02 7.609852e+01
100135 2.465582e-01 5.522315e+00 8.043329e-01
200301 2.465582e-01 4.449235e-02 1.057537e-02
300097 2.465582e-01 1.310790e-04 3.514203e-05
400331 2.465582e-01 2.933995e-08 8.069264e-09
500259 2.465582e-01 1.635890e-13 1.136868e-13
600087 2.465582e-01 1.071638e-13 0.000000e+00
700133 2.465582e-01 9.082590e-14 0.000000e+00
800097 2.465582e-01 0.000000e+00 0.000000e+00
900027 2.465582e-01 0.000000e+00 0.000000e+00
1000000 2.465582e-01 0.000000e+00 0.000000e+00
600 2.527145e-01 2.020257e+02 6.555910e+01
100510 2.527145e-01 3.676543e+00 6.912252e-01
200089 2.527145e-01 2.128928e-02 7.331881e-03
300122 2.527145e-01 4.750068e-05 1.713889e-05
400013 2.527145e-01 7.854592e-09 3.540777e-09
500224 2.527145e-01 1.241926e-13 1.136868e-13
600232 2.527145e-01 1.071638e-13 0.000000e+00
700085 2.527145e-01 9.576880e-14 0.000000e+00
800017 2.527145e-01 0.000000e+00 0.000000e+00
900064 2.527145e-01 0.000000e+00 0.000000e+00
1000002 2.527145e-01 0.000000e+00 0.000000e+00
600 2.503961e-01 2.046013e+02 6.524021e+01
100064 2.503961e-01 5.110539e+00 8.762872e-01
200156 2.503961e-01 3.863584e-02 8.453546e-03
300118 2.503961e-01 1.527461e-04 3.515644e-05
400042 2.503961e-01 5.412000e-08 1.701574e-08
500026 2.503961e-01 1.733443e-13 1.136868e-13
600105 2.503961e-01 1.080957e-13 0.000000e+00
700112 2.503961e-01 1.013296e-13 0.000000e+00
800026 2.503961e-01 3.819878e-14 0.000000e+00
900045 2.503961e-01 0.000000e+00 0.000000e+00
1000005 2.503961e-01 0.000000e+00 0.000000e+00
600 2.476866e-01 2.034910e+02 6.133597e+01
100361 2.476866e-01 4.517054e+00 1.051977e+00
200152 2.476866e-01 4.264080e-02 1.425543e-02
300311 2.476866e-01 1.268584e-04 3.580834e-05
400251 2.476866e-01 2.465993e-08 7.974108e-09
500241 2.476866e-01 1.549593e-13 1.136868e-13
600169 2.476866e-01 1.057660e-13 0.000000e+00
700002 2.476866e-01 7.414359e-14 0.000000e+00
800109 2.476866e-01 0.000000e+00 0.000000e+00
900014 2.476866e-01 0.000000e+00 0.000000e+00
1000001 2.476866e-01 0.000000e+00 0.000000e+00
600 2.470424e-01 2.033610e+02 6.792861e+01
100143 2.470424e-01 4.682400e+00 1.055392e+00
200043 2.470424e-01 2.805561e-02 7.156483e-03
300331 2.470424e-01 6.069646e-05 2.644820e-05
400062 2.470424e-01 1.571734e-08 3.175614e-09
500074 2.470424e-01 1.305710e-13 0.000000e+00
600148 2.470424e-01 1.025045e-13 0.000000e+00
700070 2.470424e-01 6.055060e-14 0.000000e+00
800038 2.470424e-01 0.000000e+00 0.000000e+00
900050 2.470424e-01 0.000000e+00 0.000000e+00
1000000 2.470424e-01 0.000000e+00 0.000000e+00
600 2.519750e-01 2.060540e+02 7.432873e+01
100154 2.519750e-01 4.631021e+00 1.178287e+00
200446 2.519750e-01 3.668355e-02 9.933979e-03
300049 2.519750e-01 8.507656e-05 3.204932e-05
400216 2.519750e-01 1.759547e-08 5.122274e-09
500136 2.519750e-01 1.320718e-13 0.000000e+00
600240 2.519750e-01 1.080957e-13 0.000000e+00
700023 2.519750e-01 8.155795e-14 0.000000e+00
800072 2.519750e-01 0.000000e+00 0.000000e+00
900020 2.519750e-01 0.000000e+00 0.000000e+00
1000002 2.519750e-01 0.000000e+00 0.000000e+00
600 2.481702e-01 2.032258e+02 5.187677e+01
100456 2.481702e-01 4.999313e+00 1.063789e+00
200645 2.481702e-01 4.301947e-02 1.077721e-02
300413 2.481702e-01 1.564327e-04 3.387293e-05
400329 2.481702e-01 5.275156e-08 1.671629e-08
500003 2.481702e-01 1.992334e-13 1.136868e-13
600049 2.481702e-01 1.094935e-13 0.000000e+00
700020 2.481702e-01 9.515094e-14 0.000000e+00
800037 2.481702e-01 0.000000e+00 0.000000e+00
900046 2.481702e-01 0.000000e+00 0.000000e+00
1000004 2.481702e-01 0.000000e+00 0.000000e+00
600 2.493656e-01 2.035769e+02 7.385135e+01
100174 2.493656e-01 4.676499e+00 5.853560e-01
200349 2.493656e-01 3.017854e-02 7.646439e-03
300286 2.493656e-01 7.735645e-05 3.020896e-05
400327 2.493656e-01 1.453916e-08 5.175139e-09
500029 2.493656e-01 1.275694e-13 1.136868e-13
600215 2.493656e-01 1.062320e-13 0.000000e+00
700155 2.493656e-01 8.464727e-14 0.000000e+00
800071 2.493656e-01 0.000000e+00 0.000000e+00
900021 2.493656e-01 0.000000e+00 0.000000e+00
1000005 2.493656e-01 0.000000e+00 0.000000e+00
600 2.490850e-01 1.984232e+02 7.268190e+01
100264 2.490850e-01 4.850218e+00 1.117356e+00
200139 2.490850e-01 5.461292e-02 1.234657e-02
300050 2.490850e-01 1.377652e-04 3.676963e-05
400324 2.490850e-01 3.754024e-08 1.510523e-08
500294 2.490850e-01 1.579609e-13 1.136868e-13
600109 2.490850e-01 1.104253e-13 0.000000e+00
700038 2.490850e-01 1.038010e-13 0.000000e+00
800030 2.490850e-01 2.910383e-14 0.000000e+00
900041 2.490850e-01 0.000000e+00 0.000000e+00
1000000 2.490850e-01 0.000000e+00 0.000000e+00
600 2.490583e-01 1.999072e+02 5.870107e+01
100368 2.490583e-01 5.533252e+00 1.038444e+00
200361 2.490583e-01 4.090293e-02 9.280843e-03
300182 2.490583e-01 1.268497e-04 2.901589e-05
400103 2.490583e-01 3.678812e-08 1.201147e-08
500148 2.490583e-01 1.568353e-13 1.136868e-13
600205 2.490583e-01 1.085616e-13 0.000000e+00
700065 2.490583e-01 8.402940e-14 0.000000e+00
800033 2.490583e-01 0.000000e+00 0.000000e+00
900001 2.490583e-01 0.000000e+00 0.000000e+00
1000005 2.490583e-01 0.000000e+00 0.000000e+00
600 2.487310e-01 2.005191e+02 7.010801e+01
100218 2.487310e-01 4.445242e+00 8.455733e-01
200470 2.487310e-01 3.445420e-02 1.162517e-02
300297 2.487310e-01 1.147043e-04 3.672979e-05
400133 2.487310e-01 4.601975e-08 1.299441e-08
500102 2.487310e-01 1.549593e-13 0.000000e+00
600094 2.487310e-01 1.057660e-13 0.000000e+00
700169 2.487310e-01 8.155795e-14 0.000000e+00
800001 2.487310e-01 0.000000e+00 0.000000e+00
900030 2.487310e-01 0.000000e+00 0.000000e+00
1000000 2.487310e-01 0.000000e+00 0.000000e+00
600 2.490479e-01 2.018881e+02 4.941448e+01
100017 2.490479e-01 4.129583e+00 8.254583e-01
200192 2.490479e-01 2.395788e-02 8.216923e-03
300086 2.490479e-01 7.941220e-05 2.991990e-05
400224 2.490479e-01 1.822777e-08 5.853849e-09
500181 2.490479e-01 1.328222e-13 1.136868e-13
600110 2.490479e-01 1.062320e-13 0.000000e+00
700035 2.490479e-01 7.661504e-14 0.000000e+00
800114 2.490479e-01 0.000000e+00 0.000000e+00
900004 2.490479e-01 0.000000e+00 0.000000e+00
1000003 2.490479e-01 0.000000e+00 0.000000e+00
600 2.473587e-01 2.013922e+02 7.561569e+01
100228 2.473587e-01 4.569738e+00 9.670295e-01
200253 2.473587e-01 3.741763e-02 8.420167e-03
300175 2.473587e-01 9.723115e-05 3.346640e-05
400224 2.473587e-01 3.284561e-08 9.970563e-09
500294 2.473587e-01 1.530833e-13 1.136868e-13
600082 2.473587e-01 1.057660e-13 0.000000e+00
700015 2.473587e-01 8.959017e-14 0.000000e+00
800040 2.473587e-01 0.000000e+00 0.000000e+00
900022 2.473587e-01 0.000000e+00 0.000000e+00
1000004 2.473587e-01 0.000000e+00 0.000000e+00
600 2.476152e-01 2.039320e+02 8.331267e+01
100157 2.476152e-01 3.977469e+00 6.586456e-01
200347 2.476152e-01 3.326824e-02 9.967237e-03
300200 2.476152e-01 1.011252e-04 2.454610e-05
400352 2.476152e-01 2.794124e-08 9.117571e-09
500280 2.476152e-01 1.376999e-13 1.136868e-13
600031 2.476152e-01 1.080957e-13 0.000000e+00
700082 2.476152e-01 9.762239e-14 0.000000e+00
800111 2.476152e-01 1.818989e-15 0.000000e+00
900027 2.476152e-01 0.000000e+00 0.000000e+00
1000004 2.476152e-01 0.000000e+00 0.000000e+00
600 2.465476e-01 2.015213e+02 8.614161e+01
100468 2.465476e-01 4.659050e+00 7.373907e-01
200344 2.465476e-01 4.322242e-02 1.390073e-02
300363 2.465476e-01 1.559277e-04 3.253387e-05
400312 2.465476e-01 5.171394e-08 1.302021e-08
500175 2.465476e-01 1.703427e-13 1.136868e-13
600061 2.465476e-01 1.108913e-13 0.000000e+00
700112 2.465476e-01 1.025653e-13 0.000000e+00
800054 2.465476e-01 5.638867e-14 0.000000e+00
900040 2.465476e-01 0.000000e+00 0.000000e+00
999976 2.469585e-01 0.000000e+00 0.000000e+00
600 2.501597e-01 1.993421e+02 5.119721e+01
100861 2.501597e-01 5.585629e+00 9.255991e-01
200208 2.501597e-01 5.167058e-02 1.707302e-02
300387 2.501597e-01 1.352073e-04 2.691611e-05
400237 2.501597e-01 3.446253e-08 1.135345e-08
500218 2.501597e-01 1.632138e-13 1.136868e-13
600156 2.501597e-01 1.099594e-13 0.000000e+00
700029 2.501597e-01 9.638667e-14 0.000000e+00
800123 2.501597e-01 0.000000e+00 0.000000e+00
900056 2.501597e-01 0.000000e+00 0.000000e+00
1000005 2.501597e-01 0.000000e+00 0.000000e+00
600 2.502538e-01 2.014475e+02 7.125345e+01
100772 2.502538e-01 4.922450e+00 1.154327e+00
200476 2.502538e-01 3.784884e-02 1.219281e-02
300203 2.502538e-01 1.320172e-04 2.937226e-05
400360 2.502538e-01 2.434704e-08 6.197865e-09
500061 2.502538e-01 1.313214e-13 1.136868e-13
600098 2.502538e-01 1.071638e-13 0.000000e+00
700176 2.502538e-01 8.402940e-14 0.000000e+00
800113 2.502538e-01 0.000000e+00 0.000000e+00
900010 2.502538e-01 0.000000e+00 0.000000e+00
1000000 2.502538e-01 0.000000e+00 0.000000e+00
600 2.514565e-01 1.991291e+02 5.607146e+01
100405 2.514565e-01 5.597623e+00 8.592948e-01
200175 2.514565e-01 4.913053e-02 8.067138e-03
300308 2.514565e-01 1.485713e-04 4.006958e-05
400168 2.514565e-01 4.475479e-08 1.712340e-08
500247 2.514565e-01 1.643394e-13 1.136868e-13
600037 2.514565e-01 1.099594e-13 0.000000e+00
700170 2.514565e-01 9.144376e-14 0.000000e+00
800061 2.514565e-01 0.000000e+00 0.000000e+00
900056 2.514565e-01 0.000000e+00 0.000000e+00
1000002 2.514565e-01 0.000000e+00 0.000000e+00
600 2.492795e-01 2.048845e+02 7.981350e+01
100516 2.492795e-01 5.184589e+00 1.200471e+00
200372 2.492795e-01 5.374117e-02 1.317186e-02
300228 2.492795e-01 1.597887e-04 4.552543e-05
400311 2.492795e-01 4.481640e-08 1.592207e-08
500137 2.492795e-01 1.440784e-13 1.136868e-13
600158 2.492795e-01 1.118231e-13 0.000000e+00
700084 2.492795e-01 9.515094e-14 0.000000e+00
800024 2.492795e-01 0.000000e+00 0.000000e+00
900017 2.492795e-01 0.000000e+00 0.000000e+00
1000005 2.492795e-01 0.000000e+00 0.000000e+00
600 2.518942e-01 2.038793e+02 6.767085e+01
100374 2.518942e-01 5.292480e+00 1.005947e+00
200229 2.518942e-01 4.287409e-02 1.168470e-02
300191 2.518942e-01 1.368629e-04 4.279926e-05
400061 2.518942e-01 4.867387e-08 1.399565e-08
500080 2.518942e-01 1.624634e-13 1.136868e-13
600112 2.518942e-01 1.066979e-13 0.000000e+00
700122 2.518942e-01 8.650085e-14 0.000000e+00
800014 2.518942e-01 0.000000e+00 0.000000e+00
900028 2.518942e-01 0.000000e+00 0.000000e+00
999983 2.523140e-01 0.000000e+00 0.000000e+00
600 2.488026e-01 2.015564e+02 8.349674e+01
100510 2.488026e-01 5.039455e+00 1.306461e+00
200073 2.488026e-01 4.524453e-02 1.397955e-02
300394 2.488026e-01 1.204541e-04 2.745197e-05
400025 2.488026e-01 3.537713e-08 1.217768e-08
500083 2.488026e-01 1.658402e-13 1.136868e-13
600152 2.488026e-01 1.034364e-13 0.000000e+00
700098 2.488026e-01 8.032222e-14 0.000000e+00
800104 2.488026e-01 0.000000e+00 0.000000e+00
900015 2.488026e-01 0.000000e+00 0.000000e+00
999980 2.492173e-01 0.000000e+00 0.000000e+00
600 2.487115e-01 2.016188e+02 8.039405e+01
100038 2.487115e-01 4.327222e+00 9.901867e-01
200281 2.487115e-01 3.490900e-02 1.268441e-02
300224 2.487115e-01 1.332098e-04 3.727435e-05
400109 2.487115e-01 3.847002e-08 1.657827e-08
500118 2.487115e-01 1.452040e-13 0.000000e+00
600108 2.487115e-01 1.015727e-13 0.000000e+00
700094 2.487115e-01 3.645393e-14 0.000000e+00
800018 2.487115e-01 0.000000e+00 0.000000e+00
900034 2.487115e-01 0.000000e+00 0.000000e+00
1000005 2.487115e-01 0.000000e+00 0.000000e+00
600 2.495761e-01 2.040715e+02 7.698372e+01
100216 2.495761e-01 4.537857e+00 8.510556e-01
200343 2.495761e-01 3.847911e-02 1.158748e-02
300389 2.495761e-01 1.355759e-04 3.834528e-05
400032 2.495761e-01 5.693723e-08 1.574040e-08
500052 2.495761e-01 1.598369e-13 1.136868e-13
600201 2.495761e-01 1.085616e-13 0.000000e+00
700000 2.495761e-01 9.267949e-14 0.000000e+00
800003 2.495761e-01 2.728484e-15 0.000000e+00
900022 2.495761e-01 0.000000e+00 0.000000e+00
1000004 2.495761e-01 0.000000e+00 0.000000e+00
600 2.533821e-01 2.106236e+02 8.287959e+01
100301 2.533821e-01 5.869504e+00 1.345927e+00
200064 2.533821e-01 5.633854e-02 1.513179e-02
300414 2.533821e-01 1.898884e-04 5.476014e-05
400144 2.533821e-01 1.071860e-07 3.399077e-08
500072 2.533821e-01 2.731486e-13 1.136868e-13
600072 2.533821e-01 1.071638e-13 0.000000e+00
700172 2.533821e-01 9.144376e-14 0.000000e+00
800094 2.533821e-01 0.000000e+00 0.000000e+00
900036 2.533821e-01 0.000000e+00 0.000000e+00
1000003 2.533821e-01 0.000000e+00 0.000000e+00
600 2.498448e-01 2.013528e+02 7.413076e+01
100078 2.498448e-01 4.669698e+00 9.329847e-01
200292 2.498448e-01 2.848803e-02 9.926338e-03
300274 2.498448e-01 1.126509e-04 2.566049e-05
400232 2.498448e-01 4.078826e-08 9.962719e-09
500225 2.498448e-01 1.399511e-13 1.136868e-13
600125 2.498448e-01 1.053001e-13 0.000000e+00
700085 2.498448e-01 8.279368e-14 0.000000e+00
800072 2.498448e-01 0.000000e+00 0.000000e+00
900014 2.498448e-01 0.000000e+00 0.000000e+00
999954 2.502612e-01 0.000000e+00 0.000000e+00
600 2.496758e-01 2.058754e+02 4.785107e+01
100352 2.496758e-01 7.273000e+00 1.462162e+00
200144 2.496758e-01 6.325789e-02 1.429495e-02
300176 2.496758e-01 2.128553e-04 8.456844e-05
400139 2.496758e-01 7.805245e-08 2.667741e-08
500108 2.496758e-01 2.187440e-13 1.136868e-13
600206 2.496758e-01 1.076298e-13 0.000000e+00
700069 2.496758e-01 9.020803e-14 0.000000e+00
800028 2.496758e-01 0.000000e+00 0.000000e+00
900036 2.496758e-01 0.000000e+00 0.000000e+00
999993 2.500919e-01 0.000000e+00 0.000000e+00
0.00e+00 (0.00e+00): 
0.000000e+00 0.000000e+00 0.000000e+00 0.000000e+00 0.000000e+00 0.000000e+00 0.000000e+00 0.000000e+00 0.000000e+00 0.000000e+00 0.000000e+00 0.000000e+00 0.000000e+00 0.000000e+00 0.000000e+00 0.000000e+00 0.000000e+00 0.000000e+00 0.000000e+00 0.000000e+00 0.000000e+00 0.000000e+00 0.000000e+00 0.000000e+00 0.000000e+00 0.000000e+00 0.000000e+00 0.000000e+00 0.000000e+00 0.000000e+00 