1350 2.496311e-01 3.565208e+03 8.353535e+02
301184 2.496311e-01 4.427930e+02 1.803743e+02
600534 2.496311e-01 4.089692e+02 1.367040e+02
900256 2.496311e-01 3.960421e+02 1.263290e+02
1200504 2.496311e-01 3.869595e+02 1.171503e+02
1500029 2.496311e-01 3.780327e+02 1.139918e+02
1800539 2.496311e-01 3.671399e+02 1.130497e+02
2100078 2.496311e-01 3.521302e+02 1.061531e+02
2400178 2.496311e-01 3.241984e+02 1.014991e+02
2700032 2.496311e-01 2.227643e+02 1.000000e+02
3000004 2.496311e-01 1.000000e+02 1.000000e+02
1350 2.507014e-01 3.539474e+03 8.590131e+02
301184 2.507014e-01 4.433193e+02 1.528396e+02
600534 2.507014e-01 4.087917e+02 1.413042e+02
900256 2.507014e-01 3.962996e+02 1.382915e+02
1200504 2.507014e-01 3.871638e+02 1.291659e+02
1500029 2.507014e-01 3.773153e+02 1.185305e+02
1800539 2.507014e-01 3.652946e+02 1.100733e+02
2100078 2.507014e-01 3.494547e+02 1.048738e+02
2400178 2.507014e-01 3.204702e+02 1.011351e+02
2700021 2.507014e-01 2.296909e+02 1.000000e+02
3000003 2.507014e-01 1.000000e+02 1.000000e+02
1350 2.501181e-01 3.572075e+03 8.202112e+02
301184 2.501181e-01 4.451466e+02 1.745438e+02
600534 2.501181e-01 4.105411e+02 1.579658e+02
900256 2.501181e-01 3.978655e+02 1.442460e+02
1200504 2.501181e-01 3.893624e+02 1.335472e+02
1500029 2.501181e-01 3.813820e+02 1.272159e+02
1800539 2.501181e-01 3.707431e+02 1.230604e+02
2100078 2.501181e-01 3.566301e+02 1.100145e+02
2400178 2.501181e-01 3.309721e+02 1.028963e+02
2700037 2.501181e-01 2.382137e+02 1.000000e+02
3000005 2.501181e-01 1.000000e+02 1.000000e+02
1350 2.517018e-01 3.504851e+03 7.820874e+02
301184 2.517018e-01 4.431822e+02 1.579150e+02
600534 2.517018e-01 4.093449e+02 1.426360e+02
900256 2.517018e-01 3.974178e+02 1.348008e+02
1200504 2.517018e-01 3.888210e+02 1.258699e+02
1500029 2.517018e-01 3.800572e+02 1.169160e+02
1800539 2.517018e-01 3.698646e+02 1.074255e+02
2100078 2.517018e-01 3.568603e+02 1.041117e+02
2400178 2.517018e-01 3.322129e+02 1.015642e+02
2700120 2.517018e-01 2.405958e+02 1.000000e+02
3000004 2.517018e-01 1.000000e+02 1.000000e+02
1350 2.491333e-01 3.526114e+03 6.962683e+02
301184 2.491333e-01 4.417391e+02 1.749429e+02
600534 2.491333e-01 4.074938e+02 1.505018e+02
900256 2.491333e-01 3.947223e+02 1.304681e+02
1200504 2.491333e-01 3.852095e+02 1.236213e+02
1500029 2.491333e-01 3.752336e+02 1.104884e+02
1800539 2.491333e-01 3.641343e+02 1.047218e+02
2100078 2.491333e-01 3.481668e+02 1.037952e+02
2400178 2.491333e-01 3.162760e+02 1.022338e+02
2700001 2.491333e-01 2.208636e+02 1.000000e+02
3000002 2.491333e-01 1.000000e+02 1.000000e+02
1350 2.489672e-01 3.510278e+03 7.809455e+02
301184 2.489672e-01 4.395655e+02 1.859416e+02
600534 2.489672e-01 4.047308e+02 1.362425e+02
900256 2.489672e-01 3.917209e+02 1.310211e+02
1200504 2.489672e-01 3.818571e+02 1.223360e+02
1500029 2.489672e-01 3.708102e+02 1.201159e+02
1800539 2.489672e-01 3.575253e+02 1.102136e+02
2100078 2.489672e-01 3.387007e+02 1.043898e+02
2400178 2.489672e-01 3.026791e+02 1.015995e+02
2700103 2.489672e-01 1.895975e+02 1.000000e+02
3000003 2.489672e-01 1.000000e+02 1.000000e+02
1350 2.511932e-01 3.555915e+03 9.560987e+02
301184 2.511932e-01 4.413770e+02 1.761160e+02
600534 2.511932e-01 4.074898e+02 1.601576e+02
900256 2.511932e-01 3.949065e+02 1.335323e+02
1200504 2.511932e-01 3.856253e+02 1.234421e+02
1500029 2.511932e-01 3.758734e+02 1.154179e+02
1800539 2.511932e-01 3.621793e+02 1.140761e+02
2100078 2.511932e-01 3.434892e+02 1.062797e+02
2400178 2.511932e-01 3.014667e+02 1.037498e+02
2700092 2.511932e-01 1.894364e+02 1.000000e+02
3000000 2.511932e-01 1.000000e+02 1.000000e+02
1350 2.485633e-01 3.610770e+03 7.760124e+02
301184 2.485633e-01 4.451849e+02 1.612442e+02
600534 2.485633e-01 4.101881e+02 1.350420e+02
900256 2.485633e-01 3.979373e+02 1.256968e+02
1200504 2.485633e-01 3.892764e+02 1.181886e+02
1500029 2.485633e-01 3.806911e+02 1.169562e+02
1800539 2.485633e-01 3.708785e+02 1.128975e+02
2100078 2.485633e-01 3.580523e+02 1.069993e+02
2400178 2.485633e-01 3.339529e+02 1.029717e+02
2700099 2.485633e-01 2.501466e+02 1.000000e+02
3000004 2.485633e-01 1.000000e+02 1.000000e+02
1350 2.501132e-01 3.617971e+03 9.128283e+02
301184 2.501132e-01 4.431702e+02 1.665044e+02
600534 2.501132e-01 4.112017e+02 1.522503e+02
900256 2.501132e-01 3.994824e+02 1.417248e+02
1200504 2.501132e-01 3.915263e+02 1.383279e+02
1500029 2.501132e-01 3.804614e+02 1.299067e+02
1800539 2.501132e-01 3.665796e+02 1.123302e+02
2100078 2.501132e-01 3.496398e+02 1.086784e+02
2400178 2.501132e-01 3.114300e+02 1.021271e+02
2700137 2.501132e-01 2.083155e+02 1.000000e+02
3000004 2.501132e-01 1.000000e+02 1.000000e+02
1350 2.517194e-01 3.572426e+03 9.465666e+02
301184 2.517194e-01 4.421104e+02 1.805797e+02
600534 2.517194e-01 4.078800e+02 1.279894e+02
900256 2.517194e-01 3.958704e+02 1.185966e+02
1200504 2.517194e-01 3.865231e+02 1.098446e+02
1500029 2.517194e-01 3.773929e+02 1.058707e+02
1800539 2.517194e-01 3.671891e+02 1.044725e+02
2100078 2.517194e-01 3.525581e+02 1.040286e+02
2400178 2.517194e-01 3.213443e+02 1.017430e+02
2700120 2.517194e-01 2.164800e+02 1.000000e+02
3000002 2.517194e-01 1.000000e+02 1.000000e+02
1350 2.508205e-01 3.524721e+03 1.024365e+03
301184 2.508205e-01 4.436979e+02 1.808728e+02
600534 2.508205e-01 4.072300e+02 1.488319e+02
900256 2.508205e-01 3.938322e+02 1.423140e+02
1200504 2.508205e-01 3.842756e+02 1.387441e+02
1500029 2.508205e-01 3.719692e+02 1.199721e+02
1800539 2.508205e-01 3.585719e+02 1.103007e+02
2100078 2.508205e-01 3.402263e+02 1.039083e+02
2400178 2.508205e-01 3.049415e+02 1.010989e+02
2700003 2.508205e-01 1.931606e+02 1.000000e+02
3000002 2.508205e-01 1.000000e+02 1.000000e+02
1350 2.505376e-01 3.597828e+03 7.689475e+02
301184 2.505376e-01 4.429460e+02 1.774389e+02
600534 2.505376e-01 4.075304e+02 1.525809e+02
900256 2.505376e-01 3.953193e+02 1.328524e+02
1200504 2.505376e-01 3.858847e+02 1.313422e+02
1500029 2.505376e-01 3.755787e+02 1.161911e+02
1800539 2.505376e-01 3.639227e+02 1.112785e+02
2100078 2.505376e-01 3.475546e+02 1.057018e+02
2400178 2.505376e-01 3.157830e+02 1.018524e+02
2700003 2.505376e-01 2.010523e+02 1.000000e+02
3000001 2.505376e-01 1.000000e+02 1.000000e+02
1350 2.500961e-01 3.561780e+03 6.918194e+02
301184 2.500961e-01 4.455672e+02 1.854567e+02
600534 2.500961e-01 4.097189e+02 1.624137e+02
900256 2.500961e-01 3.976465e+02 1.419455e+02
1200504 2.500961e-01 3.891115e+02 1.301931e+02
1500029 2.500961e-01 3.789244e+02 1.212560e+02
1800539 2.500961e-01 3.655275e+02 1.108024e+02
2100078 2.500961e-01 3.496168e+02 1.096484e+02
2400178 2.500961e-01 3.205349e+02 1.039745e+02
2700125 2.500961e-01 2.297183e+02 1.000000e+02
3000002 2.500961e-01 1.000000e+02 1.000000e+02
1350 2.483818e-01 3.518448e+03 7.251129e+02
301184 2.483818e-01 4.431406e+02 1.680575e+02
600534 2.483818e-01 4.096928e+02 1.484390e+02
900256 2.483818e-01 3.976159e+02 1.363809e+02
1200504 2.483818e-01 3.894729e+02 1.311670e+02
1500029 2.483818e-01 3.802104e+02 1.228442e+02
1800539 2.483818e-01 3.706084e+02 1.171770e+02
2100078 2.483818e-01 3.573030e+02 1.066450e+02
2400178 2.483818e-01 3.311375e+02 1.021820e+02
2700034 2.483818e-01 2.505632e+02 1.000000e+02
3000001 2.483818e-01 1.000000e+02 1.000000e+02
1350 2.482733e-01 3.532828e+03 8.428603e+02
301184 2.482733e-01 4.432326e+02 1.841862e+02
600534 2.482733e-01 4.085548e+02 1.459943e+02
900256 2.482733e-01 3.960408e+02 1.325291e+02
1200504 2.482733e-01 3.869403e+02 1.293555e+02
1500029 2.482733e-01 3.770396e+02 1.188142e+02
1800539 2.482733e-01 3.642964e+02 1.133405e+02
2100078 2.482733e-01 3.422168e+02 1.090537e+02
2400178 2.482733e-01 3.061611e+02 1.023495e+02
2700043 2.482733e-01 1.989313e+02 1.000000e+02
3000004 2.482733e-01 1.000000e+02 1.000000e+02
1350 2.495577e-01 3.554827e+03 8.772760e+02
301184 2.495577e-01 4.437807e+02 2.070206e+02
600534 2.495577e-01 4.104041e+02 1.548354e+02
900256 2.495577e-01 3.987789e+02 1.374811e+02
1200504 2.495577e-01 3.909719e+02 1.356356e+02
1500029 2.495577e-01 3.824989e+02 1.306835e+02
1800539 2.495577e-01 3.728937e+02 1.141539e+02
2100078 2.495577e-01 3.603203e+02 1.088026e+02
2400178 2.495577e-01 3.359908e+02 1.028408e+02
2700127 2.495577e-01 2.398351e+02 1.000000e+02
3000005 2.495577e-01 1.000000e+02 1.000000e+02
1350 2.488993e-01 3.554056e+03 9.843376e+02
301184 2.488993e-01 4.446112e+02 1.856129e+02
600534 2.488993e-01 4.102482e+02 1.624123e+02
900256 2.488993e-01 3.990988e+02 1.431252e+02
1200504 2.488993e-01 3.914946e+02 1.351124e+02
1500029 2.488993e-01 3.836019e+02 1.143031e+02
1800539 2.488993e-01 3.744789e+02 1.096343e+02
2100078 2.488993e-01 3.621686e+02 1.055548e+02
2400178 2.488993e-01 3.353252e+02 1.021072e+02
2700047 2.488993e-01 2.493887e+02 1.000000e+02
3000001 2.488993e-01 1.000000e+02 1.000000e+02
1350 2.490368e-01 3.526639e+03 6.853988e+02
301184 2.490368e-01 4.431240e+02 1.831779e+02
600534 2.490368e-01 4.087625e+02 1.521971e+02
900256 2.490368e-01 3.967812e+02 1.363519e+02
1200504 2.490368e-01 3.877831e+02 1.314139e+02
1500029 2.490368e-01 3.791381e+02 1.171646e+02
1800539 2.490368e-01 3.680659e+02 1.104418e+02
2100078 2.490368e-01 3.531459e+02 1.049889e+02
2400178 2.490368e-01 3.250793e+02 1.011921e+02
2700083 2.490368e-01 2.362126e+02 1.000000e+02
3000003 2.490368e-01 1.000000e+02 1.000000e+02
1350 2.496526e-01 3.513325e+03 8.131219e+02
301184 2.496526e-01 4.437932e+02 1.849019e+02
600534 2.496526e-01 4.103052e+02 1.520013e+02
900256 2.496526e-01 3.977682e+02 1.453915e+02
1200504 2.496526e-01 3.892615e+02 1.379387e+02
1500029 2.496526e-01 3.797697e+02 1.339702e+02
1800539 2.496526e-01 3.667556e+02 1.136561e+02
2100078 2.496526e-01 3.481268e+02 1.052716e+02
2400178 2.496526e-01 3.181292e+02 1.013409e+02
2700065 2.496526e-01 2.192919e+02 1.000000e+02
3000005 2.496526e-01 1.000000e+02 1.000000e+02
1350 2.502708e-01 3.515798e+03 8.327069e+02
301184 2.502708e-01 4.422533e+02 1.486022e+02
600534 2.502708e-01 4.087077e+02 1.336787e+02
900256 2.502708e-01 3.967675e+02 1.268011e+02
1200504 2.502708e-01 3.879025e+02 1.243869e+02
1500029 2.502708e-01 3.782925e+02 1.176118e+02
1800539 2.502708e-01 3.680945e+02 1.119069e+02
2100078 2.502708e-01 3.524473e+02 1.030595e+02
2400178 2.502708e-01 3.248054e+02 7.848359e+01
2700067 2.502708e-01 2.404348e+02 3.971626e+01
3000005 2.502708e-01 3.102665e-04 3.102659e-04
1350 2.497022e-01 3.591770e+03 7.332692e+02
301184 2.497022e-01 4.435835e+02 1.620658e+02
600534 2.497022e-01 4.090404e+02 1.452296e+02
900256 2.497022e-01 3.966616e+02 1.305034e+02
1200504 2.497022e-01 3.877528e+02 1.285535e+02
1500029 2.497022e-01 3.789568e+02 1.174905e+02
1800539 2.497022e-01 3.670794e+02 1.109878e+02
2100078 2.497022e-01 3.507581e+02 1.057339e+02
2400178 2.497022e-01 3.209498e+02 1.014130e+02
2700035 2.497022e-01 2.273064e+02 1.000000e+02
3000003 2.497022e-01 1.000000e+02 1.000000e+02
1350 2.499288e-01 3.622046e+03 7.754591e+02
301184 2.499288e-01 4.428183e+02 1.794209e+02
600534 2.499288e-01 4.072430e+02 1.254056e+02
900256 2.499288e-01 3.944333e+02 1.218248e+02
1200504 2.499288e-01 3.851962e+02 1.182915e+02
1500029 2.499288e-01 3.760459e+02 1.161459e+02
1800539 2.499288e-01 3.646814e+02 1.056745e+02
2100078 2.499288e-01 3.486721e+02 1.038739e+02
2400178 2.499288e-01 3.191309e+02 1.017356e+02
2700009 2.499288e-01 2.262483e+02 1.000000e+02
3000002 2.499288e-01 1.000000e+02 1.000000e+02
1350 2.501657e-01 3.513894e+03 7.920550e+02
301184 2.501657e-01 4.413583e+02 1.438351e+02
600534 2.501657e-01 4.072838e+02 1.377785e+02
900256 2.501657e-01 3.946896e+02 1.331050e+02
1200504 2.501657e-01 3.855976e+02 1.266880e+02
1500029 2.501657e-01 3.754869e+02 1.195452e+02
1800539 2.501657e-01 3.627920e+02 1.098138e+02
2100078 2.501657e-01 3.436321e+02 1.049365e+02
2400178 2.501657e-01 3.102270e+02 1.024075e+02
2700085 2.501657e-01 1.944159e+02 1.000000e+02
3000004 2.501657e-01 1.000000e+02 1.000000e+02
1350 2.514127e-01 3.570333e+03 7.099692e+02
301184 2.514127e-01 4.440982e+02 2.084042e+02
600534 2.514127e-01 4.110324e+02 1.585347e+02
900256 2.514127e-01 4.001072e+02 1.544367e+02
1200504 2.514127e-01 3.927814e+02 1.502760e+02
1500029 2.514127e-01 3.844933e+02 1.354003e+02
1800539 2.514127e-01 3.751646e+02 1.214298e+02
2100078 2.514127e-01 3.623447e+02 1.100879e+02
2400178 2.514127e-01 3.409152e+02 1.028496e+02
2700074 2.514127e-01 2.700224e+02 1.000000e+02
3000005 2.514127e-01 1.000000e+02 1.000000e+02
1350 2.488899e-01 3.568396e+03 7.674600e+02
301184 2.488899e-01 4.430312e+02 1.935121e+02
600534 2.488899e-01 4.100607e+02 1.582268e+02
900256 2.488899e-01 3.980824e+02 1.483643e+02
1200504 2.488899e-01 3.893914e+02 1.403268e+02
1500029 2.488899e-01 3.801497e+02 1.299954e+02
1800539 2.488899e-01 3.680244e+02 1.256237e+02
2100078 2.488899e-01 3.459256e+02 1.132461e+02
2400178 2.488899e-01 2.951270e+02 1.020344e+02
2700051 2.488899e-01 1.708164e+02 1.000000e+02
2999975 2.490742e-01 1.000000e+02 1.000000e+02
1350 2.507241e-01 3.527550e+03 9.082503e+02
301184 2.507241e-01 4.448928e+02 1.877812e+02
600534 2.507241e-01 4.111825e+02 1.614608e+02
900256 2.507241e-01 3.992612e+02 1.394370e+02
1200504 2.507241e-01 3.909437e+02 1.345963e+02
1500029 2.507241e-01 3.834842e+02 1.302280e+02
1800539 2.507241e-01 3.751463e+02 1.193200e+02
2100078 2.507241e-01 3.621118e+02 1.111601e+02
2400178 2.507241e-01 3.399655e+02 1.032675e+02
2700103 2.507241e-01 2.602557e+02 1.000000e+02
3000000 2.507241e-01 1.000000e+02 1.000000e+02
1350 2.500212e-01 3.578764e+03 9.030454e+02
301184 2.500212e-01 4.448521e+02 1.976964e+02
600534 2.500212e-01 4.097835e+02 1.644467e+02
900256 2.500212e-01 3.981190e+02 1.504549e+02
1200504 2.500212e-01 3.891873e+02 1.461104e+02
1500029 2.500212e-01 3.808027e+02 1.298145e+02
1800539 2.500212e-01 3.707562e+02 1.222512e+02
2100078 2.500212e-01 3.560688e+02 1.113244e+02
2400178 2.500212e-01 3.278365e+02 1.040270e+02
2700056 2.500212e-01 2.437582e+02 1.000000e+02
3000003 2.500212e-01 1.000000e+02 1.000000e+02
1350 2.508352e-01 3.576767e+03 8.737760e+02
301184 2.508352e-01 4.431661e+02 1.747539e+02
600534 2.508352e-01 4.107854e+02 1.543276e+02
900256 2.508352e-01 3.989832e+02 1.474123e+02
1200504 2.508352e-01 3.907264e+02 1.434287e+02
1500029 2.508352e-01 3.831300e+02 1.281957e+02
1800539 2.508352e-01 3.724313e+02 1.240514e+02
2100078 2.508352e-01 3.594052e+02 1.184197e+02
2400178 2.508352e-01 3.339898e+02 1.030999e+02
2700042 2.508352e-01 2.541732e+02 1.000000e+02
3000001 2.508352e-01 1.000000e+02 1.000000e+02
1350 2.499370e-01 3.504885e+03 8.871730e+02
301184 2.499370e-01 4.423051e+02 1.567101e+02
600534 2.499370e-01 4.083699e+02 1.335825e+02
900256 2.499370e-01 3.960252e+02 1.299607e+02
1200504 2.499370e-01 3.871671e+02 1.216256e+02
1500029 2.499370e-01 3.776510e+02 1.194170e+02
1800539 2.499370e-01 3.661102e+02 1.101678e+02
2100078 2.499370e-01 3.518013e+02 1.056414e+02
2400178 2.499370e-01 3.230452e+02 1.020654e+02
2700110 2.499370e-01 2.326498e+02 1.000000e+02
3000001 2.499370e-01 1.000000e+02 1.000000e+02
1350 2.505661e-01 3.512244e+03 7.483179e+02
301184 2.505661e-01 4.432972e+02 1.749870e+02
600534 2.505661e-01 4.093031e+02 1.323118e+02
900256 2.505661e-01 3.971640e+02 1.308390e+02
1200504 2.505661e-01 3.891683e+02 1.250071e+02
1500029 2.505661e-01 3.804434e+02 1.178187e+02
1800539 2.505661e-01 3.683351e+02 1.139007e+02
2100078 2.505661e-01 3.530140e+02 1.061165e+02
2400178 2.505661e-01 3.235481e+02 1.016028e+02
2700051 2.505661e-01 2.323479e+02 1.000000e+02
3000002 2.505661e-01 1.000000e+02 1.000000e+02
9.67e+01 (1.83e+01): 
1.000000e+02 1.000000e+02 1.000000e+02 1.000000e+02 1.000000e+02 1.000000e+02 1.000000e+02 1.000000e+02 1.000000e+02 1.000000e+02 1.000000e+02 1.000000e+02 1.000000e+02 1.000000e+02 1.000000e+02 1.000000e+02 1.000000e+02 1.000000e+02 1.000000e+02 3.102659e-04 1.000000e+02 1.000000e+02 1.000000e+02 1.000000e+02 1.000000e+02 1.000000e+02 1.000000e+02 1.000000e+02 1.000000e+02 1.000000e+02 1350 2.496311e-01 3.565208e+03 8.353535e+02
301184 2.496311e-01 4.363918e+02 1.852710e+02
600534 2.496311e-01 4.091116e+02 1.386120e+02
900256 2.496311e-01 3.989556e+02 1.351182e+02
1200504 2.496311e-01 3.919508e+02 1.332816e+02
1500029 2.496311e-01 3.844829e+02 1.226406e+02
1800539 2.496311e-01 3.762022e+02 1.158389e+02
2100078 2.496311e-01 3.643130e+02 1.050131e+02
2400178 2.496311e-01 3.430487e+02 1.022820e+02
2700012 2.496311e-01 2.680878e+02 1.000000e+02
3000000 2.496311e-01 1.000000e+02 1.000000e+02
1350 2.507014e-01 3.539474e+03 8.590131e+02
301184 2.507014e-01 4.337948e+02 1.995717e+02
600534 2.507014e-01 4.069759e+02 1.428933e+02
900256 2.507014e-01 3.962393e+02 1.306054e+02
1200504 2.507014e-01 3.884549e+02 1.253722e+02
1500029 2.507014e-01 3.810685e+02 1.184243e+02
1800539 2.507014e-01 3.723626e+02 1.070859e+02
2100078 2.507014e-01 3.594398e+02 1.061254e+02
2400178 2.507014e-01 3.360254e+02 1.012067e+02
2700042 2.507014e-01 2.548791e+02 1.000000e+02
3000005 2.507014e-01 1.000000e+02 1.000000e+02
1350 2.501181e-01 3.572075e+03 8.202112e+02
301184 2.501181e-01 4.350778e+02 1.723501e+02
600534 2.501181e-01 4.074890e+02 1.392339e+02
900256 2.501181e-01 3.965542e+02 1.329510e+02
1200504 2.501181e-01 3.892200e+02 1.303866e+02
1500029 2.501181e-01 3.820142e+02 1.253313e+02
1800539 2.501181e-01 3.736140e+02 1.184601e+02
2100078 2.501181e-01 3.620914e+02 1.074884e+02
2400178 2.501181e-01 3.394100e+02 1.023109e+02
2700110 2.501181e-01 2.626791e+02 1.000000e+02
2999986 2.503034e-01 1.000000e+02 1.000000e+02
1350 2.517018e-01 3.504851e+03 7.820874e+02
301184 2.517018e-01 4.369417e+02 1.642847e+02
600534 2.517018e-01 4.079159e+02 1.419657e+02
900256 2.517018e-01 3.970990e+02 1.321328e+02
1200504 2.517018e-01 3.888175e+02 1.311816e+02
1500029 2.517018e-01 3.803262e+02 1.182706e+02
1800539 2.517018e-01 3.711530e+02 1.129818e+02
2100078 2.517018e-01 3.582835e+02 1.050274e+02
2400178 2.517018e-01 3.188513e+02 1.014037e+02
2700101 2.517018e-01 2.156774e+02 1.000000e+02
3000004 2.517018e-01 1.000000e+02 1.000000e+02
1350 2.491333e-01 3.526114e+03 6.962683e+02
301184 2.491333e-01 4.377202e+02 1.672361e+02
600534 2.491333e-01 4.086518e+02 1.599552e+02
900256 2.491333e-01 3.985103e+02 1.535913e+02
1200504 2.491333e-01 3.912670e+02 1.446338e+02
1500029 2.491333e-01 3.832251e+02 1.288784e+02
1800539 2.491333e-01 3.733493e+02 1.167963e+02
2100078 2.491333e-01 3.597013e+02 1.106547e+02
2400178 2.491333e-01 3.355571e+02 1.023183e+02
2700047 2.491333e-01 2.409866e+02 1.000000e+02
3000004 2.491333e-01 1.000000e+02 1.000000e+02
1350 2.489672e-01 3.510278e+03 7.809455e+02
301184 2.489672e-01 4.342750e+02 1.899583e+02
600534 2.489672e-01 4.063454e+02 1.593605e+02
900256 2.489672e-01 3.953366e+02 1.382213e+02
1200504 2.489672e-01 3.871265e+02 1.298470e+02
1500029 2.489672e-01 3.789158e+02 1.247258e+02
1800539 2.489672e-01 3.693466e+02 1.126733e+02
2100078 2.489672e-01 3.556846e+02 1.068102e+02
2400178 2.489672e-01 3.287090e+02 1.019276e+02
2700125 2.489672e-01 2.403509e+02 1.000000e+02
3000001 2.489672e-01 1.000000e+02 1.000000e+02
1350 2.511932e-01 3.555915e+03 9.560987e+02
301184 2.511932e-01 4.339726e+02 1.826435e+02
600534 2.511932e-01 4.060231e+02 1.572927e+02
900256 2.511932e-01 3.951605e+02 1.422920e+02
1200504 2.511932e-01 3.862981e+02 1.312520e+02
1500029 2.511932e-01 3.774960e+02 1.232447e+02
1800539 2.511932e-01 3.671017e+02 1.144839e+02
2100078 2.511932e-01 3.521695e+02 1.056251e+02
2400178 2.511932e-01 3.247279e+02 1.015827e+02
2700061 2.511932e-01 2.272918e+02 1.000000e+02
3000000 2.511932e-01 1.000000e+02 1.000000e+02
1350 2.485633e-01 3.610770e+03 7.760124e+02
301184 2.485633e-01 4.348940e+02 1.633884e+02
600534 2.485633e-01 4.064671e+02 1.527707e+02
900256 2.485633e-01 3.957334e+02 1.362278e+02
1200504 2.485633e-01 3.873392e+02 1.321367e+02
1500029 2.485633e-01 3.785906e+02 1.209659e+02
1800539 2.485633e-01 3.686801e+02 1.119492e+02
2100078 2.485633e-01 3.546352e+02 1.060929e+02
2400178 2.485633e-01 3.245557e+02 7.758040e+01
2700040 2.485633e-01 2.318642e+02 2.178401e-04
3000004 2.485633e-01 1.666667e+01 7.968382e-06
1350 2.501132e-01 3.617971e+03 9.128283e+02
301184 2.501132e-01 4.356552e+02 1.703381e+02
600534 2.501132e-01 4.083452e+02 1.468390e+02
900256 2.501132e-01 3.985997e+02 1.392182e+02
1200504 2.501132e-01 3.920785e+02 1.278592e+02
1500029 2.501132e-01 3.854241e+02 1.277096e+02
1800539 2.501132e-01 3.744785e+02 9.893157e+01
2100078 2.501132e-01 3.590621e+02 8.974861e+01
2400178 2.501132e-01 3.326701e+02 4.497569e+01
2700117 2.501132e-01 2.524035e+02 4.679806e-04
2999978 2.502985e-01 2.652693e-12 2.273737e-12
1350 2.517194e-01 3.572426e+03 9.465666e+02
301184 2.517194e-01 4.370979e+02 1.791707e+02
600534 2.517194e-01 4.086702e+02 1.560218e+02
900256 2.517194e-01 3.978367e+02 1.464092e+02
1200504 2.517194e-01 3.897033e+02 1.292872e+02
1500029 2.517194e-01 3.809110e+02 1.192807e+02
1800539 2.517194e-01 3.681988e+02 1.139151e+02
2100078 2.517194e-01 3.507217e+02 1.112846e+02
2400178 2.517194e-01 3.109836e+02 1.023768e+02
2700119 2.517194e-01 1.992626e+02 1.000000e+02
3000000 2.517194e-01 1.000000e+02 1.000000e+02
1350 2.508205e-01 3.524721e+03 1.024365e+03
301184 2.508205e-01 4.342778e+02 1.861041e+02
600534 2.508205e-01 4.065587e+02 1.510806e+02
900256 2.508205e-01 3.958770e+02 1.336380e+02
1200504 2.508205e-01 3.875528e+02 1.283029e+02
1500029 2.508205e-01 3.790093e+02 1.222224e+02
1800539 2.508205e-01 3.688650e+02 1.154267e+02
2100078 2.508205e-01 3.549996e+02 1.044230e+02
2400178 2.508205e-01 3.289959e+02 1.019358e+02
2700109 2.508205e-01 2.441765e+02 1.000000e+02
3000005 2.508205e-01 1.000000e+02 1.000000e+02
1350 2.505376e-01 3.597828e+03 7.689475e+02
301184 2.505376e-01 4.362087e+02 1.739688e+02
600534 2.505376e-01 4.078934e+02 1.577876e+02
900256 2.505376e-01 3.970634e+02 1.490241e+02
1200504 2.505376e-01 3.880566e+02 1.387155e+02
1500029 2.505376e-01 3.791100e+02 1.197687e+02
1800539 2.505376e-01 3.691443e+02 1.164220e+02
2100078 2.505376e-01 3.546389e+02 1.091442e+02
2400178 2.505376e-01 3.273349e+02 1.024196e+02
2700022 2.505376e-01 2.342299e+02 1.000000e+02
2999978 2.507231e-01 1.000000e+02 1.000000e+02
1350 2.500961e-01 3.561780e+03 6.918194e+02
301184 2.500961e-01 4.347824e+02 1.850060e+02
600534 2.500961e-01 4.082676e+02 1.555020e+02
900256 2.500961e-01 3.985404e+02 1.422352e+02
1200504 2.500961e-01 3.912097e+02 1.363033e+02
1500029 2.500961e-01 3.834424e+02 1.219590e+02
1800539 2.500961e-01 3.741731e+02 1.164401e+02
2100078 2.500961e-01 3.601927e+02 1.043264e+02
2400178 2.500961e-01 3.354911e+02 1.015405e+02
2700004 2.500961e-01 2.534551e+02 1.000000e+02
3000000 2.500961e-01 1.000000e+02 1.000000e+02
1350 2.483818e-01 3.518448e+03 7.251129e+02
301184 2.483818e-01 4.358244e+02 1.623274e+02
600534 2.483818e-01 4.068587e+02 1.437472e+02
900256 2.483818e-01 3.963592e+02 1.291606e+02
1200504 2.483818e-01 3.888842e+02 1.174182e+02
1500029 2.483818e-01 3.808745e+02 1.146042e+02
1800539 2.483818e-01 3.680525e+02 1.117178e+02
2100078 2.483818e-01 3.513094e+02 1.082217e+02
2400178 2.483818e-01 3.218795e+02 1.011353e+02
2700129 2.483818e-01 2.227903e+02 1.000000e+02
3000003 2.483818e-01 1.000000e+02 1.000000e+02
1350 2.482733e-01 3.532828e+03 8.428603e+02
301184 2.482733e-01 4.359800e+02 1.742627e+02
600534 2.482733e-01 4.083667e+02 1.476036e+02
900256 2.482733e-01 3.980089e+02 1.341589e+02
1200504 2.482733e-01 3.912740e+02 1.308065e+02
1500029 2.482733e-01 3.841776e+02 1.222816e+02
1800539 2.482733e-01 3.763883e+02 1.170306e+02
2100078 2.482733e-01 3.656601e+02 1.107525e+02
2400178 2.482733e-01 3.456356e+02 1.021646e+02
2700096 2.482733e-01 2.733112e+02 1.000000e+02
3000004 2.482733e-01 1.000000e+02 1.000000e+02
1350 2.495577e-01 3.554827e+03 8.772760e+02
301184 2.495577e-01 4.356924e+02 1.714409e+02
600534 2.495577e-01 4.065737e+02 1.381814e+02
900256 2.495577e-01 3.959251e+02 1.360642e+02
1200504 2.495577e-01 3.881755e+02 1.352904e+02
1500029 2.495577e-01 3.804929e+02 1.212797e+02
1800539 2.495577e-01 3.706403e+02 1.112421e+02
2100078 2.495577e-01 3.552377e+02 1.031276e+02
2400178 2.495577e-01 3.283762e+02 1.012279e+02
2700072 2.495577e-01 2.382939e+02 1.000000e+02
3000001 2.495577e-01 1.000000e+02 1.000000e+02
1350 2.488993e-01 3.554056e+03 9.843376e+02
301184 2.488993e-01 4.371612e+02 1.852216e+02
600534 2.488993e-01 4.075952e+02 1.411310e+02
900256 2.488993e-01 3.963470e+02 1.337560e+02
1200504 2.488993e-01 3.881273e+02 1.243171e+02
1500029 2.488993e-01 3.795166e+02 1.134326e+02
1800539 2.488993e-01 3.689103e+02 1.084442e+02
2100078 2.488993e-01 3.555328e+02 1.058972e+02
2400178 2.488993e-01 3.296372e+02 1.015152e+02
2700052 2.488993e-01 2.384969e+02 1.000000e+02
2999961 2.490837e-01 1.000000e+02 1.000000e+02
1350 2.490368e-01 3.526639e+03 6.853988e+02
301184 2.490368e-01 4.359555e+02 1.827495e+02
600534 2.490368e-01 4.068231e+02 1.537317e+02
900256 2.490368e-01 3.956105e+02 1.318553e+02
1200504 2.490368e-01 3.876051e+02 1.299083e+02
1500029 2.490368e-01 3.786694e+02 1.279702e+02
1800539 2.490368e-01 3.676590e+02 1.121410e+02
2100078 2.490368e-01 3.529828e+02 1.040380e+02
2400178 2.490368e-01 3.252530e+02 1.018100e+02
2700000 2.490368e-01 2.168814e+02 1.000000e+02
3000001 2.490368e-01 1.000000e+02 1.000000e+02
1350 2.496526e-01 3.513325e+03 8.131219e+02
301184 2.496526e-01 4.364551e+02 2.063244e+02
600534 2.496526e-01 4.097332e+02 1.684561e+02
900256 2.496526e-01 3.995574e+02 1.581488e+02
1200504 2.496526e-01 3.927018e+02 1.434894e+02
1500029 2.496526e-01 3.853669e+02 1.330885e+02
1800539 2.496526e-01 3.774045e+02 1.194809e+02
2100078 2.496526e-01 3.668420e+02 1.068482e+02
2400178 2.496526e-01 3.461475e+02 1.026044e+02
2700134 2.496526e-01 2.773974e+02 1.000000e+02
3000002 2.496526e-01 1.000000e+02 1.000000e+02
1350 2.502708e-01 3.515798e+03 8.327069e+02
301184 2.502708e-01 4.369188e+02 1.988538e+02
600534 2.502708e-01 4.071121e+02 1.483898e+02
900256 2.502708e-01 3.961047e+02 1.399530e+02
1200504 2.502708e-01 3.875520e+02 1.284097e+02
1500029 2.502708e-01 3.787646e+02 1.191051e+02
1800539 2.502708e-01 3.692494e+02 1.102515e+02
2100078 2.502708e-01 3.555333e+02 1.059214e+02
2400178 2.502708e-01 3.287198e+02 8.571247e+01
2700022 2.502708e-01 2.474572e+02 4.223471e-04
3000000 2.502708e-01 5.000007e+01 1.467100e-04
1350 2.497022e-01 3.591770e+03 7.332692e+02
301184 2.497022e-01 4.353821e+02 1.948064e+02
600534 2.497022e-01 4.074356e+02 1.563119e+02
900256 2.497022e-01 3.973765e+02 1.462625e+02
1200504 2.497022e-01 3.906619e+02 1.299892e+02
1500029 2.497022e-01 3.836604e+02 1.174042e+02
1800539 2.497022e-01 3.754212e+02 1.119947e+02
2100078 2.497022e-01 3.634907e+02 1.056956e+02
2400178 2.497022e-01 3.419886e+02 1.025677e+02
2700032 2.497022e-01 2.666074e+02 1.000000e+02
2999989 2.498871e-01 1.000000e+02 1.000000e+02
1350 2.499288e-01 3.622046e+03 7.754591e+02
301184 2.499288e-01 4.367001e+02 2.050482e+02
600534 2.499288e-01 4.089207e+02 1.652323e+02
900256 2.499288e-01 3.991951e+02 1.529853e+02
1200504 2.499288e-01 3.922311e+02 1.412958e+02
1500029 2.499288e-01 3.852821e+02 1.228205e+02
1800539 2.499288e-01 3.767586e+02 1.191257e+02
2100078 2.499288e-01 3.648282e+02 1.059986e+02
2400178 2.499288e-01 3.417403e+02 1.026956e+02
2700079 2.499288e-01 2.693267e+02 1.000000e+02
3000003 2.499288e-01 1.000000e+02 1.000000e+02
1350 2.501657e-01 3.513894e+03 7.920550e+02
301184 2.501657e-01 4.345809e+02 1.825363e+02
600534 2.501657e-01 4.065495e+02 1.599706e+02
900256 2.501657e-01 3.962612e+02 1.400985e+02
1200504 2.501657e-01 3.886564e+02 1.256649e+02
1500029 2.501657e-01 3.806968e+02 1.172302e+02
1800539 2.501657e-01 3.717144e+02 1.098887e+02
2100078 2.501657e-01 3.574081e+02 1.037658e+02
2400178 2.501657e-01 3.333312e+02 1.010025e+02
2700136 2.501657e-01 2.528493e+02 1.000000e+02
3000000 2.501657e-01 1.000000e+02 1.000000e+02
1350 2.514127e-01 3.570333e+03 7.099692e+02
301184 2.514127e-01 4.362511e+02 2.009358e+02
600534 2.514127e-01 4.091809e+02 1.645270e+02
900256 2.514127e-01 3.993208e+02 1.422772e+02
1200504 2.514127e-01 3.920382e+02 1.363049e+02
1500029 2.514127e-01 3.853137e+02 1.260568e+02
1800539 2.514127e-01 3.762006e+02 1.156708e+02
2100078 2.514127e-01 3.655572e+02 1.067139e+02
2400178 2.514127e-01 3.465424e+02 1.023153e+02
2700000 2.514127e-01 2.629126e+02 1.000000e+02
3000004 2.514127e-01 1.000000e+02 1.000000e+02
1350 2.488899e-01 3.568396e+03 7.674600e+02
301184 2.488899e-01 4.356557e+02 1.662679e+02
600534 2.488899e-01 4.083013e+02 1.434390e+02
900256 2.488899e-01 3.983088e+02 1.406138e+02
1200504 2.488899e-01 3.901656e+02 1.387545e+02
1500029 2.488899e-01 3.822653e+02 1.215848e+02
1800539 2.488899e-01 3.712013e+02 1.126200e+02
2100078 2.488899e-01 3.536737e+02 1.059948e+02
2400178 2.488899e-01 2.895527e+02 1.028531e+02
2700032 2.488899e-01 1.524599e+02 1.000000e+02
3000000 2.488899e-01 1.000000e+02 1.000000e+02
1350 2.507241e-01 3.527550e+03 9.082503e+02
301184 2.507241e-01 4.356476e+02 1.844545e+02
600534 2.507241e-01 4.092229e+02 1.461672e+02
900256 2.507241e-01 3.994186e+02 1.367798e+02
1200504 2.507241e-01 3.924025e+02 1.291356e+02
1500029 2.507241e-01 3.856861e+02 1.270689e+02
1800539 2.507241e-01 3.771823e+02 1.178298e+02
2100078 2.507241e-01 3.660196e+02 1.082047e+02
2400178 2.507241e-01 3.443486e+02 1.023028e+02
2700124 2.507241e-01 2.632503e+02 1.000000e+02
3000003 2.507241e-01 1.000000e+02 1.000000e+02
1350 2.500212e-01 3.578764e+03 9.030454e+02
301184 2.500212e-01 4.367512e+02 1.764971e+02
600534 2.500212e-01 4.087884e+02 1.662399e+02
900256 2.500212e-01 3.987857e+02 1.510481e+02
1200504 2.500212e-01 3.918652e+02 1.437764e+02
1500029 2.500212e-01 3.850047e+02 1.270874e+02
1800539 2.500212e-01 3.761706e+02 1.106652e+02
2100078 2.500212e-01 3.630061e+02 1.054978e+02
2400178 2.500212e-01 3.346772e+02 1.020365e+02
2700028 2.500212e-01 2.475466e+02 1.000000e+02
3000002 2.500212e-01 1.000000e+02 1.000000e+02
1350 2.508352e-01 3.576767e+03 8.737760e+02
301184 2.508352e-01 4.365504e+02 1.871149e+02
600534 2.508352e-01 4.069912e+02 1.464760e+02
900256 2.508352e-01 3.965699e+02 1.255204e+02
1200504 2.508352e-01 3.886824e+02 1.220112e+02
1500029 2.508352e-01 3.807404e+02 1.175835e+02
1800539 2.508352e-01 3.706290e+02 1.146533e+02
2100078 2.508352e-01 3.522945e+02 1.041265e+02
2400178 2.508352e-01 3.057114e+02 1.016351e+02
2700001 2.508352e-01 1.865565e+02 2.394172e+01
3000003 2.508352e-01 1.362534e+01 1.725381e-04
1350 2.499370e-01 3.504885e+03 8.871730e+02
301184 2.499370e-01 4.361139e+02 1.837003e+02
600534 2.499370e-01 4.092771e+02 1.500581e+02
900256 2.499370e-01 4.000086e+02 1.334251e+02
1200504 2.499370e-01 3.937012e+02 1.301240e+02
1500029 2.499370e-01 3.874856e+02 1.268291e+02
1800539 2.499370e-01 3.795485e+02 1.211747e+02
2100078 2.499370e-01 3.686186e+02 1.099648e+02
2400178 2.499370e-01 3.453541e+02 1.029885e+02
2700012 2.499370e-01 2.818621e+02 1.000000e+02
3000004 2.499370e-01 1.000000e+02 1.000000e+02
1350 2.505661e-01 3.512244e+03 7.483179e+02
301184 2.505661e-01 4.351776e+02 1.820281e+02
600534 2.505661e-01 4.064003e+02 1.476224e+02
900256 2.505661e-01 3.955441e+02 1.374635e+02
1200504 2.505661e-01 3.874856e+02 1.329051e+02
1500029 2.505661e-01 3.799714e+02 1.143238e+02
1800539 2.505661e-01 3.703826e+02 1.072511e+02
2100078 2.505661e-01 3.564156e+02 1.043779e+02
2400178 2.505661e-01 3.312669e+02 1.013085e+02
2700054 2.505661e-01 2.470371e+02 1.000000e+02
3000003 2.505661e-01 1.000000e+02 1.000000e+02
8.67e+01 (3.46e+01): 
1.000000e+02 1.000000e+02 1.000000e+02 1.000000e+02 1.000000e+02 1.000000e+02 1.000000e+02 7.968382e-06 0.000000e+00 1.000000e+02 1.000000e+02 1.000000e+02 1.000000e+02 1.000000e+02 1.000000e+02 1.000000e+02 1.000000e+02 1.000000e+02 1.000000e+02 1.467100e-04 1.000000e+02 1.000000e+02 1.000000e+02 1.000000e+02 1.000000e+02 1.000000e+02 1.000000e+02 1.725381e-04 1.000000e+02 1.000000e+02 1350 2.496311e-01 3.565208e+03 8.353535e+02
300675 2.496311e-01 4.372588e+02 1.000000e+02
600915 2.496311e-01 4.071265e+02 1.000000e+02
900296 2.496311e-01 3.962776e+02 1.000000e+02
1200678 2.496311e-01 3.887002e+02 1.000000e+02
1500273 2.496311e-01 3.810628e+02 1.000000e+02
1800287 2.496311e-01 3.726385e+02 1.000000e+02
2100200 2.496311e-01 3.601928e+02 1.000000e+02
2400069 2.496311e-01 3.337360e+02 1.000000e+02
2700115 2.496311e-01 2.533131e+02 1.000000e+02
3000002 2.496311e-01 1.000000e+02 1.000000e+02
1350 2.507014e-01 3.539474e+03 8.590131e+02
300684 2.507014e-01 4.374780e+02 1.000000e+02
601080 2.507014e-01 4.064731e+02 1.000000e+02
900392 2.507014e-01 3.947864e+02 1.000000e+02
1200741 2.507014e-01 3.867353e+02 1.000000e+02
1500238 2.507014e-01 3.777231e+02 1.000000e+02
1800357 2.507014e-01 3.685749e+02 1.000000e+02
2100249 2.507014e-01 3.547463e+02 1.000000e+02
2400256 2.507014e-01 3.291030e+02 1.000000e+02
2700121 2.507014e-01 2.565620e+02 1.000000e+02
3000002 2.507014e-01 1.000000e+02 1.000000e+02
1350 2.501181e-01 3.572075e+03 8.202112e+02
300437 2.501181e-01 4.386967e+02 1.000000e+02
600867 2.501181e-01 4.075673e+02 1.000000e+02
900175 2.501181e-01 3.964325e+02 1.000000e+02
1200008 2.501181e-01 3.884470e+02 1.000000e+02
1500401 2.501181e-01 3.805774e+02 1.000000e+02
1800434 2.501181e-01 3.708638e+02 1.000000e+02
2100080 2.501181e-01 3.563243e+02 1.000000e+02
2400247 2.501181e-01 3.303356e+02 1.000000e+02
2700008 2.501181e-01 2.439453e+02 1.000000e+02
3000002 2.501181e-01 1.000000e+02 1.000000e+02
1350 2.517018e-01 3.504851e+03 7.820874e+02
301195 2.517018e-01 4.396094e+02 1.000000e+02
600394 2.517018e-01 4.099411e+02 1.000000e+02
900005 2.517018e-01 3.995541e+02 1.000000e+02
1200335 2.517018e-01 3.924945e+02 1.000000e+02
1500060 2.517018e-01 3.861467e+02 1.000000e+02
1800114 2.517018e-01 3.769290e+02 1.000000e+02
2100242 2.517018e-01 3.624118e+02 1.000000e+02
2400077 2.517018e-01 3.405894e+02 1.000000e+02
2700038 2.517018e-01 2.777431e+02 1.000000e+02
3000005 2.517018e-01 1.000000e+02 1.000000e+02
1350 2.491333e-01 3.526114e+03 6.962683e+02
300452 2.491333e-01 4.367291e+02 1.000000e+02
600414 2.491333e-01 4.069175e+02 1.000000e+02
900124 2.491333e-01 3.964880e+02 1.000000e+02
1200577 2.491333e-01 3.890876e+02 1.000000e+02
1500283 2.491333e-01 3.809002e+02 1.000000e+02
1800313 2.491333e-01 3.722481e+02 1.000000e+02
2100391 2.491333e-01 3.602508e+02 1.000000e+02
2400073 2.491333e-01 3.372899e+02 1.000000e+02
2700048 2.491333e-01 2.718019e+02 1.000000e+02
3000004 2.491333e-01 1.000000e+02 1.000000e+02
1350 2.489672e-01 3.510278e+03 7.809455e+02
300456 2.489672e-01 4.364588e+02 1.000000e+02
600082 2.489672e-01 4.065034e+02 1.000000e+02
900752 2.489672e-01 3.954147e+02 1.000000e+02
1200189 2.489672e-01 3.878819e+02 1.000000e+02
1500651 2.489672e-01 3.787007e+02 1.000000e+02
1800036 2.489672e-01 3.693138e+02 1.000000e+02
2100320 2.489672e-01 3.561466e+02 1.000000e+02
2400015 2.489672e-01 3.314648e+02 1.000000e+02
2700099 2.489672e-01 2.538871e+02 1.000000e+02
3000004 2.489672e-01 1.000000e+02 1.000000e+02
1350 2.511932e-01 3.555915e+03 9.560987e+02
300963 2.511932e-01 4.364463e+02 1.000000e+02
600806 2.511932e-01 4.055537e+02 1.000000e+02
900734 2.511932e-01 3.940635e+02 1.000000e+02
1200020 2.511932e-01 3.861051e+02 1.000000e+02
1500357 2.511932e-01 3.783643e+02 1.000000e+02
1800324 2.511932e-01 3.654299e+02 1.000000e+02
2100218 2.511932e-01 3.425687e+02 1.000000e+02
2400138 2.511932e-01 2.911598e+02 1.000000e+02
2700060 2.511932e-01 1.732135e+02 1.000000e+02
3000004 2.511932e-01 1.000000e+02 1.000000e+02
1350 2.485633e-01 3.610770e+03 7.760124e+02
300222 2.485633e-01 4.378634e+02 1.000000e+02
600140 2.485633e-01 4.068283e+02 1.000000e+02
900753 2.485633e-01 3.953136e+02 1.000000e+02
1200130 2.485633e-01 3.867868e+02 1.000000e+02
1500296 2.485633e-01 3.779783e+02 1.000000e+02
1800294 2.485633e-01 3.682645e+02 1.000000e+02
2100013 2.485633e-01 3.540421e+02 1.000000e+02
2400109 2.485633e-01 3.275391e+02 5.994137e+01
2700022 2.485633e-01 2.452798e+02 1.737418e-04
3000003 2.485633e-01 1.666669e+01 3.063685e-05
1350 2.501132e-01 3.617971e+03 9.128283e+02
301046 2.501132e-01 4.392494e+02 1.000000e+02
600691 2.501132e-01 4.093315e+02 1.000000e+02
900074 2.501132e-01 3.992328e+02 1.000000e+02
1200467 2.501132e-01 3.925707e+02 1.000000e+02
1500072 2.501132e-01 3.851901e+02 1.000000e+02
1800233 2.501132e-01 3.736881e+02 1.000000e+02
2100218 2.501132e-01 3.552569e+02 1.000000e+02
2400000 2.501132e-01 3.192300e+02 1.000000e+02
2700124 2.501132e-01 2.231928e+02 1.000000e+02
3000004 2.501132e-01 1.000000e+02 1.000000e+02
1350 2.517194e-01 3.572426e+03 9.465666e+02
301045 2.517194e-01 4.374776e+02 1.000000e+02
600015 2.517194e-01 4.068483e+02 1.000000e+02
900810 2.517194e-01 3.951655e+02 1.000000e+02
1200424 2.517194e-01 3.870873e+02 1.000000e+02
1500542 2.517194e-01 3.791695e+02 1.000000e+02
1800543 2.517194e-01 3.684078e+02 1.000000e+02
2100041 2.517194e-01 3.549173e+02 1.000000e+02
2400230 2.517194e-01 3.287414e+02 1.000000e+02
2700056 2.517194e-01 2.462708e+02 1.000000e+02
3000002 2.517194e-01 1.000000e+02 1.000000e+02
1350 2.508205e-01 3.524721e+03 1.024365e+03
301090 2.508205e-01 4.360813e+02 1.000000e+02
600334 2.508205e-01 4.050553e+02 1.000000e+02
900104 2.508205e-01 3.935065e+02 1.000000e+02
1200482 2.508205e-01 3.850685e+02 1.000000e+02
1500075 2.508205e-01 3.763859e+02 1.000000e+02
1800091 2.508205e-01 3.643375e+02 1.000000e+02
2100533 2.508205e-01 3.494510e+02 1.000000e+02
2400064 2.508205e-01 3.210836e+02 1.000000e+02
2700055 2.508205e-01 2.336588e+02 1.000000e+02
3000001 2.508205e-01 1.000000e+02 1.000000e+02
1350 2.505376e-01 3.597828e+03 7.689475e+02
300986 2.505376e-01 4.380841e+02 1.000000e+02
600436 2.505376e-01 4.059753e+02 1.000000e+02
900169 2.505376e-01 3.943912e+02 1.000000e+02
1200694 2.505376e-01 3.861418e+02 1.000000e+02
1500114 2.505376e-01 3.779173e+02 1.000000e+02
1800113 2.505376e-01 3.688423e+02 1.000000e+02
2100217 2.505376e-01 3.541677e+02 1.000000e+02
2400179 2.505376e-01 3.273614e+02 1.000000e+02
2700131 2.505376e-01 2.463462e+02 1.000000e+02
3000002 2.505376e-01 1.000000e+02 1.000000e+02
1350 2.500961e-01 3.561780e+03 6.918194e+02
301040 2.500961e-01 4.388492e+02 1.000000e+02
600740 2.500961e-01 4.080155e+02 1.000000e+02
900244 2.500961e-01 3.967652e+02 1.000000e+02
1200558 2.500961e-01 3.885426e+02 1.000000e+02
1500108 2.500961e-01 3.808464e+02 1.000000e+02
1800033 2.500961e-01 3.714188e+02 1.000000e+02
2100263 2.500961e-01 3.577496e+02 1.000000e+02
2400209 2.500961e-01 3.318568e+02 1.000000e+02
2700000 2.500961e-01 2.503419e+02 1.000000e+02
3000004 2.500961e-01 1.000000e+02 1.000000e+02
1350 2.483818e-01 3.518448e+03 7.251129e+02
300901 2.483818e-01 4.385869e+02 1.000000e+02
600270 2.483818e-01 4.079339e+02 1.000000e+02
900423 2.483818e-01 3.971044e+02 1.000000e+02
1200429 2.483818e-01 3.896246e+02 1.000000e+02
1500418 2.483818e-01 3.821010e+02 1.000000e+02
1800347 2.483818e-01 3.743750e+02 1.000000e+02
2100016 2.483818e-01 3.630263e+02 1.000000e+02
2400248 2.483818e-01 3.409864e+02 1.000000e+02
2700134 2.483818e-01 2.671441e+02 1.000000e+02
3000000 2.483818e-01 1.000000e+02 1.000000e+02
1350 2.482733e-01 3.532828e+03 8.428603e+02
300861 2.482733e-01 4.384272e+02 1.000000e+02
601002 2.482733e-01 4.080048e+02 1.000000e+02
900801 2.482733e-01 3.972338e+02 1.000000e+02
1200181 2.482733e-01 3.897214e+02 1.000000e+02
1500093 2.482733e-01 3.823418e+02 1.000000e+02
1800139 2.482733e-01 3.738072e+02 1.000000e+02
2100277 2.482733e-01 3.616997e+02 1.000000e+02
2400057 2.482733e-01 3.398831e+02 1.000000e+02
2700024 2.482733e-01 2.682533e+02 1.000000e+02
2999991 2.484572e-01 1.000000e+02 1.000000e+02
1350 2.495577e-01 3.554827e+03 8.772760e+02
300763 2.495577e-01 4.388806e+02 1.000000e+02
600696 2.495577e-01 4.076194e+02 1.000000e+02
900818 2.495577e-01 3.971521e+02 1.000000e+02
1200232 2.495577e-01 3.901166e+02 1.000000e+02
1500522 2.495577e-01 3.830690e+02 1.000000e+02
1800228 2.495577e-01 3.744148e+02 1.000000e+02
2100242 2.495577e-01 3.624638e+02 1.000000e+02
2400181 2.495577e-01 3.397431e+02 1.000000e+02
2700084 2.495577e-01 2.653122e+02 1.000000e+02
3000005 2.495577e-01 1.000000e+02 1.000000e+02
1350 2.488993e-01 3.554056e+03 9.843376e+02
301115 2.488993e-01 4.372112e+02 1.000000e+02
600087 2.488993e-01 4.074276e+02 1.000000e+02
900439 2.488993e-01 3.974443e+02 1.000000e+02
1200105 2.488993e-01 3.901172e+02 1.000000e+02
1500468 2.488993e-01 3.823259e+02 1.000000e+02
1800431 2.488993e-01 3.733965e+02 1.000000e+02
2100078 2.488993e-01 3.606272e+02 1.000000e+02
2400103 2.488993e-01 3.385303e+02 1.000000e+02
2700059 2.488993e-01 2.700208e+02 1.000000e+02
3000002 2.488993e-01 1.000000e+02 1.000000e+02
1350 2.490368e-01 3.526639e+03 6.853988e+02
301065 2.490368e-01 4.358712e+02 1.000000e+02
600144 2.490368e-01 4.051667e+02 1.000000e+02
900247 2.490368e-01 3.933419e+02 1.000000e+02
1200555 2.490368e-01 3.840624e+02 1.000000e+02
1500219 2.490368e-01 3.746607e+02 1.000000e+02
1800437 2.490368e-01 3.636268e+02 1.000000e+02
2100245 2.490368e-01 3.479536e+02 1.000000e+02
2400018 2.490368e-01 3.176797e+02 1.000000e+02
2700060 2.490368e-01 2.167152e+02 1.000000e+02
3000000 2.490368e-01 1.000000e+02 1.000000e+02
1350 2.496526e-01 3.513325e+03 8.131219e+02
300495 2.496526e-01 4.374180e+02 1.000000e+02
600932 2.496526e-01 4.070940e+02 1.000000e+02
900616 2.496526e-01 3.958145e+02 1.000000e+02
1200176 2.496526e-01 3.874466e+02 1.000000e+02
1500410 2.496526e-01 3.783467e+02 1.000000e+02
1800374 2.496526e-01 3.684353e+02 1.000000e+02
2100214 2.496526e-01 3.541718e+02 1.000000e+02
2400036 2.496526e-01 3.262825e+02 1.000000e+02
2700019 2.496526e-01 2.513452e+02 1.000000e+02
3000001 2.496526e-01 1.000000e+02 1.000000e+02
1350 2.502708e-01 3.515798e+03 8.327069e+02
300641 2.502708e-01 4.408528e+02 1.000000e+02
600245 2.502708e-01 4.084072e+02 1.000000e+02
900420 2.502708e-01 3.967496e+02 1.000000e+02
1200079 2.502708e-01 3.879480e+02 1.000000e+02
1500019 2.502708e-01 3.798718e+02 1.000000e+02
1800221 2.502708e-01 3.696908e+02 1.000000e+02
2100123 2.502708e-01 3.515792e+02 1.000000e+02
2400075 2.502708e-01 3.186659e+02 1.000000e+02
2700001 2.502708e-01 2.149733e+02 1.000000e+02
3000005 2.502708e-01 1.000000e+02 1.000000e+02
1350 2.497022e-01 3.591770e+03 7.332692e+02
300957 2.497022e-01 4.373066e+02 1.000000e+02
600970 2.497022e-01 4.066293e+02 1.000000e+02
900591 2.497022e-01 3.962008e+02 1.000000e+02
1200166 2.497022e-01 3.888510e+02 1.000000e+02
1500060 2.497022e-01 3.811023e+02 1.000000e+02
1800080 2.497022e-01 3.726961e+02 1.000000e+02
2100207 2.497022e-01 3.611467e+02 1.000000e+02
2400071 2.497022e-01 3.397115e+02 1.000000e+02
2700046 2.497022e-01 2.741499e+02 1.000000e+02
2999953 2.498871e-01 1.000000e+02 1.000000e+02
1350 2.499288e-01 3.622046e+03 7.754591e+02
300306 2.499288e-01 4.365049e+02 1.000000e+02
600384 2.499288e-01 4.053421e+02 1.000000e+02
900801 2.499288e-01 3.942050e+02 1.000000e+02
1200488 2.499288e-01 3.860801e+02 1.000000e+02
1500089 2.499288e-01 3.779857e+02 1.000000e+02
1800107 2.499288e-01 3.663833e+02 1.000000e+02
2100243 2.499288e-01 3.503694e+02 1.000000e+02
2400173 2.499288e-01 3.216501e+02 1.000000e+02
2700116 2.499288e-01 2.346090e+02 1.000000e+02
3000000 2.499288e-01 1.000000e+02 1.000000e+02
1350 2.501657e-01 3.513894e+03 7.920550e+02
300431 2.501657e-01 4.373850e+02 1.000000e+02
600208 2.501657e-01 4.069421e+02 1.000000e+02
900883 2.501657e-01 3.952297e+02 1.000000e+02
1200320 2.501657e-01 3.873178e+02 1.000000e+02
1500641 2.501657e-01 3.788305e+02 1.000000e+02
1800198 2.501657e-01 3.688421e+02 1.000000e+02
2100260 2.501657e-01 3.544715e+02 1.000000e+02
2400050 2.501657e-01 3.276446e+02 1.000000e+02
2700034 2.501657e-01 2.459949e+02 1.000000e+02
3000001 2.501657e-01 1.000000e+02 1.000000e+02
1350 2.514127e-01 3.570333e+03 7.099692e+02
300348 2.514127e-01 4.372625e+02 1.000000e+02
600883 2.514127e-01 4.080520e+02 1.000000e+02
900588 2.514127e-01 3.971863e+02 1.000000e+02
1200145 2.514127e-01 3.895543e+02 1.000000e+02
1500494 2.514127e-01 3.823950e+02 1.000000e+02
1800248 2.514127e-01 3.737450e+02 1.000000e+02
2100363 2.514127e-01 3.616415e+02 1.000000e+02
2400182 2.514127e-01 3.395294e+02 1.000000e+02
2700076 2.514127e-01 2.679007e+02 1.000000e+02
3000004 2.514127e-01 1.000000e+02 1.000000e+02
1350 2.488899e-01 3.568396e+03 7.674600e+02
300677 2.488899e-01 4.369818e+02 1.000000e+02
600981 2.488899e-01 4.053057e+02 1.000000e+02
900819 2.488899e-01 3.940401e+02 1.000000e+02
1200363 2.488899e-01 3.852700e+02 1.000000e+02
1500005 2.488899e-01 3.744988e+02 1.000000e+02
1800007 2.488899e-01 3.583550e+02 1.000000e+02
2100140 2.488899e-01 3.384433e+02 1.000000e+02
2400092 2.488899e-01 3.004862e+02 1.000000e+02
2700015 2.488899e-01 1.849052e+02 1.000000e+02
2999979 2.490742e-01 1.000000e+02 1.000000e+02
1350 2.507241e-01 3.527550e+03 9.082503e+02
300990 2.507241e-01 4.354923e+02 1.000000e+02
600708 2.507241e-01 4.046781e+02 1.000000e+02
900457 2.507241e-01 3.925797e+02 1.000000e+02
1200676 2.507241e-01 3.835737e+02 1.000000e+02
1500262 2.507241e-01 3.749139e+02 1.000000e+02
1800406 2.507241e-01 3.643799e+02 1.000000e+02
2100179 2.507241e-01 3.487194e+02 1.000000e+02
2400157 2.507241e-01 3.190015e+02 1.000000e+02
2700082 2.507241e-01 2.322099e+02 1.000000e+02
2999969 2.509098e-01 1.000000e+02 1.000000e+02
1350 2.500212e-01 3.578764e+03 9.030454e+02
300334 2.500212e-01 4.403769e+02 1.000000e+02
600024 2.500212e-01 4.100403e+02 1.000000e+02
900867 2.500212e-01 3.999545e+02 1.000000e+02
1200600 2.500212e-01 3.931976e+02 1.000000e+02
1500307 2.500212e-01 3.865791e+02 1.000000e+02
1800505 2.500212e-01 3.794421e+02 1.000000e+02
2100287 2.500212e-01 3.687733e+02 1.000000e+02
2400088 2.500212e-01 3.466248e+02 1.000000e+02
2700057 2.500212e-01 2.810997e+02 1.000000e+02
3000005 2.500212e-01 1.000000e+02 1.000000e+02
1350 2.508352e-01 3.576767e+03 8.737760e+02
300607 2.508352e-01 4.409196e+02 1.000000e+02
600858 2.508352e-01 4.101587e+02 1.000000e+02
900556 2.508352e-01 3.990707e+02 1.000000e+02
1200597 2.508352e-01 3.920955e+02 1.000000e+02
1500170 2.508352e-01 3.850558e+02 1.000000e+02
1800199 2.508352e-01 3.757930e+02 1.000000e+02
2100322 2.508352e-01 3.639825e+02 1.000000e+02
2400271 2.508352e-01 3.420841e+02 1.000000e+02
2700121 2.508352e-01 2.777226e+02 1.000000e+02
2999986 2.510210e-01 1.000000e+02 1.000000e+02
1350 2.499370e-01 3.504885e+03 8.871730e+02
300462 2.499370e-01 4.382451e+02 1.000000e+02
600897 2.499370e-01 4.069437e+02 1.000000e+02
900302 2.499370e-01 3.959842e+02 1.000000e+02
1200727 2.499370e-01 3.876206e+02 1.000000e+02
1500288 2.499370e-01 3.799239e+02 1.000000e+02
1800673 2.499370e-01 3.708603e+02 1.000000e+02
2100083 2.499370e-01 3.584092e+02 1.000000e+02
2400025 2.499370e-01 3.348792e+02 1.000000e+02
2700112 2.499370e-01 2.684752e+02 1.000000e+02
3000005 2.499370e-01 1.000000e+02 1.000000e+02
1350 2.505661e-01 3.512244e+03 7.483179e+02
300226 2.505661e-01 4.390012e+02 1.000000e+02
600488 2.505661e-01 4.071881e+02 1.000000e+02
900801 2.505661e-01 3.959440e+02 1.000000e+02
1200200 2.505661e-01 3.878375e+02 1.000000e+02
1500280 2.505661e-01 3.796775e+02 1.000000e+02
1800314 2.505661e-01 3.700955e+02 1.000000e+02
2100411 2.505661e-01 3.560034e+02 1.000000e+02
2400157 2.505661e-01 3.309387e+02 1.000000e+02
2700135 2.505661e-01 2.584596e+02 1.000000e+02
3000000 2.505661e-01 1.000000e+02 1.000000e+02
9.67e+01 (1.83e+01): 
1.000000e+02 1.000000e+02 1.000000e+02 1.000000e+02 1.000000e+02 1.000000e+02 1.000000e+02 3.063685e-05 1.000000e+02 1.000000e+02 1.000000e+02 1.000000e+02 1.000000e+02 1.000000e+02 1.000000e+02 1.000000e+02 1.000000e+02 1.000000e+02 1.000000e+02 1.000000e+02 1.000000e+02 1.000000e+02 1.000000e+02 1.000000e+02 1.000000e+02 1.000000e+02 1.000000e+02 1.000000e+02 1.000000e+02 1.000000e+02 