600 2.481754e-01 5.303087e+03 4.223442e+02
100244 2.481754e-01 2.849183e+02 2.292844e+02
200096 2.481754e-01 2.490787e+02 2.292844e+02
300132 2.481754e-01 2.292918e+02 2.292844e+02
400177 2.481754e-01 2.292844e+02 2.292844e+02
500118 2.481754e-01 2.292844e+02 2.292844e+02
600078 2.481754e-01 2.292844e+02 2.292844e+02
700008 2.481754e-01 2.292844e+02 2.292844e+02
800016 2.481754e-01 2.292844e+02 2.292844e+02
900048 2.481754e-01 2.292844e+02 2.292844e+02
1000000 2.481754e-01 2.292844e+02 2.292844e+02
600 2.490543e-01 5.653699e+03 5.422540e+02
100000 2.490543e-01 2.848385e+02 2.292844e+02
200344 2.490543e-01 2.444492e+02 2.292844e+02
300412 2.490543e-01 2.292851e+02 2.292844e+02
400283 2.490543e-01 2.292844e+02 2.292844e+02
500184 2.490543e-01 2.292844e+02 2.292844e+02
600123 2.490543e-01 2.292844e+02 2.292844e+02
700046 2.490543e-01 2.292844e+02 2.292844e+02
800042 2.490543e-01 2.292844e+02 2.292844e+02
900008 2.490543e-01 2.292844e+02 2.292844e+02
1000005 2.490543e-01 2.292844e+02 2.292844e+02
600 2.488799e-01 5.635081e+03 4.627846e+02
100172 2.488799e-01 2.828191e+02 2.292844e+02
200452 2.488799e-01 2.427344e+02 2.292844e+02
300702 2.488799e-01 2.292846e+02 2.292844e+02
400107 2.488799e-01 2.292844e+02 2.292844e+02
500023 2.488799e-01 2.292844e+02 2.292844e+02
600216 2.488799e-01 2.292844e+02 2.292844e+02
700118 2.488799e-01 2.292844e+02 2.292844e+02
800094 2.488799e-01 2.292844e+02 2.292844e+02
900007 2.488799e-01 2.292844e+02 2.292844e+02
1000004 2.488799e-01 2.292844e+02 2.292844e+02
600 2.533213e-01 5.514193e+03 6.754897e+02
100491 2.533213e-01 2.877898e+02 2.000010e+02
200006 2.533213e-01 2.484467e+02 2.000010e+02
300337 2.533213e-01 2.292220e+02 2.000010e+02
400051 2.533213e-01 2.107172e+02 2.000010e+02
500060 2.533213e-01 2.000000e+02 2.000000e+02
600027 2.533213e-01 2.000000e+02 2.000000e+02
700047 2.533213e-01 2.000000e+02 2.000000e+02
800074 2.533213e-01 2.000000e+02 2.000000e+02
900051 2.533213e-01 2.000000e+02 2.000000e+02
1000004 2.533213e-01 2.000000e+02 2.000000e+02
600 2.465582e-01 5.572448e+03 6.013692e+02
100451 2.465582e-01 2.878041e+02 2.000005e+02
200354 2.465582e-01 2.463876e+02 2.000005e+02
300288 2.465582e-01 2.288579e+02 2.000005e+02
400340 2.465582e-01 2.091055e+02 2.000004e+02
500056 2.465582e-01 2.000000e+02 2.000000e+02
600127 2.465582e-01 2.000000e+02 2.000000e+02
700149 2.465582e-01 2.000000e+02 2.000000e+02
800005 2.465582e-01 2.000000e+02 2.000000e+02
900014 2.465582e-01 2.000000e+02 2.000000e+02
1000003 2.465582e-01 2.000000e+02 2.000000e+02
600 2.527145e-01 5.347008e+03 5.743794e+02
100046 2.527145e-01 2.904832e+02 2.000005e+02
200108 2.527145e-01 2.482938e+02 2.000005e+02
300203 2.527145e-01 2.291216e+02 2.000005e+02
400036 2.527145e-01 2.085550e+02 2.000005e+02
500101 2.527145e-01 2.000000e+02 2.000000e+02
600166 2.527145e-01 2.000000e+02 2.000000e+02
700048 2.527145e-01 2.000000e+02 2.000000e+02
800022 2.527145e-01 2.000000e+02 2.000000e+02
900000 2.527145e-01 2.000000e+02 2.000000e+02
999963 2.531356e-01 2.000000e+02 2.000000e+02
600 2.503961e-01 5.481862e+03 5.159500e+02
100239 2.503961e-01 2.818112e+02 2.292844e+02
200262 2.503961e-01 2.416032e+02 2.292844e+02
300352 2.503961e-01 2.292848e+02 2.292844e+02
400295 2.503961e-01 2.292844e+02 2.292844e+02
500200 2.503961e-01 2.292844e+02 2.292844e+02
600174 2.503961e-01 2.292844e+02 2.292844e+02
700053 2.503961e-01 2.292844e+02 2.292844e+02
800111 2.503961e-01 2.292844e+02 2.292844e+02
900014 2.503961e-01 2.292844e+02 2.292844e+02
1000005 2.503961e-01 2.292844e+02 2.292844e+02
600 2.476866e-01 5.511028e+03 6.447837e+02
100260 2.476866e-01 2.843527e+02 2.292844e+02
200374 2.476866e-01 2.461805e+02 2.292844e+02
300309 2.476866e-01 2.292853e+02 2.292844e+02
400248 2.476866e-01 2.292844e+02 2.292844e+02
500146 2.476866e-01 2.292844e+02 2.292844e+02
600106 2.476866e-01 2.292844e+02 2.292844e+02
700110 2.476866e-01 2.292844e+02 2.292844e+02
800072 2.476866e-01 2.292844e+02 2.292844e+02
900028 2.476866e-01 2.292844e+02 2.292844e+02
1000000 2.476866e-01 2.292844e+02 2.292844e+02
600 2.470424e-01 5.392836e+03 5.129985e+02
100111 2.470424e-01 2.839995e+02 2.292844e+02
200016 2.470424e-01 2.444852e+02 2.292844e+02
300391 2.470424e-01 2.292857e+02 2.292844e+02
400087 2.470424e-01 2.292844e+02 2.292844e+02
500007 2.470424e-01 2.292844e+02 2.292844e+02
600191 2.470424e-01 2.292844e+02 2.292844e+02
700097 2.470424e-01 2.292844e+02 2.292844e+02
800003 2.470424e-01 2.292844e+02 2.292844e+02
900031 2.470424e-01 2.292844e+02 2.292844e+02
1000000 2.470424e-01 2.292844e+02 2.292844e+02
600 2.519750e-01 5.519552e+03 4.964443e+02
100539 2.519750e-01 2.863655e+02 2.000004e+02
200262 2.519750e-01 2.467040e+02 1.265799e+02
300296 2.519750e-01 2.276872e+02 1.218542e+02
400190 2.519750e-01 2.663655e+01 7.112415e-01
500079 2.519750e-01 7.306721e-05 2.502772e-05
600028 2.519750e-01 5.766346e-12 2.728484e-12
700174 2.519750e-01 4.325043e-13 0.000000e+00
800045 2.519750e-01 3.237801e-13 0.000000e+00
900003 2.519750e-01 0.000000e+00 0.000000e+00
1000003 2.519750e-01 0.000000e+00 0.000000e+00
600 2.481702e-01 5.397426e+03 5.197828e+02
100105 2.481702e-01 2.828820e+02 2.292844e+02
200083 2.481702e-01 2.464232e+02 2.292844e+02
300191 2.481702e-01 2.292887e+02 2.292844e+02
400333 2.481702e-01 2.292844e+02 2.292844e+02
500202 2.481702e-01 2.292844e+02 2.292844e+02
600173 2.481702e-01 2.292844e+02 2.292844e+02
700074 2.481702e-01 2.292844e+02 2.292844e+02
800099 2.481702e-01 2.292844e+02 2.292844e+02
900063 2.481702e-01 2.292844e+02 2.292844e+02
1000005 2.481702e-01 2.292844e+02 2.292844e+02
600 2.493656e-01 5.699976e+03 4.350042e+02
100116 2.493656e-01 2.840885e+02 2.000004e+02
200386 2.493656e-01 2.431988e+02 2.000004e+02
300054 2.493656e-01 2.288732e+02 2.000004e+02
400289 2.493656e-01 2.070450e+02 2.000004e+02
500044 2.493656e-01 2.000000e+02 2.000000e+02
600071 2.493656e-01 2.000000e+02 2.000000e+02
700038 2.493656e-01 2.000000e+02 2.000000e+02
800081 2.493656e-01 2.000000e+02 2.000000e+02
900053 2.493656e-01 2.000000e+02 2.000000e+02
1000002 2.493656e-01 2.000000e+02 2.000000e+02
600 2.490850e-01 5.371572e+03 4.424081e+02
100265 2.490850e-01 2.863747e+02 1.091232e-04
200348 2.490850e-01 2.463425e+02 1.091232e-04
300126 2.490850e-01 2.248445e+02 1.091232e-04
400258 2.490850e-01 4.370540e+01 1.091232e-04
500061 2.490850e-01 1.260670e-06 4.941458e-07
600235 2.490850e-01 6.392555e-13 4.547474e-13
700053 2.490850e-01 4.423901e-13 0.000000e+00
800120 2.490850e-01 3.892637e-13 0.000000e+00
900062 2.490850e-01 0.000000e+00 0.000000e+00
1000003 2.490850e-01 0.000000e+00 0.000000e+00
600 2.490583e-01 5.667635e+03 6.163279e+02
100186 2.490583e-01 2.873513e+02 2.292844e+02
200255 2.490583e-01 2.487038e+02 2.292844e+02
300152 2.490583e-01 2.292921e+02 2.292844e+02
400044 2.490583e-01 2.292844e+02 2.292844e+02
500274 2.490583e-01 2.292844e+02 2.292844e+02
600212 2.490583e-01 2.292844e+02 2.292844e+02
700133 2.490583e-01 2.292844e+02 2.292844e+02
800000 2.490583e-01 2.292844e+02 2.292844e+02
900034 2.490583e-01 2.292844e+02 2.292844e+02
1000005 2.490583e-01 2.292844e+02 2.292844e+02
600 2.487310e-01 5.467267e+03 4.333558e+02
100161 2.487310e-01 2.829135e+02 2.292844e+02
200157 2.487310e-01 2.466623e+02 2.292844e+02
300220 2.487310e-01 2.292920e+02 2.292844e+02
400184 2.487310e-01 2.292844e+02 2.292844e+02
500079 2.487310e-01 2.292844e+02 2.292844e+02
600051 2.487310e-01 2.292844e+02 2.292844e+02
700039 2.487310e-01 2.292844e+02 2.292844e+02
800072 2.487310e-01 2.292844e+02 2.292844e+02
900036 2.487310e-01 2.292844e+02 2.292844e+02
1000000 2.487310e-01 2.292844e+02 2.292844e+02
600 2.490479e-01 5.348579e+03 5.026101e+02
100275 2.490479e-01 2.831948e+02 1.000012e+02
200424 2.490479e-01 2.440944e+02 1.000012e+02
300411 2.490479e-01 2.228106e+02 1.000012e+02
400068 2.490479e-01 1.340033e+02 1.000006e+02
500048 2.490479e-01 1.000000e+02 1.000000e+02
600102 2.490479e-01 1.000000e+02 1.000000e+02
700018 2.490479e-01 1.000000e+02 1.000000e+02
800105 2.490479e-01 1.000000e+02 1.000000e+02
900017 2.490479e-01 1.000000e+02 1.000000e+02
1000002 2.490479e-01 1.000000e+02 1.000000e+02
600 2.473587e-01 5.318562e+03 4.718582e+02
100467 2.473587e-01 2.818738e+02 2.292844e+02
200060 2.473587e-01 2.427227e+02 2.292844e+02
300186 2.473587e-01 2.292850e+02 2.292844e+02
400100 2.473587e-01 2.292844e+02 2.292844e+02
500008 2.473587e-01 2.292844e+02 2.292844e+02
600224 2.473587e-01 2.292844e+02 2.292844e+02
700125 2.473587e-01 2.292844e+02 2.292844e+02
800023 2.473587e-01 2.292844e+02 2.292844e+02
900022 2.473587e-01 2.292844e+02 2.292844e+02
1000004 2.473587e-01 2.292844e+02 2.292844e+02
600 2.476152e-01 5.409746e+03 5.120139e+02
100041 2.476152e-01 2.854549e+02 2.000002e+02
200162 2.476152e-01 2.463170e+02 2.000002e+02
300222 2.476152e-01 2.290667e+02 2.000002e+02
400161 2.476152e-01 2.088336e+02 2.000002e+02
500072 2.476152e-01 2.000000e+02 2.000000e+02
600226 2.476152e-01 2.000000e+02 2.000000e+02
700079 2.476152e-01 2.000000e+02 2.000000e+02
800119 2.476152e-01 2.000000e+02 2.000000e+02
900000 2.476152e-01 2.000000e+02 2.000000e+02
1000003 2.476152e-01 2.000000e+02 2.000000e+02
600 2.465476e-01 5.301504e+03 4.812168e+02
100249 2.465476e-01 2.807754e+02 2.292844e+02
200044 2.465476e-01 2.419390e+02 2.292844e+02
300077 2.465476e-01 2.292846e+02 2.292844e+02
400133 2.465476e-01 2.292844e+02 2.292844e+02
500068 2.465476e-01 2.292844e+02 2.292844e+02
600016 2.465476e-01 2.292844e+02 2.292844e+02
700183 2.465476e-01 2.292844e+02 2.292844e+02
800042 2.465476e-01 2.292844e+02 2.292844e+02
900033 2.465476e-01 2.292844e+02 2.292844e+02
1000002 2.465476e-01 2.292844e+02 2.292844e+02
600 2.501597e-01 5.430787e+03 4.228999e+02
100005 2.501597e-01 2.902927e+02 2.000007e+02
200246 2.501597e-01 2.514305e+02 2.000007e+02
300790 2.501597e-01 2.293154e+02 2.000007e+02
400107 2.501597e-01 2.143691e+02 2.000005e+02
500146 2.501597e-01 2.000000e+02 2.000000e+02
600048 2.501597e-01 2.000000e+02 2.000000e+02
700134 2.501597e-01 2.000000e+02 2.000000e+02
800036 2.501597e-01 2.000000e+02 2.000000e+02
900038 2.501597e-01 2.000000e+02 2.000000e+02
1000003 2.501597e-01 2.000000e+02 2.000000e+02
600 2.502538e-01 5.296691e+03 6.068446e+02
100415 2.502538e-01 2.887265e+02 8.045535e+01
200396 2.502538e-01 2.512073e+02 7.494300e+01
300366 2.502538e-01 2.249696e+02 4.041453e+01
400332 2.502538e-01 1.751801e+01 1.231595e-01
500017 2.502538e-01 1.062504e-05 5.146215e-06
600134 2.502538e-01 1.582297e-12 9.094947e-13
700052 2.502538e-01 4.250899e-13 0.000000e+00
800008 2.502538e-01 2.837623e-13 0.000000e+00
900027 2.502538e-01 0.000000e+00 0.000000e+00
1000003 2.502538e-01 0.000000e+00 0.000000e+00
600 2.514565e-01 5.562320e+03 4.918100e+02
100107 2.514565e-01 2.859470e+02 2.000005e+02
200399 2.514565e-01 2.476092e+02 2.000005e+02
300117 2.514565e-01 2.221910e+02 4.442195e-05
400227 2.514565e-01 8.378620e+00 4.442195e-05
500208 2.514565e-01 3.819170e-07 1.617855e-07
600066 2.514565e-01 4.957492e-13 4.547474e-13
700013 2.514565e-01 4.349757e-13 0.000000e+00
800004 2.514565e-01 3.237801e-13 0.000000e+00
900055 2.514565e-01 0.000000e+00 0.000000e+00
1000003 2.514565e-01 0.000000e+00 0.000000e+00
600 2.492795e-01 5.385543e+03 5.174582e+02
100130 2.492795e-01 2.817216e+02 2.292844e+02
200150 2.492795e-01 2.418566e+02 2.292844e+02
300388 2.492795e-01 2.292848e+02 2.292844e+02
400312 2.492795e-01 2.292844e+02 2.292844e+02
500207 2.492795e-01 2.292844e+02 2.292844e+02
600133 2.492795e-01 2.292844e+02 2.292844e+02
700057 2.492795e-01 2.292844e+02 2.292844e+02
800085 2.492795e-01 2.292844e+02 2.292844e+02
900051 2.492795e-01 2.292844e+02 2.292844e+02
1000003 2.492795e-01 2.292844e+02 2.292844e+02
600 2.518942e-01 5.592017e+03 4.942674e+02
100063 2.518942e-01 2.830043e+02 2.292844e+02
200286 2.518942e-01 2.477610e+02 2.292844e+02
300342 2.518942e-01 2.292871e+02 2.292844e+02
400272 2.518942e-01 2.292844e+02 2.292844e+02
500170 2.518942e-01 2.292844e+02 2.292844e+02
600113 2.518942e-01 2.292844e+02 2.292844e+02
700092 2.518942e-01 2.292844e+02 2.292844e+02
800085 2.518942e-01 2.292844e+02 2.292844e+02
900000 2.518942e-01 2.292844e+02 2.292844e+02
1000000 2.518942e-01 2.292844e+02 2.292844e+02
600 2.488026e-01 5.603507e+03 5.348316e+02
100112 2.488026e-01 2.865872e+02 2.292844e+02
200152 2.488026e-01 2.454429e+02 2.292844e+02
300404 2.488026e-01 2.292860e+02 2.292844e+02
400187 2.488026e-01 2.292844e+02 2.292844e+02
500083 2.488026e-01 2.292844e+02 2.292844e+02
600027 2.488026e-01 2.292844e+02 2.292844e+02
700030 2.488026e-01 2.292844e+02 2.292844e+02
800065 2.488026e-01 2.292844e+02 2.292844e+02
900060 2.488026e-01 2.292844e+02 2.292844e+02
1000003 2.488026e-01 2.292844e+02 2.292844e+02
600 2.487115e-01 5.406377e+03 4.462479e+02
100321 2.487115e-01 2.804983e+02 2.000002e+02
200254 2.487115e-01 2.457434e+02 2.000002e+02
300033 2.487115e-01 2.291496e+02 2.000002e+02
400324 2.487115e-01 2.109280e+02 2.000001e+02
500056 2.487115e-01 2.000000e+02 2.000000e+02
600172 2.487115e-01 2.000000e+02 2.000000e+02
700147 2.487115e-01 2.000000e+02 2.000000e+02
800039 2.487115e-01 2.000000e+02 2.000000e+02
900062 2.487115e-01 2.000000e+02 2.000000e+02
1000001 2.487115e-01 2.000000e+02 2.000000e+02
600 2.495761e-01 5.401701e+03 5.752463e+02
100270 2.495761e-01 2.829974e+02 2.292844e+02
200289 2.495761e-01 2.443113e+02 2.292844e+02
300334 2.495761e-01 2.292853e+02 2.292844e+02
400121 2.495761e-01 2.292844e+02 2.292844e+02
500025 2.495761e-01 2.292844e+02 2.292844e+02
600237 2.495761e-01 2.292844e+02 2.292844e+02
700177 2.495761e-01 2.292844e+02 2.292844e+02
800029 2.495761e-01 2.292844e+02 2.292844e+02
900013 2.495761e-01 2.292844e+02 2.292844e+02
1000001 2.495761e-01 2.292844e+02 2.292844e+02
600 2.533821e-01 5.752401e+03 5.262481e+02
100232 2.533821e-01 2.866105e+02 2.292844e+02
200046 2.533821e-01 2.488861e+02 2.292844e+02
300213 2.533821e-01 2.292938e+02 2.292844e+02
400339 2.533821e-01 2.292844e+02 2.292844e+02
500239 2.533821e-01 2.292844e+02 2.292844e+02
600183 2.533821e-01 2.292844e+02 2.292844e+02
700082 2.533821e-01 2.292844e+02 2.292844e+02
800124 2.533821e-01 2.292844e+02 2.292844e+02
900028 2.533821e-01 2.292844e+02 2.292844e+02
1000005 2.533821e-01 2.292844e+02 2.292844e+02
600 2.498448e-01 5.363311e+03 5.574830e+02
100147 2.498448e-01 2.812375e+02 2.292844e+02
200186 2.498448e-01 2.447820e+02 5.015570e-05
300131 2.498448e-01 2.234330e+02 5.015570e-05
400080 2.498448e-01 6.488787e+01 5.015570e-05
500067 2.498448e-01 1.332339e-06 6.965975e-07
600081 2.498448e-01 6.877122e-13 4.547474e-13
700002 2.498448e-01 4.399186e-13 0.000000e+00
800026 2.498448e-01 3.237801e-13 0.000000e+00
900022 2.498448e-01 0.000000e+00 0.000000e+00
1000000 2.498448e-01 0.000000e+00 0.000000e+00
600 2.496758e-01 5.517378e+03 5.769494e+02
100350 2.496758e-01 2.837940e+02 2.292844e+02
200301 2.496758e-01 2.434502e+02 2.292844e+02
300037 2.496758e-01 2.292846e+02 2.292844e+02
400060 2.496758e-01 2.292844e+02 2.292844e+02
500019 2.496758e-01 2.292844e+02 2.292844e+02
600234 2.496758e-01 2.292844e+02 2.292844e+02
700140 2.496758e-01 2.292844e+02 2.292844e+02
800020 2.496758e-01 2.292844e+02 2.292844e+02
900001 2.496758e-01 2.292844e+02 2.292844e+02
1000002 2.496758e-01 2.292844e+02 2.292844e+02
1.80e+02 (8.56e+01): 
2.292844e+02 2.292844e+02 2.292844e+02 2.000000e+02 2.000000e+02 2.000000e+02 2.292844e+02 2.292844e+02 2.292844e+02 0.000000e+00 2.292844e+02 2.000000e+02 0.000000e+00 2.292844e+02 2.292844e+02 1.000000e+02 2.292844e+02 2.000000e+02 2.292844e+02 2.000000e+02 0.000000e+00 0.000000e+00 2.292844e+02 2.292844e+02 2.292844e+02 2.000000e+02 2.292844e+02 2.292844e+02 0.000000e+00 2.292844e+02 