1350 2.496311e-01 6.029890e+03 3.391389e+03
301184 2.496311e-01 1.554046e+03 4.348788e+02
600534 2.496311e-01 1.095031e+03 2.671854e+02
900256 2.496311e-01 9.108576e+02 1.821606e+02
1200504 2.496311e-01 7.816656e+02 1.284877e+02
1500029 2.496311e-01 6.708088e+02 1.069641e+02
1800539 2.496311e-01 5.530385e+02 1.032103e+02
2100078 2.496311e-01 4.141983e+02 4.723796e+01
2400178 2.496311e-01 3.076292e+02 2.171495e+01
2700138 2.496311e-01 2.020674e+02 1.459175e+01
3000005 2.496311e-01 1.130161e+01 1.020490e+01
1350 2.507014e-01 5.968114e+03 3.608568e+03
301184 2.507014e-01 1.546539e+03 3.661784e+02
600534 2.507014e-01 1.090547e+03 2.919453e+02
900256 2.507014e-01 9.098117e+02 2.429178e+02
1200504 2.507014e-01 7.782380e+02 1.755278e+02
1500029 2.507014e-01 6.674973e+02 8.952220e+01
1800539 2.507014e-01 5.474528e+02 3.512430e+01
2100078 2.507014e-01 4.089531e+02 2.020579e+01
2400178 2.507014e-01 3.071460e+02 7.986361e+00
2700037 2.507014e-01 2.072705e+02 4.595039e+00
3000000 2.507014e-01 4.567287e+00 4.553401e+00
1350 2.501181e-01 6.033449e+03 3.699642e+03
301184 2.501181e-01 1.533756e+03 4.959930e+02
600534 2.501181e-01 1.073260e+03 3.075275e+02
900256 2.501181e-01 8.940550e+02 9.669820e+01
1200504 2.501181e-01 7.702989e+02 8.971906e+01
1500029 2.501181e-01 6.630969e+02 7.526001e+01
1800539 2.501181e-01 5.486847e+02 4.602524e+01
2100078 2.501181e-01 4.158470e+02 3.470359e+01
2400178 2.501181e-01 3.089862e+02 7.869785e+00
2700004 2.501181e-01 2.038710e+02 2.359975e+00
3000000 2.501181e-01 2.790033e+00 2.359975e+00
1350 2.517018e-01 6.018794e+03 3.665382e+03
301184 2.517018e-01 1.560664e+03 5.753731e+02
600534 2.517018e-01 1.086438e+03 1.330301e+02
900256 2.517018e-01 8.949247e+02 9.845359e+01
1200504 2.517018e-01 7.642502e+02 9.525794e+01
1500029 2.517018e-01 6.536916e+02 9.514271e+01
1800539 2.517018e-01 5.367692e+02 4.929292e+01
2100078 2.517018e-01 4.104032e+02 1.843520e+01
2400178 2.517018e-01 3.074912e+02 1.135262e+01
2700086 2.517018e-01 1.983053e+02 1.007998e+01
3000005 2.517018e-01 6.641093e+00 4.636676e+00
1350 2.491333e-01 5.993466e+03 3.367444e+03
301184 2.491333e-01 1.549460e+03 4.720945e+02
600534 2.491333e-01 1.082005e+03 2.907934e+02
900256 2.491333e-01 8.938308e+02 2.482125e+02
1200504 2.491333e-01 7.710607e+02 1.796143e+02
1500029 2.491333e-01 6.591239e+02 1.399885e+02
1800539 2.491333e-01 5.453575e+02 8.067334e+01
2100078 2.491333e-01 4.014566e+02 3.774331e+01
2400178 2.491333e-01 2.931633e+02 2.271854e+01
2700010 2.491333e-01 1.969161e+02 1.231505e+01
3000000 2.491333e-01 1.202749e+01 1.007998e+01
1350 2.489672e-01 5.985234e+03 3.295241e+03
301184 2.489672e-01 1.559261e+03 6.213161e+02
600534 2.489672e-01 1.095641e+03 2.370606e+02
900256 2.489672e-01 9.137363e+02 2.211095e+02
1200504 2.489672e-01 7.856579e+02 1.683496e+02
1500029 2.489672e-01 6.789080e+02 1.537179e+02
1800539 2.489672e-01 5.662225e+02 1.447165e+02
2100078 2.489672e-01 4.279574e+02 4.988987e+01
2400178 2.489672e-01 3.092066e+02 1.126819e+01
2700109 2.489672e-01 2.046808e+02 2.443250e+00
3000002 2.489672e-01 3.742183e+00 2.436711e-01
1350 2.511932e-01 6.013874e+03 3.564561e+03
301184 2.511932e-01 1.562639e+03 4.917605e+02
600534 2.511932e-01 1.096937e+03 2.396082e+02
900256 2.511932e-01 9.211686e+02 1.472167e+02
1200504 2.511932e-01 7.878523e+02 1.408004e+02
1500029 2.511932e-01 6.751641e+02 9.518742e+01
1800539 2.511932e-01 5.600670e+02 4.052704e+01
2100078 2.511932e-01 4.198441e+02 2.333820e+01
2400178 2.511932e-01 3.147607e+02 4.281013e+00
2700130 2.511932e-01 2.090568e+02 2.498244e-01
3000004 2.511932e-01 2.081870e-01 2.081870e-01
1350 2.485633e-01 5.966396e+03 3.678525e+03
301184 2.485633e-01 1.573675e+03 6.244982e+02
600534 2.485633e-01 1.106949e+03 3.343882e+02
900256 2.485633e-01 9.207321e+02 2.828664e+02
1200504 2.485633e-01 7.968068e+02 2.381464e+02
1500029 2.485633e-01 6.800842e+02 1.671395e+02
1800539 2.485633e-01 5.657310e+02 1.060541e+02
2100078 2.485633e-01 4.275228e+02 7.148538e+01
2400178 2.485633e-01 3.225115e+02 7.245215e+00
2700130 2.485633e-01 2.199921e+02 2.443250e+00
3000003 2.485633e-01 2.292109e+01 2.443250e+00
1350 2.501132e-01 5.991547e+03 3.477595e+03
301184 2.501132e-01 1.564661e+03 4.307087e+02
600534 2.501132e-01 1.085600e+03 2.122499e+02
900256 2.501132e-01 9.045210e+02 1.969513e+02
1200504 2.501132e-01 7.820697e+02 1.226432e+02
1500029 2.501132e-01 6.708802e+02 1.223575e+02
1800539 2.501132e-01 5.548991e+02 7.172881e+01
2100078 2.501132e-01 4.178132e+02 2.910073e+01
2400178 2.501132e-01 3.044767e+02 1.800276e+01
2700114 2.501132e-01 2.047503e+02 4.595039e+00
3000000 2.501132e-01 1.180151e+01 4.595039e+00
1350 2.517194e-01 6.000491e+03 3.627235e+03
301184 2.517194e-01 1.556660e+03 4.488521e+02
600534 2.517194e-01 1.109410e+03 2.418476e+02
900256 2.517194e-01 9.279672e+02 1.774218e+02
1200504 2.517194e-01 7.958332e+02 1.646492e+02
1500029 2.517194e-01 6.861183e+02 9.127118e+01
1800539 2.517194e-01 5.756935e+02 8.692694e+01
2100078 2.517194e-01 4.500855e+02 5.322511e+01
2400178 2.517194e-01 3.334677e+02 2.383682e+01
2700096 2.517194e-01 2.248438e+02 7.886558e+00
3000004 2.517194e-01 1.101616e+01 7.886558e+00
1350 2.508205e-01 5.996069e+03 3.279480e+03
301184 2.508205e-01 1.571155e+03 4.691696e+02
600534 2.508205e-01 1.105800e+03 2.842992e+02
900256 2.508205e-01 9.115488e+02 2.266026e+02
1200504 2.508205e-01 7.815653e+02 2.181832e+02
1500029 2.508205e-01 6.789795e+02 1.267237e+02
1800539 2.508205e-01 5.561192e+02 1.217264e+02
2100078 2.508205e-01 4.314212e+02 3.521077e+01
2400178 2.508205e-01 3.344693e+02 1.364110e+01
2700066 2.508205e-01 2.254247e+02 2.401613e+00
3000000 2.508205e-01 4.995768e+00 2.401613e+00
1350 2.505376e-01 6.025635e+03 3.727308e+03
301184 2.505376e-01 1.563116e+03 5.405372e+02
600534 2.505376e-01 1.087086e+03 3.259370e+02
900256 2.505376e-01 9.038068e+02 2.073961e+02
1200504 2.505376e-01 7.698736e+02 1.744585e+02
1500029 2.505376e-01 6.589455e+02 9.985479e+01
1800539 2.505376e-01 5.390962e+02 6.280112e+01
2100078 2.505376e-01 4.071470e+02 1.814881e+01
2400178 2.505376e-01 3.003756e+02 8.056397e+00
2700112 2.505376e-01 1.973932e+02 2.401613e+00
3000001 2.505376e-01 3.881268e+00 2.401613e+00
1350 2.500961e-01 5.968862e+03 3.537935e+03
301184 2.500961e-01 1.540545e+03 5.288423e+02
600534 2.500961e-01 1.087473e+03 3.034788e+02
900256 2.500961e-01 9.050970e+02 1.460463e+02
1200504 2.500961e-01 7.803314e+02 1.428160e+02
1500029 2.500961e-01 6.687850e+02 1.138347e+02
1800539 2.500961e-01 5.540758e+02 9.645963e+01
2100078 2.500961e-01 4.293511e+02 3.682696e+01
2400178 2.500961e-01 3.182074e+02 1.623301e+01
2700003 2.500961e-01 2.066060e+02 1.003835e+01
3000004 2.500961e-01 9.162692e+00 7.886558e+00
1350 2.483818e-01 6.002902e+03 3.685432e+03
301184 2.483818e-01 1.555017e+03 5.394971e+02
600534 2.483818e-01 1.094968e+03 2.058616e+02
900256 2.483818e-01 9.116588e+02 1.950630e+02
1200504 2.483818e-01 7.797417e+02 1.848935e+02
1500029 2.483818e-01 6.691351e+02 8.230784e+01
1800539 2.483818e-01 5.572748e+02 3.463952e+01
2100078 2.483818e-01 4.193154e+02 3.185285e+01
2400178 2.483818e-01 3.106425e+02 9.475774e+00
2700049 2.483818e-01 2.154452e+02 4.678313e+00
3000000 2.483818e-01 7.235914e+00 4.636676e+00
1350 2.482733e-01 5.997419e+03 3.522504e+03
301184 2.482733e-01 1.554127e+03 5.302694e+02
600534 2.482733e-01 1.080576e+03 3.072434e+02
900256 2.482733e-01 8.924770e+02 2.453089e+02
1200504 2.482733e-01 7.701768e+02 2.087253e+02
1500029 2.482733e-01 6.607906e+02 7.249831e+01
1800539 2.482733e-01 5.502965e+02 3.802419e+01
2100078 2.482733e-01 4.183107e+02 1.605426e+01
2400178 2.482733e-01 3.180072e+02 1.278976e+01
2700008 2.482733e-01 2.143557e+02 9.065165e+00
3000004 2.482733e-01 4.636676e+00 4.636676e+00
1350 2.495577e-01 5.966365e+03 3.542784e+03
301184 2.495577e-01 1.573805e+03 5.289109e+02
600534 2.495577e-01 1.102223e+03 2.419256e+02
900256 2.495577e-01 9.165333e+02 2.039563e+02
1200504 2.495577e-01 7.922963e+02 1.980055e+02
1500029 2.495577e-01 6.815287e+02 1.815555e+02
1800539 2.495577e-01 5.671796e+02 9.334582e+01
2100078 2.495577e-01 4.245216e+02 2.599322e+01
2400178 2.495577e-01 3.116640e+02 1.178963e+01
2700032 2.495577e-01 2.083008e+02 4.636676e+00
3000001 2.495577e-01 7.189481e+00 4.553401e+00
1350 2.488993e-01 5.995336e+03 3.354802e+03
301184 2.488993e-01 1.554482e+03 3.386124e+02
600534 2.488993e-01 1.101186e+03 2.365702e+02
900256 2.488993e-01 9.231892e+02 2.313514e+02
1200504 2.488993e-01 7.930673e+02 1.859508e+02
1500029 2.488993e-01 6.803272e+02 1.003784e+02
1800539 2.488993e-01 5.614910e+02 7.630566e+01
2100078 2.488993e-01 4.299903e+02 1.847550e+01
2400178 2.488993e-01 3.201221e+02 1.498691e+01
2700015 2.488993e-01 2.143334e+02 4.636676e+00
3000000 2.488993e-01 4.636676e+00 4.636676e+00
1350 2.490368e-01 6.054697e+03 3.745410e+03
301184 2.490368e-01 1.555399e+03 5.001543e+02
600534 2.490368e-01 1.095694e+03 3.421386e+02
900256 2.490368e-01 9.188699e+02 2.756341e+02
1200504 2.490368e-01 7.904085e+02 2.252680e+02
1500029 2.490368e-01 6.723845e+02 1.235534e+02
1800539 2.490368e-01 5.588321e+02 7.623215e+01
2100078 2.490368e-01 4.189845e+02 3.552068e+01
2400178 2.490368e-01 3.030522e+02 1.295600e+01
2700090 2.490368e-01 1.962376e+02 6.830102e+00
3000003 2.490368e-01 7.197669e+00 4.511764e+00
1350 2.496526e-01 6.002935e+03 3.408268e+03
301184 2.496526e-01 1.561279e+03 4.504793e+02
600534 2.496526e-01 1.106354e+03 3.472221e+02
900256 2.496526e-01 9.194617e+02 3.048806e+02
1200504 2.496526e-01 7.828503e+02 2.009182e+02
1500029 2.496526e-01 6.655270e+02 1.023861e+02
1800539 2.496526e-01 5.500847e+02 6.387167e+01
2100078 2.496526e-01 4.189009e+02 2.377964e+01
2400178 2.496526e-01 3.213977e+02 4.331858e+00
2700040 2.496526e-01 2.183515e+02 2.359975e+00
3000001 2.496526e-01 7.749036e+00 2.359975e+00
1350 2.502708e-01 6.015103e+03 3.532000e+03
301184 2.502708e-01 1.548586e+03 5.160307e+02
600534 2.502708e-01 1.094116e+03 2.353097e+02
900256 2.502708e-01 9.071009e+02 2.121890e+02
1200504 2.502708e-01 7.770707e+02 6.848184e+01
1500029 2.502708e-01 6.576299e+02 4.803006e+01
1800539 2.502708e-01 5.327099e+02 4.798612e+01
2100078 2.502708e-01 3.996323e+02 2.881741e+01
2400178 2.502708e-01 2.887922e+02 1.721337e+01
2700035 2.502708e-01 1.847049e+02 7.969833e+00
3000004 2.502708e-01 8.341593e+00 4.636676e+00
1350 2.497022e-01 5.979122e+03 3.798099e+03
301184 2.497022e-01 1.553392e+03 3.849019e+02
600534 2.497022e-01 1.087532e+03 2.193326e+02
900256 2.497022e-01 9.101001e+02 1.838060e+02
1200504 2.497022e-01 7.798116e+02 1.696394e+02
1500029 2.497022e-01 6.700476e+02 1.408982e+02
1800539 2.497022e-01 5.540245e+02 4.501278e+01
2100078 2.497022e-01 4.222440e+02 2.072296e+01
2400178 2.497022e-01 3.193126e+02 1.399221e+01
2700046 2.497022e-01 2.089323e+02 2.359975e+00
3000002 2.497022e-01 8.560541e-01 1.249122e-01
1350 2.499288e-01 6.040135e+03 3.822360e+03
301184 2.499288e-01 1.557279e+03 5.727470e+02
600534 2.499288e-01 1.098681e+03 3.473842e+02
900256 2.499288e-01 9.185678e+02 2.843584e+02
1200504 2.499288e-01 7.887528e+02 1.800395e+02
1500029 2.499288e-01 6.777074e+02 1.635817e+02
1800539 2.499288e-01 5.609256e+02 8.168183e+01
2100078 2.499288e-01 4.353734e+02 4.073399e+01
2400178 2.499288e-01 3.274284e+02 1.507545e+01
2700054 2.499288e-01 2.246727e+02 4.678313e+00
3000002 2.499288e-01 6.246119e+00 2.443250e+00
1350 2.501657e-01 5.952957e+03 3.550847e+03
301184 2.501657e-01 1.556475e+03 4.228196e+02
600534 2.501657e-01 1.086540e+03 2.354435e+02
900256 2.501657e-01 8.971215e+02 2.003996e+02
1200504 2.501657e-01 7.679292e+02 1.207717e+02
1500029 2.501657e-01 6.567854e+02 6.055997e+01
1800539 2.501657e-01 5.434860e+02 4.176693e+01
2100078 2.501657e-01 4.112523e+02 2.429964e+01
2400178 2.501657e-01 2.992635e+02 1.140972e+01
2700100 2.501657e-01 1.864023e+02 4.678313e+00
3000002 2.501657e-01 1.655267e+00 2.081870e-01
1350 2.514127e-01 6.015409e+03 3.505231e+03
301184 2.514127e-01 1.565571e+03 5.429443e+02
600534 2.514127e-01 1.094331e+03 3.480328e+02
900256 2.514127e-01 9.041791e+02 2.743470e+02
1200504 2.514127e-01 7.766102e+02 1.991823e+02
1500029 2.514127e-01 6.609172e+02 1.350093e+02
1800539 2.514127e-01 5.412371e+02 9.455995e+01
2100078 2.514127e-01 4.128073e+02 3.941474e+01
2400178 2.514127e-01 2.973025e+02 2.142093e+01
2700112 2.514127e-01 1.977539e+02 1.235668e+01
2999997 2.515989e-01 1.476927e+01 1.235668e+01
1350 2.488899e-01 5.994670e+03 3.541645e+03
301184 2.488899e-01 1.553807e+03 5.513246e+02
600534 2.488899e-01 1.108161e+03 1.770299e+02
900256 2.488899e-01 9.271649e+02 1.193360e+02
1200504 2.488899e-01 7.966528e+02 1.145067e+02
1500029 2.488899e-01 6.787949e+02 1.049419e+02
1800539 2.488899e-01 5.718105e+02 5.731486e+01
2100078 2.488899e-01 4.454203e+02 2.695529e+01
2400178 2.488899e-01 3.311513e+02 8.380328e+00
2700072 2.488899e-01 2.283692e+02 4.636676e+00
3000002 2.488899e-01 4.098098e+00 2.401613e+00
1350 2.507241e-01 6.022430e+03 3.161142e+03
301184 2.507241e-01 1.563351e+03 5.250167e+02
600534 2.507241e-01 1.089101e+03 2.556901e+02
900256 2.507241e-01 9.077816e+02 2.257506e+02
1200504 2.507241e-01 7.797638e+02 1.772951e+02
1500029 2.507241e-01 6.653036e+02 1.643538e+02
1800539 2.507241e-01 5.561200e+02 9.934821e+01
2100078 2.507241e-01 4.213860e+02 3.284657e+01
2400178 2.507241e-01 3.062483e+02 9.573963e+00
2700012 2.507241e-01 2.023765e+02 2.526525e+00
3000001 2.507241e-01 3.930981e+00 2.526525e+00
1350 2.500212e-01 5.999680e+03 2.861887e+03
301184 2.500212e-01 1.538781e+03 5.337867e+02
600534 2.500212e-01 1.082472e+03 3.043593e+02
900256 2.500212e-01 8.948775e+02 2.207419e+02
1200504 2.500212e-01 7.680303e+02 1.317476e+02
1500029 2.500212e-01 6.529948e+02 1.293274e+02
1800539 2.500212e-01 5.259869e+02 9.235252e+01
2100078 2.500212e-01 3.910782e+02 2.711574e+01
2400178 2.500212e-01 2.822260e+02 8.440191e+00
2700001 2.500212e-01 1.787252e+02 4.595039e+00
3000003 2.500212e-01 5.916055e+00 4.595039e+00
1350 2.508352e-01 5.981408e+03 3.569992e+03
301184 2.508352e-01 1.548866e+03 4.775011e+02
600534 2.508352e-01 1.081940e+03 2.148407e+02
900256 2.508352e-01 8.997604e+02 1.497042e+02
1200504 2.508352e-01 7.726383e+02 1.103921e+02
1500029 2.508352e-01 6.623454e+02 8.465970e+01
1800539 2.508352e-01 5.418886e+02 5.150070e+01
2100078 2.508352e-01 4.139909e+02 2.160297e+01
2400178 2.508352e-01 3.138572e+02 5.796431e+00
2700087 2.508352e-01 2.028231e+02 2.401613e+00
3000003 2.508352e-01 1.665496e-01 1.665496e-01
1350 2.499370e-01 5.978136e+03 3.471988e+03
301184 2.499370e-01 1.563057e+03 4.775832e+02
600534 2.499370e-01 1.094295e+03 1.983926e+02
900256 2.499370e-01 9.163711e+02 1.804461e+02
1200504 2.499370e-01 7.903217e+02 1.121766e+02
1500029 2.499370e-01 6.839554e+02 6.116257e+01
1800539 2.499370e-01 5.668565e+02 5.961480e+01
2100078 2.499370e-01 4.286485e+02 2.169603e+01
2400178 2.499370e-01 3.228292e+02 4.679222e+00
2700100 2.499370e-01 2.201763e+02 2.359975e+00
3000002 2.499370e-01 2.741139e+00 2.359975e+00
1350 2.505661e-01 5.985788e+03 3.319752e+03
301184 2.505661e-01 1.561285e+03 5.205204e+02
600534 2.505661e-01 1.096404e+03 2.447604e+02
900256 2.505661e-01 9.072367e+02 2.208813e+02
1200504 2.505661e-01 7.779525e+02 1.850149e+02
1500029 2.505661e-01 6.640894e+02 1.133922e+02
1800539 2.505661e-01 5.474121e+02 6.376423e+01
2100078 2.505661e-01 4.120168e+02 3.113470e+01
2400178 2.505661e-01 3.027270e+02 2.229600e+01
2700135 2.505661e-01 2.073430e+02 6.871739e+00
3000002 2.505661e-01 5.108667e+01 6.871739e+00
4.13e+00 (3.12e+00): 
1.020490e+01 4.553401e+00 2.359975e+00 4.636676e+00 1.007998e+01 2.436711e-01 2.081870e-01 2.443250e+00 4.595039e+00 7.886558e+00 2.401613e+00 2.401613e+00 7.886558e+00 4.636676e+00 4.636676e+00 4.553401e+00 4.636676e+00 4.511764e+00 2.359975e+00 4.636676e+00 1.249122e-01 2.443250e+00 2.081870e-01 1.235668e+01 2.401613e+00 2.526525e+00 4.595039e+00 1.665496e-01 2.359975e+00 6.871739e+00 1350 2.496311e-01 6.029890e+03 3.391389e+03
301184 2.496311e-01 1.554918e+03 5.332736e+02
600534 2.496311e-01 1.104587e+03 3.049932e+02
900256 2.496311e-01 9.240778e+02 2.042115e+02
1200504 2.496311e-01 7.941758e+02 1.631338e+02
1500029 2.496311e-01 6.752580e+02 1.630450e+02
1800539 2.496311e-01 5.443760e+02 1.038914e+02
2100078 2.496311e-01 4.139030e+02 3.365918e+01
2400178 2.496311e-01 3.130336e+02 1.240641e+01
2700010 2.496311e-01 2.074307e+02 2.401613e+00
3000001 2.496311e-01 2.540226e+00 2.401613e+00
1350 2.507014e-01 5.968114e+03 3.608568e+03
301184 2.507014e-01 1.568950e+03 5.969008e+02
600534 2.507014e-01 1.103223e+03 9.744278e+01
900256 2.507014e-01 9.208341e+02 8.230073e+01
1200504 2.507014e-01 7.871814e+02 8.126180e+01
1500029 2.507014e-01 6.738412e+02 7.136551e+01
1800539 2.507014e-01 5.426314e+02 3.736751e+01
2100078 2.507014e-01 4.087653e+02 2.307667e+01
2400178 2.507014e-01 2.931793e+02 9.159052e+00
2700080 2.507014e-01 1.683205e+02 2.318338e+00
3000002 2.507014e-01 2.363875e+00 2.318338e+00
1350 2.501181e-01 6.033449e+03 3.699642e+03
301184 2.501181e-01 1.550763e+03 5.518406e+02
600534 2.501181e-01 1.097665e+03 2.488139e+02
900256 2.501181e-01 9.141973e+02 2.401233e+02
1200504 2.501181e-01 7.857310e+02 1.865120e+02
1500029 2.501181e-01 6.638404e+02 1.141841e+02
1800539 2.501181e-01 5.315591e+02 6.460186e+01
2100078 2.501181e-01 4.008123e+02 1.146347e+01
2400178 2.501181e-01 2.981787e+02 4.542945e+00
2700065 2.501181e-01 1.856123e+02 2.401613e+00
3000003 2.501181e-01 3.711850e+00 2.401613e+00
1350 2.517018e-01 6.018794e+03 3.665382e+03
301184 2.517018e-01 1.568013e+03 5.497550e+02
600534 2.517018e-01 1.099681e+03 1.967213e+02
900256 2.517018e-01 9.145690e+02 1.519711e+02
1200504 2.517018e-01 7.791064e+02 1.115002e+02
1500029 2.517018e-01 6.617157e+02 1.083882e+02
1800539 2.517018e-01 5.340449e+02 4.379530e+01
2100078 2.517018e-01 3.945488e+02 2.255173e+01
2400178 2.517018e-01 2.819664e+02 5.032532e+00
2700102 2.517018e-01 1.773382e+02 2.081870e-01
3000004 2.517018e-01 9.254498e-01 2.081870e-01
1350 2.491333e-01 5.993466e+03 3.367444e+03
301184 2.491333e-01 1.546428e+03 3.493063e+02
600534 2.491333e-01 1.091502e+03 2.474424e+02
900256 2.491333e-01 9.063905e+02 2.427503e+02
1200504 2.491333e-01 7.756042e+02 2.058457e+02
1500029 2.491333e-01 6.606916e+02 1.242982e+02
1800539 2.491333e-01 5.318606e+02 9.456354e+01
2100078 2.491333e-01 4.051582e+02 3.372655e+01
2400178 2.491333e-01 2.995306e+02 6.337043e+00
2700138 2.491333e-01 1.948943e+02 2.484888e+00
3000002 2.491333e-01 2.420308e+00 2.359975e+00
1350 2.489672e-01 5.985234e+03 3.295241e+03
301184 2.489672e-01 1.563902e+03 2.797440e+02
600534 2.489672e-01 1.113853e+03 2.331354e+02
900256 2.489672e-01 9.231927e+02 2.229849e+02
1200504 2.489672e-01 7.984207e+02 2.141338e+02
1500029 2.489672e-01 6.871200e+02 1.764991e+02
1800539 2.489672e-01 5.667320e+02 7.663519e+01
2100078 2.489672e-01 4.283902e+02 3.289397e+01
2400178 2.489672e-01 3.230223e+02 2.135715e+01
2700096 2.489672e-01 2.182885e+02 1.568984e+01
3000004 2.489672e-01 1.566208e+01 1.564820e+01
1350 2.511932e-01 6.013874e+03 3.564561e+03
301184 2.511932e-01 1.586719e+03 5.957629e+02
600534 2.511932e-01 1.113412e+03 2.335679e+02
900256 2.511932e-01 9.247021e+02 2.152724e+02
1200504 2.511932e-01 7.966966e+02 1.701883e+02
1500029 2.511932e-01 6.770032e+02 1.293766e+02
1800539 2.511932e-01 5.435391e+02 2.448792e+01
2100078 2.511932e-01 4.095143e+02 2.220827e+01
2400178 2.511932e-01 2.967706e+02 7.239882e+00
2700053 2.511932e-01 1.819197e+02 2.443250e+00
3000002 2.511932e-01 2.403528e+00 2.401613e+00
1350 2.485633e-01 5.966396e+03 3.678525e+03
301184 2.485633e-01 1.552717e+03 4.449411e+02
600534 2.485633e-01 1.099858e+03 2.737306e+02
900256 2.485633e-01 9.137421e+02 2.053285e+02
1200504 2.485633e-01 7.861647e+02 1.215447e+02
1500029 2.485633e-01 6.665991e+02 7.646561e+01
1800539 2.485633e-01 5.372893e+02 4.689924e+01
2100078 2.485633e-01 4.066805e+02 1.939339e+01
2400178 2.485633e-01 2.921959e+02 2.365736e+00
2700131 2.485633e-01 1.829808e+02 2.498244e-01
3000000 2.485633e-01 4.088608e+00 2.498244e-01
1350 2.501132e-01 5.991547e+03 3.477595e+03
301184 2.501132e-01 1.555489e+03 5.955956e+02
600534 2.501132e-01 1.099071e+03 3.702945e+02
900256 2.501132e-01 9.135213e+02 2.309781e+02
1200504 2.501132e-01 7.806988e+02 1.911749e+02
1500029 2.501132e-01 6.605509e+02 1.731144e+02
1800539 2.501132e-01 5.384273e+02 1.613388e+02
2100078 2.501132e-01 4.087805e+02 6.492159e+01
2400178 2.501132e-01 3.071679e+02 1.883130e+01
2700108 2.501132e-01 2.105008e+02 7.969833e+00
3000005 2.501132e-01 4.447642e+00 1.665496e-01
1350 2.517194e-01 6.000491e+03 3.627235e+03
301184 2.517194e-01 1.569285e+03 4.451085e+02
600534 2.517194e-01 1.104923e+03 2.791820e+02
900256 2.517194e-01 9.170763e+02 2.649904e+02
1200504 2.517194e-01 7.929705e+02 2.103335e+02
1500029 2.517194e-01 6.753904e+02 1.072910e+02
1800539 2.517194e-01 5.430233e+02 1.060760e+02
2100078 2.517194e-01 4.103128e+02 2.385699e+01
2400178 2.517194e-01 3.015088e+02 1.299896e+01
2700117 2.517194e-01 1.921754e+02 6.788464e+00
3000003 2.517194e-01 6.819326e+00 6.788464e+00
1350 2.508205e-01 5.996069e+03 3.279480e+03
301184 2.508205e-01 1.551203e+03 5.403792e+02
600534 2.508205e-01 1.092032e+03 2.503210e+02
900256 2.508205e-01 9.008099e+02 2.260267e+02
1200504 2.508205e-01 7.765453e+02 1.825120e+02
1500029 2.508205e-01 6.591706e+02 9.644635e+01
1800539 2.508205e-01 5.257940e+02 6.922173e+01
2100078 2.508205e-01 4.009628e+02 2.065684e+01
2400178 2.508205e-01 2.987139e+02 4.163073e+00
2700038 2.508205e-01 1.814268e+02 2.359975e+00
3000000 2.508205e-01 3.512397e+00 2.359975e+00
1350 2.505376e-01 6.025635e+03 3.727308e+03
301184 2.505376e-01 1.569722e+03 4.945940e+02
600534 2.505376e-01 1.095338e+03 1.277582e+02
900256 2.505376e-01 9.139814e+02 1.230143e+02
1200504 2.505376e-01 7.780303e+02 1.171668e+02
1500029 2.505376e-01 6.615678e+02 7.918027e+01
1800539 2.505376e-01 5.262178e+02 5.136867e+01
2100078 2.505376e-01 3.838343e+02 3.040814e+01
2400178 2.505376e-01 2.720550e+02 5.441392e+00
2700118 2.505376e-01 1.573995e+02 2.484888e+00
3000001 2.505376e-01 2.443250e+00 2.359975e+00
1350 2.500961e-01 5.968862e+03 3.537935e+03
301184 2.500961e-01 1.556895e+03 4.344847e+02
600534 2.500961e-01 1.096406e+03 3.147796e+02
900256 2.500961e-01 9.101125e+02 1.869234e+02
1200504 2.500961e-01 7.866405e+02 9.687152e+01
1500029 2.500961e-01 6.754418e+02 7.138990e+01
1800539 2.500961e-01 5.454199e+02 5.435621e+01
2100078 2.500961e-01 4.119926e+02 1.532332e+01
2400178 2.500961e-01 3.049446e+02 1.427607e+00
2700037 2.500961e-01 1.916233e+02 2.081870e-01
3000005 2.500961e-01 1.321593e+00 2.081870e-01
1350 2.483818e-01 6.002902e+03 3.685432e+03
301184 2.483818e-01 1.579131e+03 6.358506e+02
600534 2.483818e-01 1.110637e+03 2.478996e+02
900256 2.483818e-01 9.331169e+02 1.930908e+02
1200504 2.483818e-01 8.007187e+02 1.728585e+02
1500029 2.483818e-01 6.826299e+02 7.694398e+01
1800539 2.483818e-01 5.464422e+02 3.986647e+01
2100078 2.483818e-01 4.021682e+02 1.317460e+01
2400178 2.483818e-01 2.918063e+02 2.167275e+00
2700125 2.483818e-01 1.789723e+02 2.081870e-01
2999993 2.485657e-01 1.249122e-01 4.163739e-02
1350 2.482733e-01 5.997419e+03 3.522504e+03
301184 2.482733e-01 1.556153e+03 4.584284e+02
600534 2.482733e-01 1.097636e+03 2.723108e+02
900256 2.482733e-01 9.123957e+02 1.177529e+02
1200504 2.482733e-01 7.806844e+02 7.762527e+01
1500029 2.482733e-01 6.657718e+02 7.752915e+01
1800539 2.482733e-01 5.358295e+02 2.427830e+01
2100078 2.482733e-01 4.086920e+02 7.614162e+00
2400178 2.482733e-01 2.955526e+02 6.876946e+00
2700069 2.482733e-01 1.775206e+02 4.553401e+00
3000005 2.482733e-01 6.043258e-01 2.498244e-01
1350 2.495577e-01 5.966365e+03 3.542784e+03
301184 2.495577e-01 1.556434e+03 4.957501e+02
600534 2.495577e-01 1.099569e+03 2.245605e+02
900256 2.495577e-01 9.183108e+02 1.630094e+02
1200504 2.495577e-01 7.928177e+02 1.496105e+02
1500029 2.495577e-01 6.791383e+02 1.489993e+02
1800539 2.495577e-01 5.535109e+02 1.370303e+02
2100078 2.495577e-01 4.115846e+02 1.100180e+01
2400178 2.495577e-01 3.007946e+02 5.284816e+00
2700013 2.495577e-01 1.733134e+02 4.595039e+00
3000005 2.495577e-01 2.359975e+00 2.359975e+00
1350 2.488993e-01 5.995336e+03 3.354802e+03
301184 2.488993e-01 1.575785e+03 3.765800e+02
600534 2.488993e-01 1.115868e+03 2.015057e+02
900256 2.488993e-01 9.208966e+02 1.966987e+02
1200504 2.488993e-01 8.029316e+02 1.738378e+02
1500029 2.488993e-01 6.835998e+02 7.692300e+01
1800539 2.488993e-01 5.627257e+02 6.015672e+01
2100078 2.488993e-01 4.278817e+02 1.945228e+01
2400178 2.488993e-01 3.184301e+02 7.711066e+00
2700105 2.488993e-01 2.066212e+02 2.484888e+00
3000002 2.488993e-01 1.712108e+00 1.665496e-01
1350 2.490368e-01 6.054697e+03 3.745410e+03
301184 2.490368e-01 1.555017e+03 5.305726e+02
600534 2.490368e-01 1.103563e+03 2.244967e+02
900256 2.490368e-01 9.172165e+02 1.656173e+02
1200504 2.490368e-01 7.919697e+02 1.419131e+02
1500029 2.490368e-01 6.755057e+02 1.021350e+02
1800539 2.490368e-01 5.492290e+02 3.371593e+01
2100078 2.490368e-01 4.062006e+02 2.632402e+01
2400178 2.490368e-01 2.947548e+02 9.973293e+00
2700021 2.490368e-01 1.779081e+02 2.484888e+00
3000002 2.490368e-01 2.484888e+00 2.484888e+00
1350 2.496526e-01 6.002935e+03 3.408268e+03
301184 2.496526e-01 1.557629e+03 4.840702e+02
600534 2.496526e-01 1.108502e+03 2.926312e+02
900256 2.496526e-01 9.218669e+02 1.815433e+02
1200504 2.496526e-01 7.904793e+02 1.764673e+02
1500029 2.496526e-01 6.760682e+02 1.665316e+02
1800539 2.496526e-01 5.403251e+02 6.164917e+01
2100078 2.496526e-01 4.118418e+02 8.453332e+00
2400178 2.496526e-01 3.057394e+02 1.361182e+00
2700036 2.496526e-01 1.882755e+02 1.665496e-01
3000005 2.496526e-01 2.009365e+00 1.665496e-01
1350 2.502708e-01 6.015103e+03 3.532000e+03
301184 2.502708e-01 1.575127e+03 6.140788e+02
600534 2.502708e-01 1.106215e+03 3.581535e+02
900256 2.502708e-01 9.214588e+02 1.791729e+02
1200504 2.502708e-01 7.906262e+02 7.772310e+01
1500029 2.502708e-01 6.636720e+02 6.946162e+01
1800539 2.502708e-01 5.259863e+02 4.022442e+01
2100078 2.502708e-01 3.955782e+02 2.364771e+01
2400178 2.502708e-01 2.919015e+02 9.654652e+00
2700000 2.502708e-01 1.759517e+02 4.636676e+00
3000004 2.502708e-01 2.443250e+00 2.443250e+00
1350 2.497022e-01 5.979122e+03 3.798099e+03
301184 2.497022e-01 1.525931e+03 4.352900e+02
600534 2.497022e-01 1.083442e+03 2.649267e+02
900256 2.497022e-01 9.039019e+02 2.269934e+02
1200504 2.497022e-01 7.764769e+02 7.057191e+01
1500029 2.497022e-01 6.625107e+02 3.576996e+01
1800539 2.497022e-01 5.382926e+02 3.530331e+01
2100078 2.497022e-01 4.105290e+02 3.329174e+01
2400178 2.497022e-01 2.971177e+02 2.302469e+01
2700069 2.497022e-01 1.927662e+02 1.902300e+01
3000005 2.497022e-01 1.615513e+00 8.327479e-02
1350 2.499288e-01 6.040135e+03 3.822360e+03
301184 2.499288e-01 1.557634e+03 5.328529e+02
600534 2.499288e-01 1.094988e+03 2.801658e+02
900256 2.499288e-01 9.161830e+02 1.665539e+02
1200504 2.499288e-01 7.915493e+02 1.190308e+02
1500029 2.499288e-01 6.796388e+02 9.756133e+01
1800539 2.499288e-01 5.581600e+02 9.751938e+01
2100078 2.499288e-01 4.130757e+02 1.301311e+01
2400178 2.499288e-01 2.994239e+02 6.330179e+00
2700036 2.499288e-01 1.920745e+02 2.443250e+00
3000003 2.499288e-01 6.292525e+00 2.443250e+00
1350 2.501657e-01 5.952957e+03 3.550847e+03
301184 2.501657e-01 1.547498e+03 3.816383e+02
600534 2.501657e-01 1.095280e+03 2.576722e+02
900256 2.501657e-01 9.105119e+02 2.416354e+02
1200504 2.501657e-01 7.764737e+02 1.765877e+02
1500029 2.501657e-01 6.546024e+02 7.718858e+01
1800539 2.501657e-01 5.279059e+02 3.826931e+01
2100078 2.501657e-01 4.000981e+02 1.223070e+01
2400178 2.501657e-01 2.939984e+02 5.919169e+00
2700038 2.501657e-01 1.685280e+02 4.678313e+00
3000005 2.501657e-01 3.542949e+00 2.401613e+00
1350 2.514127e-01 6.015409e+03 3.505231e+03
301184 2.514127e-01 1.565337e+03 4.689824e+02
600534 2.514127e-01 1.098200e+03 2.241595e+02
900256 2.514127e-01 9.090304e+02 1.881067e+02
1200504 2.514127e-01 7.767661e+02 1.703042e+02
1500029 2.514127e-01 6.611366e+02 1.418927e+02
1800539 2.514127e-01 5.380159e+02 8.160571e+01
2100078 2.514127e-01 4.021175e+02 3.527804e+01
2400178 2.514127e-01 2.925732e+02 1.086803e+01
2700092 2.514127e-01 1.742482e+02 2.401613e+00
3000000 2.514127e-01 2.401613e+00 2.401613e+00
1350 2.488899e-01 5.994670e+03 3.541645e+03
301184 2.488899e-01 1.563439e+03 4.936995e+02
600534 2.488899e-01 1.100256e+03 2.362901e+02
900256 2.488899e-01 9.155776e+02 2.154039e+02
1200504 2.488899e-01 7.924264e+02 4.576513e+01
1500029 2.488899e-01 6.792741e+02 3.341368e+01
1800539 2.488899e-01 5.531655e+02 3.095543e+01
2100078 2.488899e-01 4.051836e+02 2.173722e+01
2400178 2.488899e-01 2.931420e+02 8.860774e+00
2700132 2.488899e-01 1.820733e+02 2.443250e+00
3000001 2.488899e-01 3.154766e+00 2.359975e+00
1350 2.507241e-01 6.022430e+03 3.161142e+03
301184 2.507241e-01 1.560424e+03 5.072149e+02
600534 2.507241e-01 1.085973e+03 2.645324e+02
900256 2.507241e-01 8.986105e+02 1.815830e+02
1200504 2.507241e-01 7.735942e+02 7.747836e+01
1500029 2.507241e-01 6.582090e+02 6.952567e+01
1800539 2.507241e-01 5.391243e+02 2.942850e+01
2100078 2.507241e-01 3.944123e+02 1.269019e+01
2400178 2.507241e-01 2.859633e+02 7.875250e+00
2700093 2.507241e-01 1.795222e+02 4.636676e+00
3000005 2.507241e-01 9.462685e-01 2.081870e-01
1350 2.500212e-01 5.999680e+03 2.861887e+03
301184 2.500212e-01 1.557621e+03 4.084808e+02
600534 2.500212e-01 1.099027e+03 1.583091e+02
900256 2.500212e-01 9.214701e+02 1.345641e+02
1200504 2.500212e-01 7.881429e+02 1.342477e+02
1500029 2.500212e-01 6.801891e+02 1.063755e+02
1800539 2.500212e-01 5.562141e+02 4.663612e+01
2100078 2.500212e-01 4.239923e+02 2.496136e+01
2400178 2.500212e-01 3.151866e+02 6.738566e+00
2700124 2.500212e-01 1.986929e+02 2.359975e+00
3000002 2.500212e-01 6.576820e-01 2.914618e-01
1350 2.508352e-01 5.981408e+03 3.569992e+03
301184 2.508352e-01 1.552594e+03 3.507554e+02
600534 2.508352e-01 1.092055e+03 2.732830e+02
900256 2.508352e-01 9.073808e+02 2.315999e+02
1200504 2.508352e-01 7.860029e+02 1.864389e+02
1500029 2.508352e-01 6.661852e+02 1.287834e+02
1800539 2.508352e-01 5.379144e+02 1.024501e+02
2100078 2.508352e-01 4.064565e+02 2.864987e+01
2400178 2.508352e-01 3.065480e+02 1.097864e+01
2700088 2.508352e-01 1.889740e+02 2.401613e+00
3000000 2.508352e-01 5.553862e+00 2.401613e+00
1350 2.499370e-01 5.978136e+03 3.471988e+03
301184 2.499370e-01 1.569882e+03 5.168838e+02
600534 2.499370e-01 1.104051e+03 2.542131e+02
900256 2.499370e-01 9.191011e+02 2.258426e+02
1200504 2.499370e-01 7.977320e+02 1.751439e+02
1500029 2.499370e-01 6.820389e+02 1.679262e+02
1800539 2.499370e-01 5.499463e+02 1.624886e+02
2100078 2.499370e-01 4.043334e+02 1.991527e+01
2400178 2.499370e-01 2.957259e+02 7.566859e+00
2700091 2.499370e-01 1.823957e+02 2.401613e+00
3000000 2.499370e-01 6.313354e+00 2.401613e+00
1350 2.505661e-01 5.985788e+03 3.319752e+03
301184 2.505661e-01 1.545667e+03 5.931145e+02
600534 2.505661e-01 1.098000e+03 1.334330e+02
900256 2.505661e-01 9.102540e+02 1.074985e+02
1200504 2.505661e-01 7.795878e+02 9.948087e+01
1500029 2.505661e-01 6.547064e+02 8.153395e+01
1800539 2.505661e-01 5.324468e+02 5.429674e+01
2100078 2.505661e-01 3.907279e+02 1.609927e+01
2400178 2.505661e-01 2.768510e+02 9.601733e+00
2700033 2.505661e-01 1.690283e+02 2.318338e+00
3000000 2.505661e-01 2.569636e+00 2.081870e-01
2.10e+00 (2.94e+00): 
2.401613e+00 2.318338e+00 2.401613e+00 2.081870e-01 2.359975e+00 1.564820e+01 2.401613e+00 2.498244e-01 1.665496e-01 6.788464e+00 2.359975e+00 2.359975e+00 2.081870e-01 4.163739e-02 2.498244e-01 2.359975e+00 1.665496e-01 2.484888e+00 1.665496e-01 2.443250e+00 8.327479e-02 2.443250e+00 2.401613e+00 2.401613e+00 2.359975e+00 2.081870e-01 2.914618e-01 2.401613e+00 2.401613e+00 2.081870e-01 1350 2.496311e-01 6.029890e+03 3.391389e+03
300466 2.496311e-01 1.589037e+03 4.860504e+02
600052 2.496311e-01 1.102701e+03 1.829238e+02
900244 2.496311e-01 9.143921e+02 1.805390e+02
1200624 2.496311e-01 7.828805e+02 9.414080e+01
1500104 2.496311e-01 6.773849e+02 5.896231e+01
1800406 2.496311e-01 5.520317e+02 2.928238e+01
2100119 2.496311e-01 4.113157e+02 2.505614e+01
2400061 2.496311e-01 3.013712e+02 1.785962e+01
2700014 2.496311e-01 1.885113e+02 6.871739e+00
3000005 2.496311e-01 2.081870e-01 2.081870e-01
1350 2.507014e-01 5.968114e+03 3.608568e+03
301170 2.507014e-01 1.596419e+03 6.176451e+02
600971 2.507014e-01 1.098712e+03 3.289093e+02
900894 2.507014e-01 9.127134e+02 2.692361e+02
1200547 2.507014e-01 7.786896e+02 1.955837e+02
1500551 2.507014e-01 6.581195e+02 1.767323e+02
1800537 2.507014e-01 5.409669e+02 1.540673e+02
2100174 2.507014e-01 4.046930e+02 1.390554e+02
2400155 2.507014e-01 3.009617e+02 2.452697e+01
2700022 2.507014e-01 1.966469e+02 5.432345e+00
2999995 2.508872e-01 1.665496e-01 1.665496e-01
1350 2.501181e-01 6.033449e+03 3.699642e+03
300673 2.501181e-01 1.597698e+03 5.230551e+02
600905 2.501181e-01 1.113034e+03 3.702231e+02
900046 2.501181e-01 9.257609e+02 3.015078e+02
1200393 2.501181e-01 7.911801e+02 1.683826e+02
1500251 2.501181e-01 6.698853e+02 1.443246e+02
1800426 2.501181e-01 5.388145e+02 6.040199e+01
2100124 2.501181e-01 4.026322e+02 1.330847e+01
2400169 2.501181e-01 2.920869e+02 7.784514e+00
2700031 2.501181e-01 1.849552e+02 2.568162e+00
3000005 2.501181e-01 2.498244e-01 2.498244e-01
1350 2.517018e-01 6.018794e+03 3.665382e+03
300856 2.517018e-01 1.572756e+03 4.628184e+02
600279 2.517018e-01 1.100509e+03 1.855855e+02
900919 2.517018e-01 9.180400e+02 1.662912e+02
1200309 2.517018e-01 7.814768e+02 1.636858e+02
1500539 2.517018e-01 6.629279e+02 1.567025e+02
1800032 2.517018e-01 5.348451e+02 8.395527e+01
2100118 2.517018e-01 4.046498e+02 1.531626e+01
2400187 2.517018e-01 2.963386e+02 2.487736e+00
2700075 2.517018e-01 1.912195e+02 2.498244e-01
3000001 2.517018e-01 2.567639e-01 2.498244e-01
1350 2.491333e-01 5.993466e+03 3.367444e+03
300951 2.491333e-01 1.594507e+03 4.987661e+02
600946 2.491333e-01 1.109672e+03 2.984932e+02
900094 2.491333e-01 9.211247e+02 1.623812e+02
1200348 2.491333e-01 7.938953e+02 1.045115e+02
1500188 2.491333e-01 6.742990e+02 7.301904e+01
1800420 2.491333e-01 5.438413e+02 4.591568e+01
2100387 2.491333e-01 4.015720e+02 1.773335e+01
2400221 2.491333e-01 2.856994e+02 5.888234e+00
2700097 2.491333e-01 1.712394e+02 2.081870e-01
3000004 2.491333e-01 2.081870e-01 2.081870e-01
1350 2.489672e-01 5.985234e+03 3.295241e+03
300321 2.489672e-01 1.600729e+03 4.879494e+02
600415 2.489672e-01 1.114647e+03 2.631665e+02
900713 2.489672e-01 9.223374e+02 1.905330e+02
1200125 2.489672e-01 7.954095e+02 1.903302e+02
1500663 2.489672e-01 6.687658e+02 9.092332e+01
1800003 2.489672e-01 5.429055e+02 5.934988e+01
2100228 2.489672e-01 4.066735e+02 1.115009e+01
2400228 2.489672e-01 2.996953e+02 7.422420e+00
2700125 2.489672e-01 1.938829e+02 4.553401e+00
3000002 2.489672e-01 6.770884e+00 4.553401e+00
1350 2.511932e-01 6.013874e+03 3.564561e+03
300427 2.511932e-01 1.577421e+03 4.977571e+02
600310 2.511932e-01 1.099651e+03 2.011660e+02
900007 2.511932e-01 9.087666e+02 1.583961e+02
1200733 2.511932e-01 7.784947e+02 1.094372e+02
1500675 2.511932e-01 6.641597e+02 1.048500e+02
1800340 2.511932e-01 5.396821e+02 5.533813e+01
2100172 2.511932e-01 4.063856e+02 2.880071e+01
2400152 2.511932e-01 2.980819e+02 6.050035e+00
2700088 2.511932e-01 1.884454e+02 2.081870e-01
3000003 2.511932e-01 2.081870e-01 2.081870e-01
1350 2.485633e-01 5.966396e+03 3.678525e+03
300785 2.485633e-01 1.555839e+03 2.909025e+02
600075 2.485633e-01 1.082325e+03 1.962908e+02
901182 2.485633e-01 8.942667e+02 1.867688e+02
1200004 2.485633e-01 7.654151e+02 1.831238e+02
1500301 2.485633e-01 6.503694e+02 1.585123e+02
1800110 2.485633e-01 5.248248e+02 7.048699e+01
2100136 2.485633e-01 3.961342e+02 4.205226e+01
2400134 2.485633e-01 2.949398e+02 7.114343e+00
2700040 2.485633e-01 1.896773e+02 2.359975e+00
3000004 2.485633e-01 2.081870e-01 2.081870e-01
1350 2.501132e-01 5.991547e+03 3.477595e+03
300691 2.501132e-01 1.576535e+03 4.353037e+02
600562 2.501132e-01 1.105426e+03 2.849598e+02
900680 2.501132e-01 9.157034e+02 1.852170e+02
1200181 2.501132e-01 7.869455e+02 1.803297e+02
1500593 2.501132e-01 6.661643e+02 1.638968e+02
1800465 2.501132e-01 5.384573e+02 1.116661e+02
2100061 2.501132e-01 4.096992e+02 1.858119e+01
2400212 2.501132e-01 2.998145e+02 2.973378e+00
2700107 2.501132e-01 1.984170e+02 2.359975e+00
2999989 2.502985e-01 9.809663e-01 2.914618e-01
1350 2.517194e-01 6.000491e+03 3.627235e+03
300497 2.517194e-01 1.620598e+03 6.147458e+02
600538 2.517194e-01 1.118791e+03 3.753977e+02
900898 2.517194e-01 9.302314e+02 2.282435e+02
1200498 2.517194e-01 7.993104e+02 2.039550e+02
1500445 2.517194e-01 6.806180e+02 1.490642e+02
1800126 2.517194e-01 5.518210e+02 5.627981e+01
2100101 2.517194e-01 4.208935e+02 1.770127e+01
2400206 2.517194e-01 3.180117e+02 4.522838e+00
2700083 2.517194e-01 2.134323e+02 2.498244e-01
3000003 2.517194e-01 2.498244e-01 2.498244e-01
1350 2.508205e-01 5.996069e+03 3.279480e+03
300937 2.508205e-01 1.584563e+03 5.936150e+02
600357 2.508205e-01 1.102191e+03 4.045839e+02
900100 2.508205e-01 9.094987e+02 2.615753e+02
1200456 2.508205e-01 7.761149e+02 1.446807e+02
1500538 2.508205e-01 6.559608e+02 1.121897e+02
1800531 2.508205e-01 5.213457e+02 5.988971e+01
2100132 2.508205e-01 3.919088e+02 2.416797e+01
2400173 2.508205e-01 2.915879e+02 4.943548e+00
2700049 2.508205e-01 1.949387e+02 3.363831e+00
3000001 2.508205e-01 2.401613e+00 2.401613e+00
1350 2.505376e-01 6.025635e+03 3.727308e+03
300053 2.505376e-01 1.594700e+03 5.280889e+02
600264 2.505376e-01 1.108767e+03 3.170568e+02
900609 2.505376e-01 9.250155e+02 2.648473e+02
1200046 2.505376e-01 7.932747e+02 1.869471e+02
1500194 2.505376e-01 6.742182e+02 1.500264e+02
1800494 2.505376e-01 5.431701e+02 6.218468e+01
2100093 2.505376e-01 4.062704e+02 3.011327e+01
2400174 2.505376e-01 2.972199e+02 1.199723e+01
2700025 2.505376e-01 1.994857e+02 2.081870e-01
3000003 2.505376e-01 2.081870e-01 2.081870e-01
1350 2.500961e-01 5.968862e+03 3.537935e+03
301190 2.500961e-01 1.577720e+03 4.853754e+02
600151 2.500961e-01 1.101780e+03 2.816184e+02
900175 2.500961e-01 9.080373e+02 1.059014e+02
1200605 2.500961e-01 7.820226e+02 6.726339e+01
1500479 2.500961e-01 6.674053e+02 6.304866e+01
1800135 2.500961e-01 5.451509e+02 5.673527e+01
2100153 2.500961e-01 4.107750e+02 3.173033e+01
2400040 2.500961e-01 3.045528e+02 6.654605e+00
2700011 2.500961e-01 1.904235e+02 2.081870e-01
3000005 2.500961e-01 2.081870e-01 2.081870e-01
1350 2.483818e-01 6.002902e+03 3.685432e+03
300084 2.483818e-01 1.583189e+03 6.113455e+02
600836 2.483818e-01 1.122857e+03 2.705402e+02
900563 2.483818e-01 9.301236e+02 1.660828e+02
1200039 2.483818e-01 8.009866e+02 1.560517e+02
1500048 2.483818e-01 6.780980e+02 1.343963e+02
1800480 2.483818e-01 5.552265e+02 1.316911e+02
2100148 2.483818e-01 4.130874e+02 3.471615e+01
2400182 2.483818e-01 3.030590e+02 5.617264e+00
2700029 2.483818e-01 1.951263e+02 4.595039e+00
3000002 2.483818e-01 1.656592e+00 1.665496e-01
1350 2.482733e-01 5.997419e+03 3.522504e+03
300591 2.482733e-01 1.573863e+03 4.713177e+02
600761 2.482733e-01 1.098799e+03 2.707506e+02
900453 2.482733e-01 9.074544e+02 2.420055e+02
1200078 2.482733e-01 7.686045e+02 1.066422e+02
1500078 2.482733e-01 6.517184e+02 7.524931e+01
1800227 2.482733e-01 5.388263e+02 6.774899e+01
2100100 2.482733e-01 4.026955e+02 3.053332e+01
2400181 2.482733e-01 2.874885e+02 1.500149e+01
2700111 2.482733e-01 1.723710e+02 4.595039e+00
2999987 2.484572e-01 1.981146e+00 1.249122e-01
1350 2.495577e-01 5.966365e+03 3.542784e+03
300849 2.495577e-01 1.569303e+03 4.606032e+02
601426 2.495577e-01 1.103169e+03 2.774972e+02
900792 2.495577e-01 9.138622e+02 1.874365e+02
1200347 2.495577e-01 7.820584e+02 1.497798e+02
1500165 2.495577e-01 6.663046e+02 1.435510e+02
1800104 2.495577e-01 5.395601e+02 5.916713e+01
2100270 2.495577e-01 4.038686e+02 2.375831e+01
2400049 2.495577e-01 3.024095e+02 1.162770e+01
2700087 2.495577e-01 1.895901e+02 2.081870e-01
3000004 2.495577e-01 2.081870e-01 2.081870e-01
1350 2.488993e-01 5.995336e+03 3.354802e+03
301028 2.488993e-01 1.579876e+03 5.307402e+02
600556 2.488993e-01 1.112680e+03 3.075139e+02
900904 2.488993e-01 9.245946e+02 2.395452e+02
1200267 2.488993e-01 7.956134e+02 1.714131e+02
1500466 2.488993e-01 6.721722e+02 7.663202e+01
1800513 2.488993e-01 5.444337e+02 2.678026e+01
2100180 2.488993e-01 4.074172e+02 1.879430e+01
2400007 2.488993e-01 3.025442e+02 9.124170e+00
2700107 2.488993e-01 1.993085e+02 2.526525e+00
3000001 2.488993e-01 2.526525e+00 2.526525e+00
1350 2.490368e-01 6.054697e+03 3.745410e+03
300482 2.490368e-01 1.583596e+03 5.495598e+02
601067 2.490368e-01 1.108514e+03 2.061096e+02
900408 2.490368e-01 9.165632e+02 1.838885e+02
1200677 2.490368e-01 7.838047e+02 8.982285e+01
1500415 2.490368e-01 6.733127e+02 6.352092e+01
1800030 2.490368e-01 5.438558e+02 4.235003e+01
2100107 2.490368e-01 4.067140e+02 1.534302e+01
2400017 2.490368e-01 3.017763e+02 1.057356e+01
2700009 2.490368e-01 1.957309e+02 4.553401e+00
3000004 2.490368e-01 1.635724e+00 1.665496e-01
1350 2.496526e-01 6.002935e+03 3.408268e+03
300921 2.496526e-01 1.589192e+03 5.200916e+02
600030 2.496526e-01 1.113538e+03 2.751104e+02
900778 2.496526e-01 9.220964e+02 2.550554e+02
1200156 2.496526e-01 7.928425e+02 1.799845e+02
1500222 2.496526e-01 6.757744e+02 1.620155e+02
1800514 2.496526e-01 5.508179e+02 6.400980e+01
2100182 2.496526e-01 4.100856e+02 2.983825e+01
2400253 2.496526e-01 3.011539e+02 1.671889e+01
2700011 2.496526e-01 1.882409e+02 2.318338e+00
3000005 2.496526e-01 8.327479e-02 8.327479e-02
1350 2.502708e-01 6.015103e+03 3.532000e+03
301202 2.502708e-01 1.578487e+03 5.323866e+02
601023 2.502708e-01 1.096489e+03 2.942473e+02
900607 2.502708e-01 9.105566e+02 2.138707e+02
1200079 2.502708e-01 7.796896e+02 1.459457e+02
1500355 2.502708e-01 6.703989e+02 8.214683e+01
1800076 2.502708e-01 5.473900e+02 4.512944e+01
2100241 2.502708e-01 4.064647e+02 1.642780e+01
2400043 2.502708e-01 2.974691e+02 8.468854e+00
2700025 2.502708e-01 1.841678e+02 2.498244e-01
3000000 2.502708e-01 2.220661e-01 1.665496e-01
1350 2.497022e-01 5.979122e+03 3.798099e+03
300505 2.497022e-01 1.568595e+03 4.660467e+02
600843 2.497022e-01 1.095276e+03 2.363561e+02
900142 2.497022e-01 9.100847e+02 2.250092e+02
1200550 2.497022e-01 7.800699e+02 1.321729e+02
1500405 2.497022e-01 6.645391e+02 7.447947e+01
1800084 2.497022e-01 5.448342e+02 6.243191e+01
2100133 2.497022e-01 4.038965e+02 2.342081e+01
2400144 2.497022e-01 2.895655e+02 6.787775e+00
2700111 2.497022e-01 1.876853e+02 2.318338e+00
3000005 2.497022e-01 1.665496e-01 1.665496e-01
1350 2.499288e-01 6.040135e+03 3.822360e+03
300166 2.499288e-01 1.580472e+03 4.779455e+02
601017 2.499288e-01 1.107012e+03 2.264860e+02
900901 2.499288e-01 9.243570e+02 2.217895e+02
1200555 2.499288e-01 7.919938e+02 1.697393e+02
1500148 2.499288e-01 6.758855e+02 1.068306e+02
1800166 2.499288e-01 5.513551e+02 6.814663e+01
2100142 2.499288e-01 4.113588e+02 2.511172e+01
2400258 2.499288e-01 2.987541e+02 1.551980e+01
2700107 2.499288e-01 1.905217e+02 9.023528e+00
3000000 2.499288e-01 6.071202e+00 4.595039e+00
1350 2.501657e-01 5.952957e+03 3.550847e+03
300458 2.501657e-01 1.587729e+03 6.011962e+02
601014 2.501657e-01 1.099977e+03 3.575020e+02
900174 2.501657e-01 9.134827e+02 2.159497e+02
1200451 2.501657e-01 7.851114e+02 2.031688e+02
1500305 2.501657e-01 6.620578e+02 1.718083e+02
1800372 2.501657e-01 5.390188e+02 8.056066e+01
2100031 2.501657e-01 3.953823e+02 2.866440e+01
2400187 2.501657e-01 2.886101e+02 9.414594e+00
2700131 2.501657e-01 1.805053e+02 4.595039e+00
3000002 2.501657e-01 2.359975e+00 2.359975e+00
1350 2.514127e-01 6.015409e+03 3.505231e+03
300702 2.514127e-01 1.580953e+03 6.063251e+02
600982 2.514127e-01 1.099256e+03 3.878015e+02
900783 2.514127e-01 9.227752e+02 2.267486e+02
1200242 2.514127e-01 7.859667e+02 1.867415e+02
1500672 2.514127e-01 6.680400e+02 1.805090e+02
1800390 2.514127e-01 5.416034e+02 9.023167e+01
2100075 2.514127e-01 4.028489e+02 1.914905e+01
2400106 2.514127e-01 2.929102e+02 4.683884e+00
2700111 2.514127e-01 1.851365e+02 1.249122e-01
3000004 2.514127e-01 3.693705e+00 1.249122e-01
1350 2.488899e-01 5.994670e+03 3.541645e+03
300887 2.488899e-01 1.583076e+03 5.278406e+02
600692 2.488899e-01 1.100936e+03 2.836541e+02
900424 2.488899e-01 9.195904e+02 1.919176e+02
1200249 2.488899e-01 7.872993e+02 1.486889e+02
1500185 2.488899e-01 6.702577e+02 1.031874e+02
1800348 2.488899e-01 5.394143e+02 9.526698e+01
2100260 2.488899e-01 4.030096e+02 1.847137e+01
2400000 2.488899e-01 2.963031e+02 1.220362e+01
2700076 2.488899e-01 1.929002e+02 1.249122e-01
3000000 2.488899e-01 3.485411e+00 1.249122e-01
1350 2.507241e-01 6.022430e+03 3.161142e+03
300421 2.507241e-01 1.600434e+03 6.813148e+02
600181 2.507241e-01 1.114397e+03 2.897042e+02
900128 2.507241e-01 9.236631e+02 2.252524e+02
1200516 2.507241e-01 7.911303e+02 1.654596e+02
1500120 2.507241e-01 6.692318e+02 6.401751e+01
1800379 2.507241e-01 5.394786e+02 4.252442e+01
2100394 2.507241e-01 4.100703e+02 4.001113e+01
2400173 2.507241e-01 2.981482e+02 6.445910e+00
2700129 2.507241e-01 1.887458e+02 2.359975e+00
2999927 2.509098e-01 2.339158e+00 2.318338e+00
1350 2.500212e-01 5.999680e+03 2.861887e+03
301044 2.500212e-01 1.568311e+03 5.839220e+02
600359 2.500212e-01 1.104026e+03 2.607843e+02
900115 2.500212e-01 9.182228e+02 2.515915e+02
1200326 2.500212e-01 7.850633e+02 2.315202e+02
1500348 2.500212e-01 6.632213e+02 1.711822e+02
1800330 2.500212e-01 5.380457e+02 1.036446e+02
2100119 2.500212e-01 4.000076e+02 2.621980e+01
2400399 2.500212e-01 2.970344e+02 1.384448e+01
2700123 2.500212e-01 1.888657e+02 7.969833e+00
3000000 2.500212e-01 2.914618e-01 2.914618e-01
1350 2.508352e-01 5.981408e+03 3.569992e+03
300531 2.508352e-01 1.572862e+03 4.857045e+02
601033 2.508352e-01 1.096941e+03 2.598002e+02
900757 2.508352e-01 9.138590e+02 1.903629e+02
1200316 2.508352e-01 7.810221e+02 1.166967e+02
1500323 2.508352e-01 6.572648e+02 8.615683e+01
1800023 2.508352e-01 5.345616e+02 5.863469e+01
2100098 2.508352e-01 3.923846e+02 1.557184e+01
2400181 2.508352e-01 2.872342e+02 8.809051e+00
2700104 2.508352e-01 1.749144e+02 2.359975e+00
3000001 2.508352e-01 2.359975e+00 2.359975e+00
1350 2.499370e-01 5.978136e+03 3.471988e+03
301062 2.499370e-01 1.572197e+03 4.125380e+02
600426 2.499370e-01 1.110882e+03 3.424584e+02
900770 2.499370e-01 9.267480e+02 1.965968e+02
1200190 2.499370e-01 7.987752e+02 1.273666e+02
1500476 2.499370e-01 6.717649e+02 6.273685e+01
1800133 2.499370e-01 5.469409e+02 3.977770e+01
2100120 2.499370e-01 4.167756e+02 3.597535e+01
2400207 2.499370e-01 3.021696e+02 1.167843e+01
2700011 2.499370e-01 1.862817e+02 6.913377e+00
3000003 2.499370e-01 2.443250e+00 2.443250e+00
1350 2.505661e-01 5.985788e+03 3.319752e+03
300768 2.505661e-01 1.592916e+03 6.064509e+02
600356 2.505661e-01 1.109531e+03 2.891075e+02
900263 2.505661e-01 9.204795e+02 2.472851e+02
1200250 2.505661e-01 7.889049e+02 2.054094e+02
1500182 2.505661e-01 6.718651e+02 1.917672e+02
1800259 2.505661e-01 5.473568e+02 9.421461e+01
2100226 2.505661e-01 4.014304e+02 2.103163e+01
2400138 2.505661e-01 2.867568e+02 7.595826e+00
2700136 2.505661e-01 1.732569e+02 2.401613e+00
3000000 2.505661e-01 8.838124e-01 1.249122e-01
9.25e-01 (1.33e+00): 
2.081870e-01 1.665496e-01 2.498244e-01 2.498244e-01 2.081870e-01 4.553401e+00 2.081870e-01 2.081870e-01 2.914618e-01 2.498244e-01 2.401613e+00 2.081870e-01 2.081870e-01 1.665496e-01 1.249122e-01 2.081870e-01 2.526525e+00 1.665496e-01 8.327479e-02 1.665496e-01 1.665496e-01 4.595039e+00 2.359975e+00 1.249122e-01 1.249122e-01 2.318338e+00 2.914618e-01 2.359975e+00 2.443250e+00 1.249122e-01 