2400 2.506985e-01 3.319251e+04 4.929842e+03
1000015 2.506985e-01 8.967230e+03 1.172064e+03
2001837 2.506985e-01 7.131597e+03 8.335333e+02
3001330 2.506985e-01 5.574741e+03 5.187135e+02
4001024 2.506985e-01 1.982148e+03 2.008032e+02
5000223 2.506985e-01 4.551796e-09 6.821210e-13
6000265 2.506985e-01 0.000000e+00 0.000000e+00
7000568 2.506985e-01 0.000000e+00 0.000000e+00
8000191 2.506985e-01 0.000000e+00 0.000000e+00
9000094 2.506985e-01 0.000000e+00 0.000000e+00
10000001 2.506985e-01 0.000000e+00 0.000000e+00
2400 2.506362e-01 3.339934e+04 7.644546e+03
1001004 2.506362e-01 8.945273e+03 1.389394e+03
2000776 2.506362e-01 7.025822e+03 1.018132e+03
3000474 2.506362e-01 5.625861e+03 6.243440e+02
4000119 2.506362e-01 4.354202e+03 3.669112e+02
5000266 2.506362e-01 1.562081e+03 1.928045e+02
6000330 2.506362e-01 1.162814e-13 0.000000e+00
7000618 2.506362e-01 0.000000e+00 0.000000e+00
8000132 2.506362e-01 0.000000e+00 0.000000e+00
9000107 2.506362e-01 0.000000e+00 0.000000e+00
10000001 2.506362e-01 0.000000e+00 0.000000e+00
2400 2.503384e-01 3.322580e+04 7.827917e+03
1000589 2.503384e-01 8.714689e+03 1.117426e+03
2001715 2.503384e-01 6.941329e+03 6.416511e+02
3000077 2.503384e-01 5.486154e+03 3.830645e+02
4001205 2.503384e-01 3.763126e+03 3.374969e+02
5000328 2.503384e-01 1.722802e+01 4.285842e+00
6000209 2.503384e-01 6.509869e-14 0.000000e+00
7000350 2.503384e-01 0.000000e+00 0.000000e+00
8000411 2.503384e-01 0.000000e+00 0.000000e+00
9000210 2.503384e-01 0.000000e+00 0.000000e+00
9999980 2.504427e-01 0.000000e+00 0.000000e+00
2400 2.518746e-01 3.365732e+04 4.293208e+03
1001137 2.518746e-01 9.032594e+03 1.792093e+03
2000153 2.518746e-01 7.159316e+03 1.177295e+03
3001616 2.518746e-01 5.780419e+03 6.385415e+02
4001049 2.518746e-01 4.019225e+03 4.111450e+02
5001009 2.518746e-01 5.772502e+01 1.336625e+01
6000945 2.518746e-01 7.583054e-14 0.000000e+00
7000163 2.518746e-01 0.000000e+00 0.000000e+00
8000280 2.518746e-01 0.000000e+00 0.000000e+00
9000026 2.518746e-01 0.000000e+00 0.000000e+00
10000000 2.518746e-01 0.000000e+00 0.000000e+00
2400 2.495045e-01 3.358225e+04 8.557022e+03
1000665 2.495045e-01 8.693970e+03 6.031059e+02
2001208 2.495045e-01 6.864046e+03 6.031059e+02
3000605 2.495045e-01 5.563362e+03 5.800258e+02
4000310 2.495045e-01 4.224960e+03 1.835221e+02
5000436 2.495045e-01 1.471110e+03 1.526352e+02
6000431 2.495045e-01 1.658130e-13 1.136868e-13
7000723 2.495045e-01 0.000000e+00 0.000000e+00
8000188 2.495045e-01 0.000000e+00 0.000000e+00
9000090 2.495045e-01 0.000000e+00 0.000000e+00
10000002 2.495045e-01 0.000000e+00 0.000000e+00
2400 2.498388e-01 3.329737e+04 8.298482e+03
1001724 2.498388e-01 8.806315e+03 1.762677e+03
2001680 2.498388e-01 7.061156e+03 8.329184e+02
3000159 2.498388e-01 5.573925e+03 4.730699e+02
4001323 2.498388e-01 3.746712e+03 3.368554e+02
5000212 2.498388e-01 1.539847e+01 3.623952e+00
6000531 2.498388e-01 5.601789e-14 0.000000e+00
7000698 2.498388e-01 0.000000e+00 0.000000e+00
8000100 2.498388e-01 0.000000e+00 0.000000e+00
9000177 2.498388e-01 0.000000e+00 0.000000e+00
10000003 2.498388e-01 0.000000e+00 0.000000e+00
2400 2.511137e-01 3.326292e+04 8.287767e+03
1001629 2.511137e-01 8.735284e+03 1.749800e+03
2000413 2.511137e-01 6.952161e+03 5.964615e+02
3000228 2.511137e-01 5.581456e+03 4.743419e+02
4001249 2.511137e-01 3.929805e+03 3.354702e+02
5001096 2.511137e-01 9.134002e+01 1.557285e+01
6000057 2.511137e-01 9.304867e-14 0.000000e+00
7000396 2.511137e-01 0.000000e+00 0.000000e+00
8000089 2.511137e-01 0.000000e+00 0.000000e+00
9000073 2.511137e-01 0.000000e+00 0.000000e+00
10000005 2.511137e-01 0.000000e+00 0.000000e+00
2400 2.495682e-01 3.322508e+04 7.231168e+03
1000140 2.495682e-01 9.002746e+03 1.411163e+03
2000169 2.495682e-01 7.188015e+03 9.900386e+02
3000590 2.495682e-01 5.802063e+03 6.544867e+02
4000112 2.495682e-01 4.172798e+03 4.701812e+02
5000214 2.495682e-01 2.446991e+02 6.044079e+01
6000737 2.495682e-01 9.611491e-14 0.000000e+00
7000141 2.495682e-01 0.000000e+00 0.000000e+00
8000296 2.495682e-01 0.000000e+00 0.000000e+00
9000214 2.495682e-01 0.000000e+00 0.000000e+00
10000004 2.495682e-01 0.000000e+00 0.000000e+00
2400 2.504202e-01 3.305225e+04 6.695619e+03
1000112 2.504202e-01 8.733592e+03 1.835220e+03
2001234 2.504202e-01 6.980995e+03 6.261975e+02
3000047 2.504202e-01 5.610956e+03 5.263246e+02
4001164 2.504202e-01 4.252725e+03 2.219915e+02
5000093 2.504202e-01 2.105708e+03 2.055924e+02
6000682 2.504202e-01 5.472399e-09 9.094947e-13
7000039 2.504202e-01 0.000000e+00 0.000000e+00
8000183 2.504202e-01 0.000000e+00 0.000000e+00
9000190 2.504202e-01 0.000000e+00 0.000000e+00
9999995 2.505245e-01 0.000000e+00 0.000000e+00
2400 2.498864e-01 3.347489e+04 6.708426e+03
1001278 2.498864e-01 8.900491e+03 1.688527e+03
2001174 2.498864e-01 7.164884e+03 1.359376e+03
3001372 2.498864e-01 5.609027e+03 7.098055e+02
4000943 2.498864e-01 3.177545e+03 1.878472e+02
5001306 2.498864e-01 1.030247e-03 1.023182e-12
6000024 2.498864e-01 1.320843e-14 0.000000e+00
7000372 2.498864e-01 0.000000e+00 0.000000e+00
8000402 2.498864e-01 0.000000e+00 0.000000e+00
9000213 2.498864e-01 0.000000e+00 0.000000e+00
10000000 2.498864e-01 0.000000e+00 0.000000e+00
2400 2.502866e-01 3.315134e+04 7.330562e+03
1000211 2.502866e-01 8.928426e+03 1.588811e+03
2000815 2.502866e-01 7.129028e+03 8.206503e+02
3001136 2.502866e-01 5.846211e+03 6.795029e+02
4000650 2.502866e-01 4.169541e+03 3.844771e+02
5001503 2.502866e-01 2.637879e+02 6.504748e+01
6000430 2.502866e-01 1.023653e-13 0.000000e+00
7000564 2.502866e-01 0.000000e+00 0.000000e+00
8000183 2.502866e-01 0.000000e+00 0.000000e+00
9000025 2.502866e-01 0.000000e+00 0.000000e+00
10000005 2.502866e-01 0.000000e+00 0.000000e+00
2400 2.494391e-01 3.327338e+04 7.120709e+03
1001723 2.494391e-01 8.851658e+03 1.456318e+03
2000593 2.494391e-01 7.114772e+03 8.500283e+02
3000909 2.494391e-01 5.856072e+03 6.043707e+02
4000212 2.494391e-01 4.645581e+03 5.710863e+02
5000384 2.494391e-01 2.999570e+03 3.047737e+02
6000026 2.494391e-01 4.962820e-03 1.483512e-03
7000484 2.494391e-01 0.000000e+00 0.000000e+00
8000003 2.494391e-01 0.000000e+00 0.000000e+00
9000055 2.494391e-01 0.000000e+00 0.000000e+00
9999995 2.495430e-01 0.000000e+00 0.000000e+00
2400 2.506215e-01 3.321607e+04 7.104071e+03
1002097 2.506215e-01 8.723776e+03 1.694496e+03
2001179 2.506215e-01 7.009885e+03 9.286422e+02
3001409 2.506215e-01 5.681697e+03 5.735393e+02
4000911 2.506215e-01 4.306112e+03 1.565282e+02
5001081 2.506215e-01 2.475403e+03 1.413531e+02
6000955 2.506215e-01 1.500327e-07 7.958079e-13
7000596 2.506215e-01 0.000000e+00 0.000000e+00
8000048 2.506215e-01 0.000000e+00 0.000000e+00
9000049 2.506215e-01 0.000000e+00 0.000000e+00
10000002 2.506215e-01 0.000000e+00 0.000000e+00
2400 2.501195e-01 3.307306e+04 6.535904e+03
1001524 2.501195e-01 8.818462e+03 1.720047e+03
2000724 2.501195e-01 6.960226e+03 9.701945e+02
3001664 2.501195e-01 5.504943e+03 7.465652e+02
4001149 2.501195e-01 3.942175e+03 3.822516e+02
5001092 2.501195e-01 1.744227e+02 3.644360e+01
6000221 2.501195e-01 9.481765e-14 0.000000e+00
7000570 2.501195e-01 0.000000e+00 0.000000e+00
8000073 2.501195e-01 0.000000e+00 0.000000e+00
9000228 2.501195e-01 0.000000e+00 0.000000e+00
10000000 2.501195e-01 0.000000e+00 0.000000e+00
2400 2.481803e-01 3.344974e+04 8.663318e+03
1000662 2.481803e-01 8.707531e+03 9.785368e+02
2001926 2.481803e-01 6.933277e+03 6.026395e+02
3000344 2.481803e-01 5.425451e+03 4.818080e+02
4000028 2.481803e-01 3.849895e+03 4.139395e+02
5000284 2.481803e-01 5.080986e+01 1.282721e+01
6000897 2.481803e-01 7.252843e-14 0.000000e+00
7000280 2.481803e-01 0.000000e+00 0.000000e+00
8000449 2.481803e-01 0.000000e+00 0.000000e+00
9000215 2.481803e-01 0.000000e+00 0.000000e+00
10000003 2.481803e-01 0.000000e+00 0.000000e+00
2400 2.493744e-01 3.275596e+04 6.955473e+03
1000831 2.493744e-01 8.650612e+03 1.732038e+03
2001303 2.493744e-01 6.851686e+03 4.731035e+02
3000174 2.493744e-01 5.458615e+03 4.668587e+02
4001310 2.493744e-01 4.061975e+03 2.675817e+02
5000010 2.493744e-01 1.200751e+03 1.283951e+02
6000493 2.493744e-01 1.270132e-13 0.000000e+00
7000654 2.493744e-01 0.000000e+00 0.000000e+00
8000271 2.493744e-01 0.000000e+00 0.000000e+00
9000109 2.493744e-01 0.000000e+00 0.000000e+00
10000003 2.493744e-01 0.000000e+00 0.000000e+00
2400 2.498025e-01 3.342315e+04 7.859951e+03
1000771 2.498025e-01 8.825077e+03 1.137979e+03
2001804 2.498025e-01 6.995866e+03 8.222820e+02
3001601 2.498025e-01 5.613604e+03 5.395658e+02
4001112 2.498025e-01 4.098049e+03 4.120354e+02
5000999 2.498025e-01 1.512943e+02 2.983982e+01
6000616 2.498025e-01 8.691618e-14 0.000000e+00
7000057 2.498025e-01 0.000000e+00 0.000000e+00
8000127 2.498025e-01 0.000000e+00 0.000000e+00
9000138 2.498025e-01 0.000000e+00 0.000000e+00
10000001 2.498025e-01 0.000000e+00 0.000000e+00
2400 2.496571e-01 3.301719e+04 7.138601e+03
1000915 2.496571e-01 8.796213e+03 1.818580e+03
2000408 2.496571e-01 6.998676e+03 1.359982e+03
3000819 2.496571e-01 5.578202e+03 4.983797e+02
4000379 2.496571e-01 3.547799e+03 2.686715e+02
5000887 2.496571e-01 2.359963e+00 7.469111e-01
6000441 2.496571e-01 5.259785e-14 0.000000e+00
7000656 2.496571e-01 0.000000e+00 0.000000e+00
8000098 2.496571e-01 0.000000e+00 0.000000e+00
9000025 2.496571e-01 0.000000e+00 0.000000e+00
10000003 2.496571e-01 0.000000e+00 0.000000e+00
2400 2.504732e-01 3.316346e+04 7.566926e+03
1000021 2.504732e-01 8.634273e+03 1.656609e+03
2001125 2.504732e-01 6.896982e+03 8.902521e+02
3000922 2.504732e-01 5.673156e+03 6.556472e+02
4000732 2.504732e-01 4.553955e+03 4.431675e+02
5000820 2.504732e-01 2.984402e+03 3.468670e+02
6000973 2.504732e-01 2.695644e-05 9.094947e-13
7000593 2.504732e-01 0.000000e+00 0.000000e+00
8000020 2.504732e-01 0.000000e+00 0.000000e+00
9000027 2.504732e-01 0.000000e+00 0.000000e+00
10000003 2.504732e-01 0.000000e+00 0.000000e+00
2400 2.494730e-01 3.294855e+04 8.357585e+03
1001674 2.494730e-01 8.757992e+03 8.402498e+02
2000554 2.494730e-01 6.942002e+03 3.442283e+02
3001064 2.494730e-01 5.554256e+03 3.441664e+02
4000602 2.494730e-01 4.024890e+03 3.130232e+02
5000624 2.494730e-01 3.866858e+02 4.263670e+01
6000366 2.494730e-01 9.988875e-14 0.000000e+00
7000663 2.494730e-01 0.000000e+00 0.000000e+00
8000314 2.494730e-01 0.000000e+00 0.000000e+00
9000114 2.494730e-01 0.000000e+00 0.000000e+00
10000005 2.494730e-01 0.000000e+00 0.000000e+00
2400 2.499714e-01 3.332065e+04 5.884622e+03
1001704 2.499714e-01 8.841747e+03 1.659170e+03
2000293 2.499714e-01 7.056518e+03 1.223924e+03
3000742 2.499714e-01 5.639733e+03 4.499121e+02
4000348 2.499714e-01 3.913734e+03 3.493464e+02
5000473 2.499714e-01 5.683277e+01 1.440319e+01
6000953 2.499714e-01 7.866091e-14 0.000000e+00
7000263 2.499714e-01 0.000000e+00 0.000000e+00
8000350 2.499714e-01 0.000000e+00 0.000000e+00
9000019 2.499714e-01 0.000000e+00 0.000000e+00
10000001 2.499714e-01 0.000000e+00 0.000000e+00
2400 2.496853e-01 3.290553e+04 6.457274e+03
1000190 2.496853e-01 8.777405e+03 1.493518e+03
2001464 2.496853e-01 7.019571e+03 1.235124e+03
3000027 2.496853e-01 5.585476e+03 5.044596e+02
4001267 2.496853e-01 3.953482e+03 3.746028e+02
5000739 2.496853e-01 8.084079e+01 2.154377e+01
6000366 2.496853e-01 8.585479e-14 0.000000e+00
7000554 2.496853e-01 0.000000e+00 0.000000e+00
8000145 2.496853e-01 0.000000e+00 0.000000e+00
9000239 2.496853e-01 0.000000e+00 0.000000e+00
10000003 2.496853e-01 0.000000e+00 0.000000e+00
2400 2.507830e-01 3.334490e+04 5.706389e+03
1001986 2.507830e-01 8.772230e+03 8.710791e+02
2000888 2.507830e-01 6.929272e+03 7.698082e+02
3001243 2.507830e-01 5.442557e+03 6.533706e+02
4000781 2.507830e-01 3.573285e+03 3.893128e+02
5000471 2.507830e-01 9.683862e-01 3.921765e-01
6000562 2.507830e-01 2.901137e-14 0.000000e+00
7000663 2.507830e-01 0.000000e+00 0.000000e+00
8000212 2.507830e-01 0.000000e+00 0.000000e+00
9000008 2.507830e-01 0.000000e+00 0.000000e+00
10000005 2.507830e-01 0.000000e+00 0.000000e+00
2400 2.505462e-01 3.359525e+04 5.884693e+03
1001187 2.505462e-01 9.000160e+03 1.333528e+03
2001512 2.505462e-01 7.179616e+03 1.025854e+03
3000103 2.505462e-01 5.788311e+03 7.106539e+02
4001205 2.505462e-01 4.214798e+03 4.204258e+02
5001245 2.505462e-01 2.339314e+02 5.510504e+01
6000139 2.505462e-01 8.738791e-14 0.000000e+00
7000508 2.505462e-01 0.000000e+00 0.000000e+00
8000164 2.505462e-01 0.000000e+00 0.000000e+00
9000065 2.505462e-01 0.000000e+00 0.000000e+00
10000002 2.505462e-01 0.000000e+00 0.000000e+00
2400 2.505377e-01 3.370188e+04 6.103321e+03
1001228 2.505377e-01 9.009610e+03 1.615403e+03
2000203 2.505377e-01 7.105467e+03 9.290129e+02
3000059 2.505377e-01 5.319017e+03 4.713777e+02
4001173 2.505377e-01 2.198138e+03 2.297781e+02
5001116 2.505377e-01 9.367845e-07 2.273737e-12
6000289 2.505377e-01 3.537972e-16 0.000000e+00
7000485 2.505377e-01 0.000000e+00 0.000000e+00
8000147 2.505377e-01 0.000000e+00 0.000000e+00
9000180 2.505377e-01 0.000000e+00 0.000000e+00
10000005 2.505377e-01 0.000000e+00 0.000000e+00
2400 2.506404e-01 3.357217e+04 7.206230e+03
1001998 2.506404e-01 8.878050e+03 1.582987e+03
2001040 2.506404e-01 7.058387e+03 7.824620e+02
3001404 2.506404e-01 5.699524e+03 3.300932e+02
4000884 2.506404e-01 4.254422e+03 2.585679e+02
5000878 2.506404e-01 9.415595e+02 8.895932e+01
6000296 2.506404e-01 1.112103e-13 0.000000e+00
7000605 2.506404e-01 0.000000e+00 0.000000e+00
8000107 2.506404e-01 0.000000e+00 0.000000e+00
9000118 2.506404e-01 0.000000e+00 0.000000e+00
10000004 2.506404e-01 0.000000e+00 0.000000e+00
2400 2.497604e-01 3.317423e+04 7.578645e+03
1001131 2.497604e-01 8.585896e+03 1.454043e+03
2000642 2.497604e-01 6.859417e+03 1.132401e+03
3000974 2.497604e-01 5.615730e+03 6.878414e+02
4000506 2.497604e-01 4.280537e+03 4.541733e+02
5000651 2.497604e-01 2.301040e+03 2.401267e+02
6000942 2.497604e-01 8.754855e-10 1.932676e-12
7000236 2.497604e-01 0.000000e+00 0.000000e+00
8000231 2.497604e-01 0.000000e+00 0.000000e+00
9000050 2.497604e-01 0.000000e+00 0.000000e+00
10000000 2.497604e-01 0.000000e+00 0.000000e+00
2400 2.503362e-01 3.303894e+04 7.851238e+03
1000334 2.503362e-01 8.704819e+03 6.639341e+02
2000703 2.503362e-01 6.897550e+03 3.642289e+02
3000996 2.503362e-01 5.590577e+03 3.042908e+02
4000651 2.503362e-01 4.219264e+03 2.953437e+02
5000846 2.503362e-01 1.333039e+03 1.641224e+02
6000317 2.503362e-01 1.280746e-13 0.000000e+00
7000533 2.503362e-01 0.000000e+00 0.000000e+00
8000050 2.503362e-01 0.000000e+00 0.000000e+00
9000096 2.503362e-01 0.000000e+00 0.000000e+00
9999987 2.504405e-01 0.000000e+00 0.000000e+00
2400 2.496123e-01 3.326620e+04 7.995007e+03
1000701 2.496123e-01 8.829099e+03 9.319037e+02
2001755 2.496123e-01 7.081091e+03 8.831860e+02
3000214 2.496123e-01 5.603877e+03 4.560574e+02
4001346 2.496123e-01 4.112727e+03 3.745231e+02
5000364 2.496123e-01 1.418808e+03 2.137640e+02
6000061 2.496123e-01 2.060279e-13 0.000000e+00
7000256 2.496123e-01 0.000000e+00 0.000000e+00
8000016 2.496123e-01 0.000000e+00 0.000000e+00
9000110 2.496123e-01 0.000000e+00 0.000000e+00
10000001 2.496123e-01 0.000000e+00 0.000000e+00
2400 2.508741e-01 3.373626e+04 7.199451e+03
1000965 2.508741e-01 8.882379e+03 2.341781e+03
2001198 2.508741e-01 7.103274e+03 1.069358e+03
3001418 2.508741e-01 5.697539e+03 6.753039e+02
4000916 2.508741e-01 3.966486e+03 4.475142e+02
5001042 2.508741e-01 2.787406e+01 5.178890e+00
6000613 2.508741e-01 5.295165e-14 0.000000e+00
7000150 2.508741e-01 0.000000e+00 0.000000e+00
8000329 2.508741e-01 0.000000e+00 0.000000e+00
9000131 2.508741e-01 0.000000e+00 0.000000e+00
10000005 2.508741e-01 0.000000e+00 0.000000e+00
0.00e+00 (0.00e+00): 
0.000000e+00 0.000000e+00 0.000000e+00 0.000000e+00 0.000000e+00 0.000000e+00 0.000000e+00 0.000000e+00 0.000000e+00 0.000000e+00 0.000000e+00 0.000000e+00 0.000000e+00 0.000000e+00 0.000000e+00 0.000000e+00 0.000000e+00 0.000000e+00 0.000000e+00 0.000000e+00 0.000000e+00 0.000000e+00 0.000000e+00 0.000000e+00 0.000000e+00 0.000000e+00 0.000000e+00 0.000000e+00 0.000000e+00 0.000000e+00 