600 2.481754e-01 9.666999e+03 1.115211e+03
100624 2.481754e-01 4.175687e+02 9.944209e+01
200110 2.481754e-01 1.924006e+02 3.791045e+01
300042 2.481754e-01 1.552902e-01 1.397731e-04
400074 2.481754e-01 1.161135e-06 5.162665e-07
500215 2.481754e-01 1.067080e-12 4.547474e-13
600010 2.481754e-01 4.491562e-13 0.000000e+00
700156 2.481754e-01 4.349757e-13 0.000000e+00
800034 2.481754e-01 3.310561e-13 0.000000e+00
900044 2.481754e-01 0.000000e+00 0.000000e+00
1000003 2.481754e-01 0.000000e+00 0.000000e+00
600 2.490543e-01 9.509475e+03 7.147355e+02
100247 2.490543e-01 3.706903e+02 1.743314e-04
200260 2.490543e-01 1.923847e+02 1.743314e-04
300383 2.490543e-01 4.612879e+00 1.743314e-04
400206 2.490543e-01 2.570645e-05 9.407033e-06
500261 2.490543e-01 2.254526e-11 7.275958e-12
600178 2.490543e-01 4.379739e-13 0.000000e+00
700070 2.490543e-01 3.731894e-13 0.000000e+00
800023 2.490543e-01 0.000000e+00 0.000000e+00
900048 2.490543e-01 0.000000e+00 0.000000e+00
1000001 2.490543e-01 0.000000e+00 0.000000e+00
600 2.488799e-01 9.213884e+03 1.103513e+03
100367 2.488799e-01 4.159340e+02 9.761869e+01
200273 2.488799e-01 1.931592e+02 2.384174e+01
300088 2.488799e-01 3.575454e-01 2.450083e-04
400036 2.488799e-01 4.547684e-06 2.179378e-06
500087 2.488799e-01 4.326854e-12 1.818989e-12
600195 2.488799e-01 4.454288e-13 0.000000e+00
700021 2.488799e-01 4.152041e-13 0.000000e+00
800095 2.488799e-01 2.255547e-13 0.000000e+00
900013 2.488799e-01 0.000000e+00 0.000000e+00
1000004 2.488799e-01 0.000000e+00 0.000000e+00
600 2.533213e-01 9.148416e+03 1.277442e+03
100479 2.533213e-01 4.244378e+02 8.148840e+01
200235 2.533213e-01 2.164584e+02 3.862544e+01
300408 2.533213e-01 7.194355e-01 2.682130e-01
400263 2.533213e-01 1.753360e-05 8.005964e-06
500123 2.533213e-01 1.598519e-11 6.821210e-12
600228 2.533213e-01 4.398376e-13 0.000000e+00
700043 2.533213e-01 3.904896e-13 0.000000e+00
800052 2.533213e-01 0.000000e+00 0.000000e+00
900064 2.533213e-01 0.000000e+00 0.000000e+00
1000005 2.533213e-01 0.000000e+00 0.000000e+00
600 2.465582e-01 9.339686e+03 5.809155e+02
100056 2.465582e-01 4.131004e+02 1.134294e+02
200329 2.465582e-01 2.032285e+02 4.300304e+01
300401 2.465582e-01 3.713877e-01 1.515669e-01
400234 2.465582e-01 6.880502e-06 2.422331e-06
500161 2.465582e-01 6.031781e-12 2.728484e-12
600067 2.465582e-01 4.398376e-13 0.000000e+00
700107 2.465582e-01 4.226185e-13 0.000000e+00
800104 2.465582e-01 2.437446e-13 0.000000e+00
900010 2.465582e-01 0.000000e+00 0.000000e+00
1000000 2.465582e-01 0.000000e+00 0.000000e+00
600 2.527145e-01 9.601864e+03 7.619904e+02
100160 2.527145e-01 3.677112e+02 1.121679e+02
200244 2.527145e-01 1.655887e+02 2.549519e+01
300188 2.527145e-01 1.308853e-01 8.317581e-04
400171 2.527145e-01 2.083802e-06 8.709385e-07
500152 2.527145e-01 2.761502e-12 9.094947e-13
600048 2.527145e-01 4.398376e-13 0.000000e+00
700126 2.527145e-01 4.250899e-13 0.000000e+00
800000 2.527145e-01 3.092282e-13 0.000000e+00
900054 2.527145e-01 0.000000e+00 0.000000e+00
1000005 2.527145e-01 0.000000e+00 0.000000e+00
600 2.503961e-01 9.609393e+03 7.357582e+02
100257 2.503961e-01 4.054364e+02 8.103320e+01
200181 2.503961e-01 2.115308e+02 2.594910e+01
300303 2.503961e-01 1.952410e+01 7.271134e-01
400273 2.503961e-01 4.823618e-05 1.681888e-05
500284 2.503961e-01 4.862195e-11 2.455636e-11
600021 2.503961e-01 4.361102e-13 0.000000e+00
700026 2.503961e-01 3.781323e-13 0.000000e+00
800033 2.503961e-01 1.455192e-14 0.000000e+00
900011 2.503961e-01 0.000000e+00 0.000000e+00
1000005 2.503961e-01 0.000000e+00 0.000000e+00
600 2.476866e-01 9.303554e+03 1.283467e+03
100489 2.476866e-01 4.258851e+02 2.233863e-04
200046 2.476866e-01 2.283235e+02 2.233863e-04
300415 2.476866e-01 4.297020e+01 2.233863e-04
400241 2.476866e-01 2.502269e-04 8.550600e-05
500008 2.476866e-01 2.903524e-10 1.195986e-10
600048 2.476866e-01 4.342464e-13 0.000000e+00
700149 2.476866e-01 3.806038e-13 0.000000e+00
800085 2.476866e-01 3.637979e-14 0.000000e+00
900054 2.476866e-01 0.000000e+00 0.000000e+00
1000000 2.476866e-01 0.000000e+00 0.000000e+00
600 2.470424e-01 9.507773e+03 1.043804e+03
100000 2.470424e-01 3.940065e+02 9.741504e+01
200299 2.470424e-01 2.091587e+02 2.408756e+01
300141 2.470424e-01 2.403694e+01 4.534387e-01
400214 2.470424e-01 3.407536e-05 1.350122e-05
500223 2.470424e-01 2.795421e-11 1.364242e-11
600012 2.470424e-01 4.361102e-13 0.000000e+00
700060 2.470424e-01 4.077897e-13 0.000000e+00
800027 2.470424e-01 1.855369e-13 0.000000e+00
900045 2.470424e-01 0.000000e+00 0.000000e+00
1000003 2.470424e-01 0.000000e+00 0.000000e+00
600 2.519750e-01 9.347679e+03 7.901028e+02
100392 2.519750e-01 4.157326e+02 8.910572e+01
200458 2.519750e-01 2.074209e+02 3.823045e+01
300005 2.519750e-01 9.290358e-01 1.009275e-04
400332 2.519750e-01 1.243416e-05 5.470135e-06
500035 2.519750e-01 5.162808e-12 2.273737e-12
600160 2.519750e-01 4.472925e-13 0.000000e+00
700181 2.519750e-01 4.201470e-13 0.000000e+00
800121 2.519750e-01 3.346941e-13 0.000000e+00
900000 2.519750e-01 0.000000e+00 0.000000e+00
1000001 2.519750e-01 0.000000e+00 0.000000e+00
600 2.481702e-01 9.520894e+03 4.258914e+02
100794 2.481702e-01 4.053763e+02 2.146999e-04
200175 2.481702e-01 2.092387e+02 2.146999e-04
300309 2.481702e-01 7.850220e-01 2.146999e-04
400144 2.481702e-01 1.544578e-05 5.156796e-06
500130 2.481702e-01 8.658209e-12 3.637979e-12
600241 2.481702e-01 4.379739e-13 0.000000e+00
700022 2.481702e-01 4.053183e-13 0.000000e+00
800067 2.481702e-01 3.637979e-15 0.000000e+00
900055 2.481702e-01 0.000000e+00 0.000000e+00
1000000 2.481702e-01 0.000000e+00 0.000000e+00
600 2.493656e-01 9.122674e+03 1.362389e+03
100479 2.493656e-01 3.897186e+02 8.977672e+01
200311 2.493656e-01 2.087145e+02 1.054333e-04
300008 2.493656e-01 1.143375e+01 1.054333e-04
400083 2.493656e-01 1.103120e-04 3.706596e-05
500013 2.493656e-01 7.315579e-11 3.456080e-11
600092 2.493656e-01 4.491562e-13 0.000000e+00
700047 2.493656e-01 4.201470e-13 0.000000e+00
800028 2.493656e-01 2.473826e-13 0.000000e+00
900040 2.493656e-01 0.000000e+00 0.000000e+00
1000003 2.493656e-01 0.000000e+00 0.000000e+00
600 2.490850e-01 9.557748e+03 9.498073e+02
100131 2.490850e-01 3.930745e+02 9.170058e+01
200124 2.490850e-01 1.935437e+02 2.560073e+01
300138 2.490850e-01 6.159279e-01 2.425139e-01
400318 2.490850e-01 1.263329e-05 4.618313e-06
500266 2.490850e-01 1.232771e-11 5.002221e-12
600011 2.490850e-01 4.454288e-13 0.000000e+00
700162 2.490850e-01 4.102612e-13 0.000000e+00
800062 2.490850e-01 1.746230e-13 0.000000e+00
900018 2.490850e-01 0.000000e+00 0.000000e+00
1000002 2.490850e-01 0.000000e+00 0.000000e+00
600 2.490583e-01 9.320185e+03 1.664703e+03
100230 2.490583e-01 3.838185e+02 8.906712e+01
200124 2.490583e-01 1.632343e+02 2.323532e+01
300391 2.490583e-01 9.718953e-02 1.837223e-04
400315 2.490583e-01 1.112881e-06 4.057197e-07
500178 2.490583e-01 1.484307e-12 4.547474e-13
600136 2.490583e-01 4.417013e-13 0.000000e+00
700124 2.490583e-01 4.176756e-13 0.000000e+00
800027 2.490583e-01 3.528839e-13 0.000000e+00
900027 2.490583e-01 0.000000e+00 0.000000e+00
999971 2.494734e-01 0.000000e+00 0.000000e+00
600 2.487310e-01 9.822120e+03 8.621950e+02
100127 2.487310e-01 4.197518e+02 1.138617e+02
200188 2.487310e-01 2.234448e+02 5.695712e+01
300336 2.487310e-01 2.721959e+01 1.734220e+00
400055 2.487310e-01 1.748615e-04 6.996386e-05
500284 2.487310e-01 2.785530e-10 1.323315e-10
600017 2.487310e-01 4.454288e-13 0.000000e+00
700172 2.487310e-01 4.053183e-13 0.000000e+00
800089 2.487310e-01 0.000000e+00 0.000000e+00
900050 2.487310e-01 0.000000e+00 0.000000e+00
999975 2.491456e-01 0.000000e+00 0.000000e+00
600 2.490479e-01 9.363746e+03 1.564387e+03
100266 2.490479e-01 4.191987e+02 1.022125e+02
200417 2.490479e-01 2.148113e+02 3.566119e+01
300230 2.490479e-01 1.212363e+01 8.466039e-01
400154 2.490479e-01 4.408210e-05 1.422765e-05
500137 2.490479e-01 3.952850e-11 1.682565e-11
600000 2.490479e-01 4.454288e-13 0.000000e+00
700068 2.490479e-01 4.102612e-13 0.000000e+00
800099 2.490479e-01 1.928129e-13 0.000000e+00
900007 2.490479e-01 0.000000e+00 0.000000e+00
1000005 2.490479e-01 0.000000e+00 0.000000e+00
600 2.473587e-01 9.470332e+03 7.749902e+02
100030 2.473587e-01 3.801347e+02 1.439382e-04
200404 2.473587e-01 1.978099e+02 1.439382e-04
300003 2.473587e-01 4.000277e-01 1.439382e-04
400231 2.473587e-01 3.417957e-06 1.610281e-06
500180 2.473587e-01 2.156673e-12 9.094947e-13
600134 2.473587e-01 4.435650e-13 0.000000e+00
700154 2.473587e-01 4.102612e-13 0.000000e+00
800049 2.473587e-01 1.673470e-13 0.000000e+00
900008 2.473587e-01 0.000000e+00 0.000000e+00
1000000 2.473587e-01 0.000000e+00 0.000000e+00
600 2.476152e-01 9.096091e+03 7.900459e+02
100261 2.476152e-01 4.019003e+02 3.736651e+01
200329 2.476152e-01 2.133232e+02 2.429334e+01
300300 2.476152e-01 1.387496e+00 5.915372e-01
400168 2.476152e-01 3.297122e-05 1.029857e-05
500024 2.476152e-01 2.590559e-11 1.045919e-11
600094 2.476152e-01 4.417013e-13 0.000000e+00
700093 2.476152e-01 4.250899e-13 0.000000e+00
800044 2.476152e-01 2.473826e-13 0.000000e+00
900013 2.476152e-01 0.000000e+00 0.000000e+00
1000004 2.476152e-01 0.000000e+00 0.000000e+00
600 2.465476e-01 9.171460e+03 6.416367e+02
100610 2.465476e-01 3.917619e+02 7.948368e+01
200179 2.465476e-01 2.054193e+02 2.782108e+01
300290 2.465476e-01 1.599122e+01 1.062345e+00
400261 2.465476e-01 5.654595e-05 2.965083e-05
500242 2.465476e-01 7.133530e-11 2.546585e-11
600216 2.465476e-01 4.528836e-13 0.000000e+00
700084 2.465476e-01 4.250899e-13 0.000000e+00
800043 2.465476e-01 2.764864e-13 0.000000e+00
900002 2.465476e-01 0.000000e+00 0.000000e+00
999968 2.469585e-01 0.000000e+00 0.000000e+00
600 2.501597e-01 9.464176e+03 9.178319e+02
100005 2.501597e-01 3.762810e+02 8.193001e+01
200325 2.501597e-01 1.679590e+02 2.583705e+01
300304 2.501597e-01 2.562790e-01 1.168965e-01
400297 2.501597e-01 3.827613e-06 1.463101e-06
500001 2.501597e-01 2.600915e-12 9.094947e-13
600070 2.501597e-01 4.510199e-13 0.000000e+00
700109 2.501597e-01 4.473330e-13 0.000000e+00
800014 2.501597e-01 3.528839e-13 0.000000e+00
900046 2.501597e-01 0.000000e+00 0.000000e+00
1000000 2.501597e-01 0.000000e+00 0.000000e+00
600 2.502538e-01 9.436952e+03 8.240947e+02
100397 2.502538e-01 4.076721e+02 5.380045e+01
200145 2.502538e-01 1.944764e+02 1.611051e+01
300376 2.502538e-01 2.279857e-01 2.466171e-04
400305 2.502538e-01 4.212704e-06 1.797569e-06
500048 2.502538e-01 3.619969e-12 1.364242e-12
600216 2.502538e-01 4.510199e-13 0.000000e+00
700177 2.502538e-01 4.226185e-13 0.000000e+00
800028 2.502538e-01 1.346052e-13 0.000000e+00
900014 2.502538e-01 0.000000e+00 0.000000e+00
1000002 2.502538e-01 0.000000e+00 0.000000e+00
600 2.514565e-01 9.876821e+03 1.380966e+03
100974 2.514565e-01 3.995061e+02 2.585376e-04
200197 2.514565e-01 1.913970e+02 2.585376e-04
300354 2.514565e-01 7.727844e+00 2.585376e-04
400041 2.514565e-01 2.169274e-05 1.026027e-05
500179 2.514565e-01 1.666957e-11 7.730705e-12
600027 2.514565e-01 4.398376e-13 0.000000e+00
700089 2.514565e-01 4.028468e-13 0.000000e+00
800008 2.514565e-01 1.673470e-13 0.000000e+00
900056 2.514565e-01 0.000000e+00 0.000000e+00
999996 2.518756e-01 0.000000e+00 0.000000e+00
600 2.492795e-01 9.620331e+03 1.265652e+03
100096 2.492795e-01 4.160130e+02 1.120251e+02
200457 2.492795e-01 2.215171e+02 3.160369e+01
300220 2.492795e-01 2.908070e+01 1.416195e+00
400356 2.492795e-01 7.756212e-05 3.042436e-05
500302 2.492795e-01 4.712863e-11 1.955414e-11
600183 2.492795e-01 4.491562e-13 0.000000e+00
700009 2.492795e-01 4.152041e-13 0.000000e+00
800097 2.492795e-01 1.782610e-13 0.000000e+00
900033 2.492795e-01 0.000000e+00 0.000000e+00
1000003 2.492795e-01 0.000000e+00 0.000000e+00
600 2.518942e-01 9.441206e+03 1.490431e+03
100147 2.518942e-01 3.941893e+02 9.701409e+01
200135 2.518942e-01 2.046888e+02 3.018244e+01
300385 2.518942e-01 1.168021e+00 3.949011e-01
400136 2.518942e-01 3.146447e-05 1.164757e-05
500167 2.518942e-01 2.687362e-11 9.549694e-12
600175 2.518942e-01 4.510199e-13 0.000000e+00
700139 2.518942e-01 4.374472e-13 0.000000e+00
800085 2.518942e-01 3.492460e-13 0.000000e+00
900002 2.518942e-01 0.000000e+00 0.000000e+00
1000002 2.518942e-01 0.000000e+00 0.000000e+00
600 2.488026e-01 9.408574e+03 5.188674e+02
100129 2.488026e-01 3.684860e+02 8.688261e+01
200046 2.488026e-01 1.649809e+02 2.098304e+01
300369 2.488026e-01 2.652585e-01 1.622880e-04
400215 2.488026e-01 3.758833e-06 1.752362e-06
500094 2.488026e-01 4.524961e-12 1.364242e-12
600153 2.488026e-01 4.379739e-13 0.000000e+00
700085 2.488026e-01 3.904896e-13 0.000000e+00
800083 2.488026e-01 1.091394e-14 0.000000e+00
900054 2.488026e-01 0.000000e+00 0.000000e+00
999974 2.492173e-01 0.000000e+00 0.000000e+00
600 2.487115e-01 9.469878e+03 8.738517e+02
100205 2.487115e-01 3.895265e+02 9.463403e+01
200241 2.487115e-01 2.028077e+02 2.613673e+01
300369 2.487115e-01 3.139477e+00 4.440517e-01
400184 2.487115e-01 2.132398e-05 1.071560e-05
500116 2.487115e-01 1.629586e-11 6.821210e-12
600175 2.487115e-01 4.398376e-13 0.000000e+00
700088 2.487115e-01 3.979039e-13 0.000000e+00
800053 2.487115e-01 2.546585e-14 0.000000e+00
900062 2.487115e-01 0.000000e+00 0.000000e+00
1000003 2.487115e-01 0.000000e+00 0.000000e+00
600 2.495761e-01 9.481179e+03 8.712859e+02
101119 2.495761e-01 3.779196e+02 9.767055e+01
200196 2.495761e-01 1.892562e+02 1.824910e+01
300095 2.495761e-01 4.846106e-01 1.760952e-01
400046 2.495761e-01 6.963322e-06 3.056424e-06
500302 2.495761e-01 3.858599e-12 1.818989e-12
600082 2.495761e-01 4.435650e-13 0.000000e+00
700092 2.495761e-01 4.053183e-13 0.000000e+00
800010 2.495761e-01 2.910383e-14 0.000000e+00
900064 2.495761e-01 0.000000e+00 0.000000e+00
1000002 2.495761e-01 0.000000e+00 0.000000e+00
600 2.533821e-01 1.009751e+04 1.412054e+03
100073 2.533821e-01 4.302907e+02 1.104306e+02
200044 2.533821e-01 2.294150e+02 4.402847e+01
300053 2.533821e-01 5.769588e+01 2.152166e+00
400065 2.533821e-01 5.483237e-04 3.728458e-05
500279 2.533821e-01 8.326664e-10 3.838068e-10
600008 2.533821e-01 4.435650e-13 0.000000e+00
700147 2.533821e-01 4.250899e-13 0.000000e+00
800024 2.533821e-01 1.782610e-13 0.000000e+00
900061 2.533821e-01 0.000000e+00 0.000000e+00
999981 2.538044e-01 0.000000e+00 0.000000e+00
600 2.498448e-01 9.806649e+03 1.388853e+03
100449 2.498448e-01 4.071577e+02 1.155777e+02
200311 2.498448e-01 2.139660e+02 2.920583e+01
300384 2.498448e-01 6.966448e+00 6.350762e-01
400167 2.498448e-01 4.636888e-05 2.160962e-05
500242 2.498448e-01 3.842540e-11 1.728040e-11
600124 2.498448e-01 4.472925e-13 0.000000e+00
700060 2.498448e-01 4.275614e-13 0.000000e+00
800101 2.498448e-01 1.709850e-13 0.000000e+00
900039 2.498448e-01 0.000000e+00 0.000000e+00
1000004 2.498448e-01 0.000000e+00 0.000000e+00
600 2.496758e-01 9.508433e+03 8.033977e+02
100530 2.496758e-01 3.681474e+02 7.575508e+01
200464 2.496758e-01 1.578438e+02 2.362289e+01
300097 2.496758e-01 3.412459e-02 1.008080e-02
400175 2.496758e-01 2.439518e-07 1.207363e-07
500253 2.496758e-01 6.513543e-13 0.000000e+00
600135 2.496758e-01 4.472925e-13 0.000000e+00
700123 2.496758e-01 4.275614e-13 0.000000e+00
800078 2.496758e-01 3.019522e-13 0.000000e+00
900060 2.496758e-01 0.000000e+00 0.000000e+00
1000002 2.496758e-01 0.000000e+00 0.000000e+00
0.00e+00 (0.00e+00): 
0.000000e+00 0.000000e+00 0.000000e+00 0.000000e+00 0.000000e+00 0.000000e+00 0.000000e+00 0.000000e+00 0.000000e+00 0.000000e+00 0.000000e+00 0.000000e+00 0.000000e+00 0.000000e+00 0.000000e+00 0.000000e+00 0.000000e+00 0.000000e+00 0.000000e+00 0.000000e+00 0.000000e+00 0.000000e+00 0.000000e+00 0.000000e+00 0.000000e+00 0.000000e+00 0.000000e+00 0.000000e+00 0.000000e+00 0.000000e+00 