2400 2.506985e-01 2.324426e+08 3.617305e+02
1000582 2.506985e-01 9.421285e+01 2.447560e+01
2001228 2.506985e-01 4.271273e+01 2.186219e+01
3000523 2.506985e-01 3.222563e+01 1.952446e+01
4000610 2.506985e-01 2.797680e+01 1.863349e+01
5000290 2.506985e-01 2.600725e+01 1.725778e+01
6000932 2.506985e-01 2.466107e+01 1.642406e+01
7000563 2.506985e-01 2.350208e+01 1.622569e+01
8000246 2.506985e-01 2.242345e+01 1.560175e+01
9000202 2.506985e-01 2.122282e+01 1.503821e+01
10000003 2.506985e-01 1.520286e+01 1.483624e+01
2400 2.506362e-01 2.276486e+08 3.776171e+02
1000362 2.506362e-01 9.567921e+01 2.416184e+01
2000853 2.506362e-01 4.357696e+01 2.402261e+01
3000046 2.506362e-01 3.264858e+01 2.148122e+01
4001170 2.506362e-01 2.812888e+01 2.109471e+01
5000286 2.506362e-01 2.609022e+01 1.935857e+01
6000404 2.506362e-01 2.473441e+01 1.782252e+01
7000484 2.506362e-01 2.352710e+01 1.778530e+01
8000088 2.506362e-01 2.250170e+01 1.747689e+01
9000219 2.506362e-01 2.144243e+01 1.597057e+01
9999979 2.507406e-01 1.606485e+01 1.596328e+01
2400 2.503384e-01 2.248490e+08 5.654568e+02
1001766 2.503384e-01 9.211563e+01 2.363938e+01
2000324 2.503384e-01 4.215298e+01 2.332029e+01
3000540 2.503384e-01 3.200039e+01 2.102451e+01
4001181 2.503384e-01 2.787897e+01 2.079446e+01
5000899 2.503384e-01 2.594757e+01 1.767999e+01
6000260 2.503384e-01 2.455623e+01 6.583779e+00
7000507 2.503384e-01 2.344542e+01 6.112496e+00
8000437 2.503384e-01 2.228140e+01 5.578027e+00
9000018 2.503384e-01 2.069162e+01 3.591555e+00
10000001 2.503384e-01 3.555755e+00 3.531187e+00
2400 2.518746e-01 2.304069e+08 5.813989e+02
1001500 2.518746e-01 9.287130e+01 2.358843e+01
2000784 2.518746e-01 4.369802e+01 2.344432e+01
3001116 2.518746e-01 3.251602e+01 2.270636e+01
4000819 2.518746e-01 2.809208e+01 2.038794e+01
5000034 2.518746e-01 2.606090e+01 2.038794e+01
6000945 2.518746e-01 2.473080e+01 2.038794e+01
7000312 2.518746e-01 2.356199e+01 1.850626e+01
8000090 2.518746e-01 2.234121e+01 1.636219e+01
9000161 2.518746e-01 2.121814e+01 1.526647e+01
10000004 2.518746e-01 1.511227e+01 1.504884e+01
2400 2.495045e-01 2.490813e+08 3.775889e+02
1000743 2.495045e-01 8.821040e+01 2.413824e+01
2001226 2.495045e-01 4.052686e+01 2.224338e+01
3000637 2.495045e-01 3.149537e+01 2.224338e+01
4001156 2.495045e-01 2.769124e+01 2.083646e+01
5000775 2.495045e-01 2.572835e+01 1.448607e+01
6000369 2.495045e-01 2.444555e+01 1.294956e+01
7000555 2.495045e-01 2.326484e+01 1.130636e+01
8000415 2.495045e-01 2.221520e+01 1.109384e+01
9000013 2.495045e-01 2.074545e+01 9.853929e+00
10000003 2.495045e-01 8.523579e+00 8.415036e+00
2400 2.498388e-01 2.105258e+08 6.022904e+02
1001331 2.498388e-01 9.142670e+01 2.279579e+01
2000034 2.498388e-01 4.113186e+01 2.241361e+01
3001368 2.498388e-01 3.187523e+01 2.047769e+01
4000120 2.498388e-01 2.783470e+01 1.936036e+01
5000881 2.498388e-01 2.579215e+01 1.754374e+01
6000440 2.498388e-01 2.446029e+01 1.620830e+01
7000469 2.498388e-01 2.336670e+01 1.594955e+01
8000077 2.498388e-01 2.236616e+01 1.588144e+01
9000153 2.498388e-01 2.131084e+01 1.530093e+01
10000001 2.498388e-01 1.555903e+01 1.493863e+01
2400 2.511137e-01 2.241448e+08 8.652828e+02
1001445 2.511137e-01 9.099325e+01 2.436648e+01
2001253 2.511137e-01 4.233340e+01 2.167344e+01
3001517 2.511137e-01 3.201670e+01 2.167344e+01
4000477 2.511137e-01 2.809353e+01 2.134280e+01
5000478 2.511137e-01 2.592515e+01 2.084782e+01
6000849 2.511137e-01 2.456329e+01 2.079708e+01
7000214 2.511137e-01 2.352771e+01 2.079491e+01
8000031 2.511137e-01 2.257324e+01 2.077069e+01
9000119 2.511137e-01 2.160664e+01 2.045179e+01
9999983 2.512183e-01 2.033457e+01 2.030607e+01
2400 2.495682e-01 2.373368e+08 5.687823e+02
1001779 2.495682e-01 8.942865e+01 2.455763e+01
2000258 2.495682e-01 4.143566e+01 2.171926e+01
3001087 2.495682e-01 3.201687e+01 2.171926e+01
4001099 2.495682e-01 2.811478e+01 2.101897e+01
5000097 2.495682e-01 2.603938e+01 2.101852e+01
6000752 2.495682e-01 2.469129e+01 2.101852e+01
7000611 2.495682e-01 2.354173e+01 2.101816e+01
8000183 2.495682e-01 2.251313e+01 2.084227e+01
9000178 2.495682e-01 2.147739e+01 2.037860e+01
9999971 2.496722e-01 2.025276e+01 2.021712e+01
2400 2.504202e-01 2.413414e+08 1.472016e+02
1000202 2.504202e-01 9.014524e+01 2.435174e+01
2000205 2.504202e-01 4.132175e+01 2.073158e+01
3000890 2.504202e-01 3.194768e+01 2.073158e+01
4000359 2.504202e-01 2.784811e+01 2.073158e+01
5000822 2.504202e-01 2.592023e+01 2.073151e+01
6000240 2.504202e-01 2.460301e+01 2.073151e+01
7000432 2.504202e-01 2.353848e+01 2.073151e+01
8000084 2.504202e-01 2.254661e+01 2.064415e+01
9000015 2.504202e-01 2.151647e+01 1.967816e+01
9999949 2.505245e-01 1.887319e+01 1.880730e+01
2400 2.498864e-01 2.138773e+08 5.454667e+02
1000032 2.498864e-01 8.972638e+01 2.442727e+01
2000695 2.498864e-01 4.208331e+01 2.400835e+01
3001519 2.498864e-01 3.222679e+01 2.323138e+01
4000612 2.498864e-01 2.810093e+01 2.093711e+01
5000794 2.498864e-01 2.600252e+01 2.004036e+01
6000666 2.498864e-01 2.453837e+01 1.929028e+01
7000143 2.498864e-01 2.348081e+01 1.892781e+01
8000370 2.498864e-01 2.247063e+01 1.867758e+01
9000065 2.498864e-01 2.139048e+01 1.775345e+01
10000004 2.498864e-01 1.750024e+01 1.742926e+01
2400 2.502866e-01 2.547870e+08 3.538689e+02
1002022 2.502866e-01 8.854241e+01 2.353930e+01
2000580 2.502866e-01 4.048362e+01 2.343448e+01
3000473 2.502866e-01 3.188427e+01 2.155156e+01
4000576 2.502866e-01 2.790291e+01 2.129975e+01
5000315 2.502866e-01 2.583113e+01 2.100615e+01
6000675 2.502866e-01 2.451117e+01 2.084144e+01
7000216 2.502866e-01 2.344149e+01 2.073045e+01
8000551 2.502866e-01 2.249697e+01 2.026352e+01
9000052 2.502866e-01 2.150262e+01 1.949748e+01
10000003 2.502866e-01 1.934897e+01 1.924023e+01
2400 2.494391e-01 2.189621e+08 1.506617e+02
1000664 2.494391e-01 8.906731e+01 2.254524e+01
2000107 2.494391e-01 4.170118e+01 2.254524e+01
3000348 2.494391e-01 3.217238e+01 2.098691e+01
4000870 2.494391e-01 2.805952e+01 2.056570e+01
5000658 2.494391e-01 2.601304e+01 2.001554e+01
6001226 2.494391e-01 2.463434e+01 1.566654e+01
7000688 2.494391e-01 2.348370e+01 1.466366e+01
8000255 2.494391e-01 2.236441e+01 1.304424e+01
9000041 2.494391e-01 2.111699e+01 1.133746e+01
10000005 2.494391e-01 1.053191e+01 9.950986e+00
2400 2.506215e-01 2.132667e+08 3.630305e+02
1000347 2.506215e-01 9.166098e+01 2.267052e+01
2001756 2.506215e-01 4.131162e+01 2.266058e+01
3000270 2.506215e-01 3.186324e+01 2.138124e+01
4001173 2.506215e-01 2.793780e+01 2.115864e+01
5000721 2.506215e-01 2.602371e+01 2.115864e+01
6000717 2.506215e-01 2.470079e+01 2.115864e+01
7000171 2.506215e-01 2.354583e+01 2.068710e+01
8000212 2.506215e-01 2.234411e+01 8.722760e+00
9000142 2.506215e-01 2.090597e+01 4.479440e+00
10000002 2.506215e-01 8.096240e-01 6.853007e-01
2400 2.501195e-01 2.338963e+08 6.650885e+02
1001499 2.501195e-01 9.548941e+01 2.412686e+01
2000424 2.501195e-01 4.300248e+01 2.313160e+01
3001035 2.501195e-01 3.256412e+01 2.211540e+01
4000319 2.501195e-01 2.813352e+01 1.926672e+01
5001181 2.501195e-01 2.613735e+01 1.800936e+01
6000893 2.501195e-01 2.475204e+01 1.778295e+01
7000019 2.501195e-01 2.356328e+01 1.733623e+01
8000045 2.501195e-01 2.244518e+01 1.570890e+01
9000031 2.501195e-01 2.119018e+01 1.467575e+01
10000000 2.501195e-01 1.467679e+01 1.466650e+01
2400 2.481803e-01 2.183515e+08 4.301391e+02
1000913 2.481803e-01 8.789384e+01 2.391608e+01
2001656 2.481803e-01 4.035909e+01 2.334550e+01
3000093 2.481803e-01 3.176114e+01 2.182773e+01
4001229 2.481803e-01 2.781040e+01 2.096643e+01
5000891 2.481803e-01 2.594772e+01 2.096636e+01
6000168 2.481803e-01 2.455472e+01 2.096533e+01
7000668 2.481803e-01 2.344710e+01 2.096533e+01
8000380 2.481803e-01 2.245485e+01 1.998841e+01
9000068 2.481803e-01 2.142041e+01 1.865092e+01
10000000 2.481803e-01 1.938041e+01 1.863657e+01
2400 2.493744e-01 2.267389e+08 5.770052e+02
1000496 2.493744e-01 9.233662e+01 2.385896e+01
2000740 2.493744e-01 4.177766e+01 2.375380e+01
3000970 2.493744e-01 3.213328e+01 2.162270e+01
4000789 2.493744e-01 2.801990e+01 2.143949e+01
5001060 2.493744e-01 2.593957e+01 2.125540e+01
6000714 2.493744e-01 2.454598e+01 2.065924e+01
7000601 2.493744e-01 2.340599e+01 2.011123e+01
8000112 2.493744e-01 2.240892e+01 1.974265e+01
9000208 2.493744e-01 2.141946e+01 1.831651e+01
10000004 2.493744e-01 1.961030e+01 1.818628e+01
2400 2.498025e-01 2.185972e+08 7.658628e+02
1001165 2.498025e-01 9.157660e+01 2.273206e+01
2000843 2.498025e-01 4.083045e+01 2.273206e+01
3001614 2.498025e-01 3.212844e+01 2.132473e+01
4000863 2.498025e-01 2.817854e+01 2.069378e+01
5000473 2.498025e-01 2.612293e+01 2.069378e+01
6000759 2.498025e-01 2.473852e+01 2.057001e+01
7000271 2.498025e-01 2.357517e+01 1.885255e+01
8000453 2.498025e-01 2.243509e+01 1.843194e+01
9000159 2.498025e-01 2.138054e+01 1.799612e+01
9999502 2.499066e-01 1.776405e+01 1.724984e+01
2400 2.496571e-01 2.263608e+08 2.489368e+02
1000762 2.496571e-01 9.200934e+01 2.189445e+01
2001891 2.496571e-01 4.210878e+01 2.175487e+01
3000866 2.496571e-01 3.186032e+01 2.174776e+01
4001431 2.496571e-01 2.795619e+01 2.040376e+01
5000874 2.496571e-01 2.590304e+01 1.831217e+01
6000521 2.496571e-01 2.460149e+01 1.753673e+01
7000191 2.496571e-01 2.350384e+01 1.695742e+01
8000442 2.496571e-01 2.244045e+01 1.649735e+01
9000184 2.496571e-01 2.134941e+01 1.562736e+01
10000003 2.496571e-01 1.506631e+01 1.438351e+01
2400 2.504732e-01 2.287390e+08 4.975225e+02
1000540 2.504732e-01 9.241148e+01 2.252411e+01
2000859 2.504732e-01 4.201513e+01 2.191416e+01
3001168 2.504732e-01 3.234719e+01 2.136245e+01
4001942 2.504732e-01 2.812500e+01 2.135540e+01
5000345 2.504732e-01 2.607190e+01 2.110548e+01
6000001 2.504732e-01 2.456335e+01 2.109683e+01
7000031 2.504732e-01 2.343796e+01 2.054046e+01
8000233 2.504732e-01 2.243973e+01 1.946549e+01
9000217 2.504732e-01 2.144084e+01 1.872831e+01
10000000 2.504732e-01 1.874654e+01 1.871028e+01
2400 2.494730e-01 2.301406e+08 6.791026e+02
1001579 2.494730e-01 9.387403e+01 2.466570e+01
2000301 2.494730e-01 4.244092e+01 2.303355e+01
3001225 2.494730e-01 3.192740e+01 2.093047e+01
4000828 2.494730e-01 2.783798e+01 2.089566e+01
5000043 2.494730e-01 2.591743e+01 2.088799e+01
6000628 2.494730e-01 2.464265e+01 2.000472e+01
7000691 2.494730e-01 2.350643e+01 1.839911e+01
8000345 2.494730e-01 2.248411e+01 1.798315e+01
9000096 2.494730e-01 2.130535e+01 1.686019e+01
9999959 2.495769e-01 1.452569e+01 1.442326e+01
2400 2.499714e-01 2.159719e+08 4.444409e+02
1001959 2.499714e-01 9.080934e+01 2.357009e+01
2000989 2.499714e-01 4.354250e+01 2.295028e+01
3000356 2.499714e-01 3.215601e+01 2.032252e+01
4000051 2.499714e-01 2.803371e+01 1.891116e+01
5000126 2.499714e-01 2.595118e+01 1.853122e+01
6000323 2.499714e-01 2.457736e+01 1.748243e+01
7000274 2.499714e-01 2.349307e+01 1.612277e+01
8000009 2.499714e-01 2.246076e+01 1.504232e+01
9000548 2.499714e-01 2.126218e+01 1.406504e+01
10000005 2.499714e-01 1.369513e+01 1.340031e+01
2400 2.496853e-01 2.275201e+08 5.277330e+02
1000801 2.496853e-01 9.320964e+01 2.410570e+01
2001218 2.496853e-01 4.202286e+01 2.231217e+01
3001214 2.496853e-01 3.260023e+01 2.138489e+01
4001374 2.496853e-01 2.832796e+01 2.088295e+01
5000436 2.496853e-01 2.618354e+01 2.057314e+01
6000774 2.496853e-01 2.475275e+01 2.057314e+01
7000456 2.496853e-01 2.357752e+01 2.057314e+01
8000310 2.496853e-01 2.256366e+01 2.051910e+01
9000127 2.496853e-01 2.149205e+01 1.931661e+01
10000001 2.496853e-01 1.914202e+01 1.894450e+01
2400 2.507830e-01 2.337653e+08 6.381289e+02
1000696 2.507830e-01 9.469145e+01 2.327878e+01
2001050 2.507830e-01 4.417058e+01 2.144035e+01
3000893 2.507830e-01 3.256463e+01 2.144035e+01
4000678 2.507830e-01 2.822682e+01 2.074959e+01
5000388 2.507830e-01 2.594441e+01 2.023276e+01
6000929 2.507830e-01 2.452515e+01 2.023276e+01
7000023 2.507830e-01 2.342276e+01 1.982594e+01
8000405 2.507830e-01 2.244708e+01 1.975477e+01
9000072 2.507830e-01 2.148232e+01 1.915918e+01
10000002 2.507830e-01 1.895944e+01 1.886372e+01
2400 2.505462e-01 2.139549e+08 6.908608e+02
1000761 2.505462e-01 9.216548e+01 2.416321e+01
2000015 2.505462e-01 4.205901e+01 2.328202e+01
3000171 2.505462e-01 3.183364e+01 2.198370e+01
4000042 2.505462e-01 2.787682e+01 2.089836e+01
5000191 2.505462e-01 2.603515e+01 2.085069e+01
6000907 2.505462e-01 2.464705e+01 1.995013e+01
7000384 2.505462e-01 2.350068e+01 1.970632e+01
8000434 2.505462e-01 2.245534e+01 1.910955e+01
9000176 2.505462e-01 2.124007e+01 1.510392e+01
9999962 2.506506e-01 1.388252e+01 1.386638e+01
2400 2.505377e-01 2.550059e+08 4.983062e+02
1000244 2.505377e-01 9.527107e+01 2.264324e+01
2000555 2.505377e-01 4.414337e+01 2.264324e+01
3000824 2.505377e-01 3.245669e+01 2.123746e+01
4000556 2.505377e-01 2.821614e+01 2.087746e+01
5000943 2.505377e-01 2.613590e+01 2.087538e+01
6000891 2.505377e-01 2.479045e+01 2.087538e+01
7000508 2.505377e-01 2.345082e+01 2.066246e+01
8000292 2.505377e-01 2.249584e+01 2.049973e+01
9000244 2.505377e-01 2.137816e+01 1.862717e+01
10000004 2.505377e-01 1.854513e+01 1.853439e+01
2400 2.506404e-01 2.669460e+08 5.425423e+02
1000895 2.506404e-01 8.990808e+01 2.323327e+01
2000567 2.506404e-01 4.252440e+01 2.316811e+01
3001211 2.506404e-01 3.210797e+01 2.070678e+01
4001063 2.506404e-01 2.807803e+01 2.001191e+01
5000746 2.506404e-01 2.598876e+01 1.772114e+01
6000380 2.506404e-01 2.462506e+01 1.689557e+01
7000283 2.506404e-01 2.347495e+01 1.587827e+01
8000462 2.506404e-01 2.246127e+01 1.558243e+01
9000209 2.506404e-01 2.135542e+01 1.467536e+01
10000000 2.506404e-01 1.760164e+01 1.456240e+01
2400 2.497604e-01 2.197357e+08 2.946268e+02
1001683 2.497604e-01 9.220562e+01 2.361750e+01
2001265 2.497604e-01 4.264387e+01 2.342302e+01
3000195 2.497604e-01 3.232834e+01 2.028059e+01
4002296 2.497604e-01 2.805753e+01 2.028040e+01
5000045 2.497604e-01 2.603531e+01 2.028040e+01
6000616 2.497604e-01 2.470019e+01 2.028040e+01
7000312 2.497604e-01 2.346849e+01 1.971876e+01
8000380 2.497604e-01 2.249850e+01 1.898007e+01
9000013 2.497604e-01 2.150115e+01 1.820677e+01
10000000 2.497604e-01 1.913650e+01 1.791639e+01
2400 2.503362e-01 2.203259e+08 1.036275e+02
1000957 2.503362e-01 9.194078e+01 2.187309e+01
2000957 2.503362e-01 4.214735e+01 2.187309e+01
3001177 2.503362e-01 3.232860e+01 2.113954e+01
4000385 2.503362e-01 2.803154e+01 2.097948e+01
5001174 2.503362e-01 2.600392e+01 2.097948e+01
6000079 2.503362e-01 2.461736e+01 2.096399e+01
7000613 2.503362e-01 2.348856e+01 2.093697e+01
8000474 2.503362e-01 2.250556e+01 2.090548e+01
9000158 2.503362e-01 2.149008e+01 2.015620e+01
10000004 2.503362e-01 2.012703e+01 2.000638e+01
2400 2.496123e-01 2.013333e+08 5.878187e+02
1001688 2.496123e-01 8.940771e+01 2.419307e+01
2001548 2.496123e-01 4.147570e+01 2.224789e+01
3001270 2.496123e-01 3.199093e+01 2.224789e+01
4002511 2.496123e-01 2.799837e+01 2.033196e+01
5000854 2.496123e-01 2.588674e+01 2.009543e+01
6000550 2.496123e-01 2.449114e+01 1.576566e+01
7000701 2.496123e-01 2.343793e+01 1.478445e+01
8000398 2.496123e-01 2.228948e+01 1.401572e+01
9000103 2.496123e-01 2.096577e+01 1.214542e+01
10000005 2.496123e-01 1.115634e+01 1.102154e+01
2400 2.508741e-01 2.610062e+08 3.543276e+02
1001667 2.508741e-01 8.894038e+01 2.423090e+01
2000783 2.508741e-01 4.089945e+01 2.352103e+01
3001449 2.508741e-01 3.224449e+01 2.114890e+01
4001202 2.508741e-01 2.807823e+01 1.749395e+01
5000038 2.508741e-01 2.605909e+01 1.688747e+01
6000570 2.508741e-01 2.467525e+01 1.578169e+01
7000507 2.508741e-01 2.354675e+01 1.505516e+01
8000257 2.508741e-01 2.242873e+01 1.278734e+01
9000111 2.508741e-01 2.079021e+01 7.446810e+00
10000004 2.508741e-01 3.941214e+00 3.939740e+00
1.49e+01 (5.12e+00): 
1.483624e+01 1.596328e+01 3.531187e+00 1.504884e+01 8.415036e+00 1.493863e+01 2.030607e+01 2.021712e+01 1.880730e+01 1.742926e+01 1.924023e+01 9.950986e+00 6.853007e-01 1.466650e+01 1.863657e+01 1.818628e+01 1.724984e+01 1.438351e+01 1.871028e+01 1.442326e+01 1.340031e+01 1.894450e+01 1.886372e+01 1.386638e+01 1.853439e+01 1.456240e+01 1.791639e+01 2.000638e+01 1.102154e+01 3.939740e+00 