2400 2.506985e-01 3.827984e+04 6.260530e+03
1001829 2.506985e-01 6.124279e+02 3.000002e+02
2001431 2.506985e-01 2.921161e+02 1.052197e-03
3001361 2.506985e-01 4.347276e+01 6.741439e-04
4001286 2.506985e-01 9.298396e-08 4.713911e-08
5000034 2.506985e-01 6.377047e-13 4.547474e-13
6000747 2.506985e-01 4.490866e-13 0.000000e+00
7000659 2.506985e-01 4.327637e-13 0.000000e+00
8000472 2.506985e-01 1.528326e-13 0.000000e+00
9000232 2.506985e-01 0.000000e+00 0.000000e+00
10000000 2.506985e-01 0.000000e+00 0.000000e+00
2400 2.506362e-01 3.850920e+04 7.423998e+03
1000353 2.506362e-01 6.623481e+02 6.611378e-04
2000549 2.506362e-01 2.969689e+02 6.611378e-04
3001551 2.506362e-01 1.305760e+02 6.611378e-04
4001284 2.506362e-01 1.510996e-06 8.806378e-07
5000567 2.506362e-01 7.813489e-13 4.547474e-13
6000227 2.506362e-01 4.533322e-13 0.000000e+00
7000390 2.506362e-01 4.478382e-13 0.000000e+00
8000297 2.506362e-01 4.284939e-13 0.000000e+00
9000207 2.506362e-01 0.000000e+00 0.000000e+00
10000001 2.506362e-01 0.000000e+00 0.000000e+00
2400 2.503384e-01 3.776152e+04 6.905655e+03
1000552 2.503384e-01 5.901478e+02 8.697936e-04
2000106 2.503384e-01 2.868941e+02 8.697936e-04
3000705 2.503384e-01 1.973240e+02 8.482407e-04
4000590 2.503384e-01 5.362439e-06 2.774394e-06
5001005 2.503384e-01 8.739617e-13 4.547474e-13
6000598 2.503384e-01 4.533322e-13 0.000000e+00
7000667 2.503384e-01 4.453258e-13 0.000000e+00
8000252 2.503384e-01 3.769246e-13 0.000000e+00
9000162 2.503384e-01 0.000000e+00 0.000000e+00
10000005 2.503384e-01 0.000000e+00 0.000000e+00
2400 2.518746e-01 3.868995e+04 7.772122e+03
1001779 2.518746e-01 6.630397e+02 6.062970e-04
2000625 2.518746e-01 2.923528e+02 6.062970e-04
3001263 2.518746e-01 1.292980e+02 6.062970e-04
4000359 2.518746e-01 2.851912e-06 1.307290e-06
5000636 2.518746e-01 7.942013e-13 4.547474e-13
6000175 2.518746e-01 4.500301e-13 0.000000e+00
7000134 2.518746e-01 4.384166e-13 0.000000e+00
8000456 2.518746e-01 3.684860e-13 0.000000e+00
9000158 2.518746e-01 0.000000e+00 0.000000e+00
9999946 2.519796e-01 0.000000e+00 0.000000e+00
2400 2.495045e-01 3.759666e+04 7.387160e+03
1000644 2.495045e-01 6.453592e+02 5.170986e-04
2001082 2.495045e-01 2.826777e+02 5.170986e-04
3000671 2.495045e-01 2.561780e+02 5.170986e-04
4000163 2.495045e-01 2.005962e+00 4.942923e-05
5000702 2.495045e-01 8.691609e-12 5.002221e-12
6000221 2.495045e-01 4.509735e-13 0.000000e+00
7000081 2.495045e-01 4.252265e-13 0.000000e+00
8000339 2.495045e-01 0.000000e+00 0.000000e+00
9000188 2.495045e-01 0.000000e+00 0.000000e+00
10000003 2.495045e-01 0.000000e+00 0.000000e+00
2400 2.498388e-01 3.786536e+04 8.219807e+03
1000454 2.498388e-01 6.792628e+02 7.725908e-04
2000106 2.498388e-01 2.999755e+02 7.725908e-04
3000822 2.498388e-01 1.830220e+02 7.544586e-04
4000977 2.498388e-01 4.196116e-06 2.075306e-06
5000006 2.498388e-01 8.671575e-13 4.547474e-13
6000817 2.498388e-01 4.533322e-13 0.000000e+00
7000436 2.498388e-01 4.503506e-13 0.000000e+00
8000436 2.498388e-01 4.294315e-13 0.000000e+00
9000070 2.498388e-01 0.000000e+00 0.000000e+00
9999964 2.499429e-01 0.000000e+00 0.000000e+00
2400 2.511137e-01 3.734306e+04 7.282380e+03
1000745 2.511137e-01 6.339420e+02 2.758214e-03
2001417 2.511137e-01 3.016566e+02 2.758214e-03
3001253 2.511137e-01 1.339549e+02 2.209184e-03
4001114 2.511137e-01 2.002541e-06 1.126325e-06
5000185 2.511137e-01 7.628264e-13 4.547474e-13
6000074 2.511137e-01 4.509735e-13 0.000000e+00
7000065 2.511137e-01 4.403010e-13 0.000000e+00
8000404 2.511137e-01 3.647355e-13 0.000000e+00
9000018 2.511137e-01 0.000000e+00 0.000000e+00
10000005 2.511137e-01 0.000000e+00 0.000000e+00
2400 2.495682e-01 3.788396e+04 6.357962e+03
1001712 2.495682e-01 6.223313e+02 5.272142e-04
2000730 2.495682e-01 2.804196e+02 5.272142e-04
3000763 2.495682e-01 2.208962e+02 5.272142e-04
4000307 2.495682e-01 1.085641e-05 3.949395e-06
5000837 2.495682e-01 9.174329e-13 4.547474e-13
6000395 2.495682e-01 4.519170e-13 0.000000e+00
7000370 2.495682e-01 4.465820e-13 0.000000e+00
8000130 2.495682e-01 4.125543e-13 0.000000e+00
9000238 2.495682e-01 0.000000e+00 0.000000e+00
10000002 2.495682e-01 0.000000e+00 0.000000e+00
2400 2.504202e-01 3.734204e+04 6.735954e+03
1001856 2.504202e-01 6.170244e+02 6.167825e-04
2001855 2.504202e-01 2.920142e+02 6.167825e-04
3000163 2.504202e-01 1.127918e+02 4.595726e-04
4000052 2.504202e-01 4.702035e-07 2.110842e-07
5000561 2.504202e-01 7.276714e-13 4.547474e-13
6000450 2.504202e-01 4.509735e-13 0.000000e+00
7000367 2.504202e-01 4.340199e-13 0.000000e+00
8000466 2.504202e-01 5.531978e-14 0.000000e+00
9000158 2.504202e-01 0.000000e+00 0.000000e+00
10000003 2.504202e-01 0.000000e+00 0.000000e+00
2400 2.498864e-01 3.726979e+04 5.548301e+03
1001583 2.498864e-01 6.320014e+02 8.732945e-04
2001832 2.498864e-01 2.909024e+02 8.732945e-04
3000676 2.498864e-01 2.233150e+02 7.280135e-04
4000052 2.498864e-01 8.982230e-06 4.723813e-06
5000321 2.498864e-01 1.065613e-12 4.547474e-13
6000831 2.498864e-01 4.533322e-13 0.000000e+00
7000037 2.498864e-01 4.490944e-13 0.000000e+00
8000086 2.498864e-01 4.219305e-13 0.000000e+00
9000206 2.498864e-01 0.000000e+00 0.000000e+00
10000004 2.498864e-01 0.000000e+00 0.000000e+00
2400 2.502866e-01 3.808705e+04 7.915503e+03
1001685 2.502866e-01 6.671574e+02 5.128831e-04
2000575 2.502866e-01 2.891552e+02 5.128831e-04
3000910 2.502866e-01 1.215933e+02 5.111050e-04
4000643 2.502866e-01 1.362465e-06 6.028886e-07
5000758 2.502866e-01 6.981865e-13 0.000000e+00
6000441 2.502866e-01 4.476714e-13 0.000000e+00
7000452 2.502866e-01 4.176892e-13 0.000000e+00
8000320 2.502866e-01 0.000000e+00 0.000000e+00
9000174 2.502866e-01 0.000000e+00 0.000000e+00
9999942 2.503909e-01 0.000000e+00 0.000000e+00
2400 2.494391e-01 3.775987e+04 6.007884e+03
1002820 2.494391e-01 6.596698e+02 7.418221e-04
2000118 2.494391e-01 2.920857e+02 7.242053e-04
3000240 2.494391e-01 1.983015e+02 5.677546e-04
4000879 2.494391e-01 1.036035e-05 5.276124e-06
5000038 2.494391e-01 9.140308e-13 4.547474e-13
6000587 2.494391e-01 4.533322e-13 0.000000e+00
7000538 2.494391e-01 4.478382e-13 0.000000e+00
8000348 2.494391e-01 4.303691e-13 0.000000e+00
9000189 2.494391e-01 0.000000e+00 0.000000e+00
10000002 2.494391e-01 0.000000e+00 0.000000e+00
2400 2.506215e-01 3.853387e+04 5.792936e+03
1002135 2.506215e-01 6.702836e+02 9.691916e-04
2000738 2.506215e-01 2.945319e+02 9.691916e-04
3000201 2.506215e-01 2.184756e+02 9.177169e-04
4001323 2.506215e-01 1.520842e-05 7.664702e-06
5000242 2.506215e-01 9.873650e-13 4.547474e-13
6000815 2.506215e-01 4.528604e-13 0.000000e+00
7000615 2.506215e-01 4.472101e-13 0.000000e+00
8000418 2.506215e-01 4.219305e-13 0.000000e+00
9000034 2.506215e-01 0.000000e+00 0.000000e+00
9999939 2.507259e-01 0.000000e+00 0.000000e+00
2400 2.501195e-01 3.788625e+04 7.239399e+03
1000145 2.501195e-01 6.498062e+02 3.529989e-04
2000902 2.501195e-01 2.891568e+02 3.529989e-04
3000495 2.501195e-01 1.865097e+02 3.131985e-04
4000982 2.501195e-01 3.984746e-06 1.975333e-06
5001155 2.501195e-01 8.323804e-13 4.547474e-13
6000653 2.501195e-01 4.490866e-13 0.000000e+00
7000421 2.501195e-01 4.377885e-13 0.000000e+00
8000447 2.501195e-01 3.047276e-13 0.000000e+00
9000184 2.501195e-01 0.000000e+00 0.000000e+00
10000004 2.501195e-01 0.000000e+00 0.000000e+00
2400 2.481803e-01 3.780341e+04 7.359217e+03
1001784 2.481803e-01 6.447692e+02 1.282120e-03
2001749 2.481803e-01 2.897481e+02 1.282120e-03
3000735 2.481803e-01 2.206032e+02 1.048537e-03
4000643 2.481803e-01 6.641479e-06 3.168576e-06
5001109 2.481803e-01 9.147869e-13 4.547474e-13
6000130 2.481803e-01 4.505018e-13 0.000000e+00
7000591 2.481803e-01 4.390447e-13 0.000000e+00
8000397 2.481803e-01 1.978385e-13 0.000000e+00
9000219 2.481803e-01 0.000000e+00 0.000000e+00
10000000 2.481803e-01 0.000000e+00 0.000000e+00
2400 2.493744e-01 3.781272e+04 7.450983e+03
1001688 2.493744e-01 6.556482e+02 7.144751e-04
2001003 2.493744e-01 2.964598e+02 7.144751e-04
3001556 2.493744e-01 1.256686e+02 7.097895e-04
4000412 2.493744e-01 1.652818e-06 9.043442e-07
5000608 2.493744e-01 7.382557e-13 4.547474e-13
6000797 2.493744e-01 4.542756e-13 0.000000e+00
7000649 2.493744e-01 4.434415e-13 0.000000e+00
8000349 2.493744e-01 4.181800e-13 0.000000e+00
9000116 2.493744e-01 0.000000e+00 0.000000e+00
10000004 2.493744e-01 0.000000e+00 0.000000e+00
2400 2.498025e-01 3.797150e+04 6.421255e+03
1000056 2.498025e-01 6.403820e+02 3.000002e+02
2000493 2.498025e-01 2.895931e+02 8.860458e-04
3001323 2.498025e-01 1.075275e+02 7.532348e-04
4000480 2.498025e-01 8.716346e-07 4.065614e-07
5000847 2.498025e-01 6.906263e-13 4.547474e-13
6000352 2.498025e-01 4.495583e-13 0.000000e+00
7000499 2.498025e-01 4.365323e-13 0.000000e+00
8000088 2.498025e-01 1.753356e-13 0.000000e+00
9000009 2.498025e-01 0.000000e+00 0.000000e+00
10000004 2.498025e-01 0.000000e+00 0.000000e+00
2400 2.496571e-01 3.879999e+04 7.800771e+03
1001279 2.496571e-01 6.466321e+02 1.062421e-03
2000443 2.496571e-01 2.981963e+02 1.062421e-03
3001097 2.496571e-01 1.736164e+02 9.815655e-04
4000182 2.496571e-01 3.672448e-06 2.012140e-06
5000500 2.496571e-01 8.592192e-13 4.547474e-13
6000111 2.496571e-01 4.538039e-13 0.000000e+00
7000291 2.496571e-01 4.497225e-13 0.000000e+00
8000432 2.496571e-01 4.209929e-13 0.000000e+00
9000085 2.496571e-01 0.000000e+00 0.000000e+00
10000005 2.496571e-01 0.000000e+00 0.000000e+00
2400 2.504732e-01 3.830883e+04 6.824142e+03
1000266 2.504732e-01 6.376891e+02 6.840973e-04
2001736 2.504732e-01 2.885679e+02 6.840973e-04
3000883 2.504732e-01 2.618182e+02 6.654129e-04
4000648 2.504732e-01 1.142210e-05 5.715049e-06
5000990 2.504732e-01 1.435308e-12 9.094947e-13
6000409 2.504732e-01 4.538039e-13 0.000000e+00
7000561 2.504732e-01 4.490944e-13 0.000000e+00
8000154 2.504732e-01 4.284939e-13 0.000000e+00
9000219 2.504732e-01 0.000000e+00 0.000000e+00
9999969 2.505776e-01 0.000000e+00 0.000000e+00
2400 2.494730e-01 3.827966e+04 6.473108e+03
1001579 2.494730e-01 6.531502e+02 8.778280e-04
2000017 2.494730e-01 2.885137e+02 8.778280e-04
3001663 2.494730e-01 2.145064e+02 7.616002e-04
4001255 2.494730e-01 1.171131e-05 6.272379e-06
5000083 2.494730e-01 9.733786e-13 4.547474e-13
6000633 2.494730e-01 4.538039e-13 0.000000e+00
7000511 2.494730e-01 4.484663e-13 0.000000e+00
8000426 2.494730e-01 4.303691e-13 0.000000e+00
9000179 2.494730e-01 0.000000e+00 0.000000e+00
10000003 2.494730e-01 0.000000e+00 0.000000e+00
2400 2.499714e-01 3.865302e+04 7.280294e+03
1001064 2.499714e-01 6.429982e+02 7.556262e-04
2001207 2.499714e-01 2.813192e+02 7.556262e-04
3001574 2.499714e-01 2.640238e+02 7.556262e-04
4000544 2.499714e-01 2.328496e+01 5.984814e-05
5000614 2.499714e-01 3.309109e-11 1.637090e-11
6000431 2.499714e-01 4.538039e-13 0.000000e+00
7000491 2.499714e-01 4.453258e-13 0.000000e+00
8000380 2.499714e-01 4.153672e-13 0.000000e+00
9000062 2.499714e-01 0.000000e+00 0.000000e+00
10000002 2.499714e-01 0.000000e+00 0.000000e+00
2400 2.496853e-01 3.827652e+04 4.745223e+03
1004834 2.496853e-01 6.627182e+02 8.096616e-04
2001381 2.496853e-01 2.980782e+02 6.793824e-04
3000083 2.496853e-01 2.484383e+02 5.465156e-04
4001268 2.496853e-01 2.018175e-05 1.101938e-05
5000069 2.496853e-01 1.219842e-12 4.547474e-13
6000622 2.496853e-01 4.528604e-13 0.000000e+00
7000382 2.496853e-01 4.472101e-13 0.000000e+00
8000156 2.496853e-01 3.966147e-13 0.000000e+00
9000165 2.496853e-01 0.000000e+00 0.000000e+00
10000002 2.496853e-01 0.000000e+00 0.000000e+00
2400 2.507830e-01 3.827823e+04 7.486395e+03
1000691 2.507830e-01 5.995341e+02 8.651753e-04
2001556 2.507830e-01 2.858997e+02 8.651753e-04
3000569 2.507830e-01 2.556007e+02 6.409102e-04
4000734 2.507830e-01 1.129743e-05 4.735402e-06
5001132 2.507830e-01 1.283348e-12 4.547474e-13
6000538 2.507830e-01 4.523887e-13 0.000000e+00
7000401 2.507830e-01 4.446977e-13 0.000000e+00
8000069 2.507830e-01 3.947395e-13 0.000000e+00
9000140 2.507830e-01 0.000000e+00 0.000000e+00
10000005 2.507830e-01 0.000000e+00 0.000000e+00
2400 2.505462e-01 3.799931e+04 7.137046e+03
1002021 2.505462e-01 6.145324e+02 1.608361e-03
2000950 2.505462e-01 2.888284e+02 1.608361e-03
3001516 2.505462e-01 1.088457e+02 1.254193e-03
4000212 2.505462e-01 8.839095e-07 4.384001e-07
5000688 2.505462e-01 7.095268e-13 4.547474e-13
6000565 2.505462e-01 4.505018e-13 0.000000e+00
7000283 2.505462e-01 4.446977e-13 0.000000e+00
8000053 2.505462e-01 4.013028e-13 0.000000e+00
9000238 2.505462e-01 0.000000e+00 0.000000e+00
9999967 2.506506e-01 0.000000e+00 0.000000e+00
2400 2.505377e-01 3.809324e+04 4.394267e+03
1002080 2.505377e-01 6.614836e+02 3.000002e+02
2001262 2.505377e-01 2.915157e+02 9.719917e-04
3001030 2.505377e-01 2.162571e+01 9.657469e-04
4000264 2.505377e-01 5.581401e-08 2.868501e-08
5000556 2.505377e-01 5.129611e-13 4.547474e-13
6000441 2.505377e-01 4.523887e-13 0.000000e+00
7000352 2.505377e-01 4.459539e-13 0.000000e+00
8000115 2.505377e-01 4.059909e-13 0.000000e+00
9000172 2.505377e-01 0.000000e+00 0.000000e+00
10000005 2.505377e-01 0.000000e+00 0.000000e+00
2400 2.506404e-01 3.730250e+04 6.984995e+03
1000301 2.506404e-01 6.205244e+02 6.798031e-04
2000147 2.506404e-01 2.830312e+02 6.798031e-04
3000518 2.506404e-01 2.706162e+02 6.233887e-04
4001062 2.506404e-01 4.822788e+00 8.322432e-06
5000276 2.506404e-01 8.807659e-12 5.002221e-12
6000041 2.506404e-01 4.533322e-13 0.000000e+00
7000655 2.506404e-01 4.497225e-13 0.000000e+00
8000021 2.506404e-01 4.125543e-13 0.000000e+00
9000215 2.506404e-01 0.000000e+00 0.000000e+00
10000003 2.506404e-01 0.000000e+00 0.000000e+00
2400 2.497604e-01 3.800308e+04 6.003017e+03
1001773 2.497604e-01 6.309390e+02 1.027969e-03
2001137 2.497604e-01 2.862311e+02 1.027969e-03
3000277 2.497604e-01 1.431376e+02 8.878351e-04
4000387 2.497604e-01 1.610097e-06 8.610882e-07
5000946 2.497604e-01 7.756788e-13 4.547474e-13
6000581 2.497604e-01 4.514452e-13 0.000000e+00
7000143 2.497604e-01 4.421853e-13 0.000000e+00
8000306 2.497604e-01 3.403573e-13 0.000000e+00
9000036 2.497604e-01 0.000000e+00 0.000000e+00
10000005 2.497604e-01 0.000000e+00 0.000000e+00
2400 2.503362e-01 3.785118e+04 6.655784e+03
1000377 2.503362e-01 6.220438e+02 6.004823e-04
2000024 2.503362e-01 2.830903e+02 6.004823e-04
3000352 2.503362e-01 2.606887e+02 5.992490e-04
4001152 2.503362e-01 1.744631e-05 8.266173e-06
5000409 2.503362e-01 1.814831e-12 9.094947e-13
6000058 2.503362e-01 4.509735e-13 0.000000e+00
7000034 2.503362e-01 4.384166e-13 0.000000e+00
8000288 2.503362e-01 3.000395e-13 0.000000e+00
9000003 2.503362e-01 0.000000e+00 0.000000e+00
10000000 2.503362e-01 0.000000e+00 0.000000e+00
2400 2.496123e-01 3.796530e+04 8.843029e+03
1001589 2.496123e-01 6.252078e+02 9.711721e-04
2001842 2.496123e-01 2.940078e+02 9.711721e-04
3000808 2.496123e-01 6.051770e+01 9.650816e-04
4001200 2.496123e-01 3.867903e-07 2.071170e-07
5000380 2.496123e-01 6.569833e-13 4.547474e-13
6000024 2.496123e-01 4.505018e-13 0.000000e+00
7000050 2.496123e-01 4.289951e-13 0.000000e+00
8000302 2.496123e-01 9.376234e-15 0.000000e+00
9000203 2.496123e-01 0.000000e+00 0.000000e+00
9999948 2.497163e-01 0.000000e+00 0.000000e+00
2400 2.508741e-01 3.840428e+04 7.138371e+03
1000863 2.508741e-01 6.256298e+02 3.000003e+02
2000165 2.508741e-01 2.927704e+02 8.083989e-04
3000907 2.508741e-01 5.874852e+01 7.898953e-04
4000155 2.508741e-01 1.742974e-07 7.983590e-08
5000353 2.508741e-01 5.957455e-13 4.547474e-13
6000908 2.508741e-01 4.523887e-13 0.000000e+00
7000268 2.508741e-01 4.446977e-13 0.000000e+00
8000389 2.508741e-01 3.919266e-13 0.000000e+00
9000220 2.508741e-01 0.000000e+00 0.000000e+00
10000000 2.508741e-01 0.000000e+00 0.000000e+00
0.00e+00 (0.00e+00): 
0.000000e+00 0.000000e+00 0.000000e+00 0.000000e+00 0.000000e+00 0.000000e+00 0.000000e+00 0.000000e+00 0.000000e+00 0.000000e+00 0.000000e+00 0.000000e+00 0.000000e+00 0.000000e+00 0.000000e+00 0.000000e+00 0.000000e+00 0.000000e+00 0.000000e+00 0.000000e+00 0.000000e+00 0.000000e+00 0.000000e+00 0.000000e+00 0.000000e+00 0.000000e+00 0.000000e+00 0.000000e+00 0.000000e+00 0.000000e+00 