600 2.481754e-01 3.186150e+04 5.866766e+02
600 2.481754e-01 3.186150e+04 5.866766e+02
100525 2.481754e-01 6.161280e+01 2.842171e-12
200086 2.481754e-01 3.139487e+01 2.842171e-12
300217 2.481754e-01 5.289898e+00 2.842171e-12
400079 2.481754e-01 9.585187e-02 2.103206e-12
500203 2.481754e-01 8.193308e-06 1.023182e-12
600162 2.481754e-01 7.654060e-12 1.023182e-12
700113 2.481754e-01 1.544658e-15 0.000000e+00
800007 2.481754e-01 0.000000e+00 0.000000e+00
900062 2.481754e-01 0.000000e+00 0.000000e+00
1000003 2.481754e-01 0.000000e+00 0.000000e+00
600 2.490543e-01 3.293692e+04 5.273682e+02
100505 2.490543e-01 6.274303e+01 2.040679e-11
200359 2.490543e-01 3.431719e+01 2.040679e-11
300002 2.490543e-01 1.082544e+01 2.040679e-11
400214 2.490543e-01 3.408302e-01 2.040679e-11
500195 2.490543e-01 4.926235e-04 1.307399e-12
600178 2.490543e-01 8.390767e-10 1.307399e-12
700047 2.490543e-01 2.965744e-14 0.000000e+00
800028 2.490543e-01 0.000000e+00 0.000000e+00
900018 2.490543e-01 0.000000e+00 0.000000e+00
1000002 2.490543e-01 0.000000e+00 0.000000e+00
600 2.488799e-01 3.151659e+04 6.333286e+02
100080 2.488799e-01 6.014895e+01 1.648459e-12
200138 2.488799e-01 3.098814e+01 1.648459e-12
300377 2.488799e-01 6.846394e+00 1.648459e-12
400343 2.488799e-01 1.593629e-01 1.648459e-12
500288 2.488799e-01 3.149905e-05 1.534772e-12
600067 2.488799e-01 6.036352e-12 1.307399e-12
700008 2.488799e-01 7.105427e-15 0.000000e+00
800032 2.488799e-01 0.000000e+00 0.000000e+00
900037 2.488799e-01 0.000000e+00 0.000000e+00
1000003 2.488799e-01 0.000000e+00 0.000000e+00
600 2.533213e-01 3.079833e+04 1.116456e+03
100730 2.533213e-01 5.614636e+01 4.547474e-13
200276 2.533213e-01 2.768323e+01 4.547474e-13
300384 2.533213e-01 7.504708e+00 4.547474e-13
400255 2.533213e-01 3.993541e-01 4.547474e-13
500067 2.533213e-01 3.788466e-04 4.547474e-13
600003 2.533213e-01 7.224822e-11 4.547474e-13
700023 2.533213e-01 1.699124e-14 0.000000e+00
800027 2.533213e-01 0.000000e+00 0.000000e+00
900013 2.533213e-01 0.000000e+00 0.000000e+00
1000000 2.533213e-01 0.000000e+00 0.000000e+00
600 2.465582e-01 3.105430e+04 1.520228e+03
100091 2.465582e-01 5.895198e+01 1.193712e-12
200448 2.465582e-01 2.999399e+01 1.193712e-12
300020 2.465582e-01 6.939524e+00 1.193712e-12
400292 2.465582e-01 2.635035e-01 1.193712e-12
500256 2.465582e-01 1.434384e-04 1.080025e-12
600037 2.465582e-01 4.417176e-11 1.080025e-12
700021 2.465582e-01 1.760910e-14 0.000000e+00
800058 2.465582e-01 0.000000e+00 0.000000e+00
900013 2.465582e-01 0.000000e+00 0.000000e+00
1000003 2.465582e-01 0.000000e+00 0.000000e+00
600 2.527145e-01 3.172070e+04 1.504071e+03
100091 2.527145e-01 5.952555e+01 8.185452e-12
200300 2.527145e-01 3.102506e+01 8.185452e-12
300314 2.527145e-01 7.074044e+00 5.684342e-13
400107 2.527145e-01 1.356792e-01 5.684342e-13
500025 2.527145e-01 4.719306e-05 5.684342e-13
600046 2.527145e-01 2.412770e-11 4.547474e-13
700033 2.527145e-01 5.560769e-15 0.000000e+00
800037 2.527145e-01 0.000000e+00 0.000000e+00
900005 2.527145e-01 0.000000e+00 0.000000e+00
999999 2.531356e-01 0.000000e+00 0.000000e+00
600 2.503961e-01 3.161929e+04 1.158797e+03
100246 2.503961e-01 5.879751e+01 1.875833e-12
200455 2.503961e-01 2.865539e+01 1.875833e-12
300120 2.503961e-01 5.532557e+00 1.875833e-12
400131 2.503961e-01 1.076280e-01 1.705303e-12
500262 2.503961e-01 2.323147e-05 1.705303e-12
600097 2.503961e-01 5.329303e-12 9.663381e-13
700050 2.503961e-01 1.853590e-15 0.000000e+00
800044 2.503961e-01 0.000000e+00 0.000000e+00
900008 2.503961e-01 0.000000e+00 0.000000e+00
1000001 2.503961e-01 0.000000e+00 0.000000e+00
600 2.476866e-01 3.245248e+04 1.114402e+03
100267 2.476866e-01 5.997771e+01 1.477929e-12
200388 2.476866e-01 3.093300e+01 5.684342e-13
300030 2.476866e-01 5.962310e+00 5.684342e-13
400312 2.476866e-01 6.646846e-02 5.684342e-13
500129 2.476866e-01 1.261113e-05 5.684342e-13
600005 2.476866e-01 9.018069e-12 5.115908e-13
700040 2.476866e-01 1.544658e-15 0.000000e+00
800067 2.476866e-01 0.000000e+00 0.000000e+00
900006 2.476866e-01 0.000000e+00 0.000000e+00
1000000 2.476866e-01 0.000000e+00 0.000000e+00
600 2.470424e-01 3.119349e+04 1.050645e+03
100176 2.470424e-01 6.004233e+01 1.875833e-12
200125 2.470424e-01 3.095458e+01 1.875833e-12
300240 2.470424e-01 7.292985e+00 1.875833e-12
400055 2.470424e-01 1.724139e-01 1.875833e-12
500105 2.470424e-01 6.559608e-05 1.307399e-12
600171 2.470424e-01 8.544684e-12 1.193712e-12
700092 2.470424e-01 1.235726e-15 0.000000e+00
800078 2.470424e-01 0.000000e+00 0.000000e+00
900014 2.470424e-01 0.000000e+00 0.000000e+00
1000005 2.470424e-01 0.000000e+00 0.000000e+00
600 2.519750e-01 3.335436e+04 1.419219e+03
100331 2.519750e-01 5.993157e+01 4.206413e-12
200007 2.519750e-01 3.006875e+01 4.206413e-12
300116 2.519750e-01 4.566133e+00 4.206413e-12
400135 2.519750e-01 8.195653e-02 1.421085e-12
500154 2.519750e-01 8.327309e-06 8.526513e-13
600162 2.519750e-01 2.862439e-12 5.115908e-13
700114 2.519750e-01 0.000000e+00 0.000000e+00
800088 2.519750e-01 0.000000e+00 0.000000e+00
900064 2.519750e-01 0.000000e+00 0.000000e+00
1000005 2.519750e-01 0.000000e+00 0.000000e+00
600 2.481702e-01 3.087173e+04 9.479076e+02
100018 2.481702e-01 5.989282e+01 6.025402e-12
200218 2.481702e-01 3.002923e+01 1.364242e-12
300344 2.481702e-01 5.746433e+00 1.364242e-12
400132 2.481702e-01 1.148708e-01 1.364242e-12
500029 2.481702e-01 2.923830e-05 1.364242e-12
600002 2.481702e-01 3.579295e-11 4.547474e-13
700183 2.481702e-01 1.297513e-14 0.000000e+00
800014 2.481702e-01 0.000000e+00 0.000000e+00
900014 2.481702e-01 0.000000e+00 0.000000e+00
1000002 2.481702e-01 0.000000e+00 0.000000e+00
600 2.493656e-01 3.188490e+04 7.464463e+02
101049 2.493656e-01 5.756975e+01 6.764367e-12
200015 2.493656e-01 3.053780e+01 1.307399e-12
300145 2.493656e-01 7.550490e+00 1.307399e-12
400025 2.493656e-01 4.145279e-01 1.307399e-12
500235 2.493656e-01 2.672707e-04 1.307399e-12
600165 2.493656e-01 3.839486e-09 9.094947e-13
700146 2.493656e-01 4.973799e-14 0.000000e+00
800033 2.493656e-01 0.000000e+00 0.000000e+00
900012 2.493656e-01 0.000000e+00 0.000000e+00
1000000 2.493656e-01 0.000000e+00 0.000000e+00
600 2.490850e-01 3.152776e+04 9.947468e+02
100426 2.490850e-01 6.176972e+01 2.307843e-11
200242 2.490850e-01 3.422559e+01 2.307843e-11
300210 2.490850e-01 9.136774e+00 2.842171e-13
400010 2.490850e-01 2.231657e-01 2.842171e-13
500097 2.490850e-01 5.241881e-05 2.842171e-13
600137 2.490850e-01 1.999910e-11 2.842171e-13
700055 2.490850e-01 6.487564e-15 0.000000e+00
800087 2.490850e-01 0.000000e+00 0.000000e+00
900011 2.490850e-01 0.000000e+00 0.000000e+00
1000004 2.490850e-01 0.000000e+00 0.000000e+00
600 2.490583e-01 3.160069e+04 9.121639e+02
100413 2.490583e-01 6.011023e+01 2.330580e-12
200060 2.490583e-01 3.116504e+01 2.330580e-12
300071 2.490583e-01 6.532191e+00 2.330580e-12
400291 2.490583e-01 1.865655e-01 2.330580e-12
500135 2.490583e-01 1.148903e-04 1.477929e-12
600215 2.490583e-01 6.370703e-11 1.477929e-12
700061 2.490583e-01 8.032222e-15 0.000000e+00
800071 2.490583e-01 0.000000e+00 0.000000e+00
900022 2.490583e-01 0.000000e+00 0.000000e+00
1000001 2.490583e-01 0.000000e+00 0.000000e+00
600 2.487310e-01 3.208177e+04 3.555470e+02
100514 2.487310e-01 5.608989e+01 2.614797e-12
200049 2.487310e-01 2.705813e+01 2.614797e-12
300185 2.487310e-01 6.543901e+00 1.762146e-12
400004 2.487310e-01 1.925742e-01 1.762146e-12
500100 2.487310e-01 1.275144e-04 1.762146e-12
600009 2.487310e-01 1.505980e-10 1.762146e-12
700164 2.487310e-01 1.482872e-14 0.000000e+00
800007 2.487310e-01 0.000000e+00 0.000000e+00
900012 2.487310e-01 0.000000e+00 0.000000e+00
1000000 2.487310e-01 0.000000e+00 0.000000e+00
600 2.490479e-01 3.207292e+04 7.197558e+02
100415 2.490479e-01 5.983096e+01 8.242296e-12
200237 2.490479e-01 3.039117e+01 2.103206e-12
300317 2.490479e-01 6.948813e+00 2.103206e-12
400119 2.490479e-01 1.546966e-01 2.103206e-12
500273 2.490479e-01 4.988798e-05 5.115908e-13
600204 2.490479e-01 1.586048e-11 3.979039e-13
700050 2.490479e-01 4.633974e-15 0.000000e+00
800054 2.490479e-01 0.000000e+00 0.000000e+00
600 2.481754e-01 3.186150e+04 5.866766e+02
100525 2.481754e-01 6.161280e+01 2.842171e-12
200086 2.481754e-01 3.139487e+01 2.842171e-12
300217 2.481754e-01 5.289898e+00 2.842171e-12
400079 2.481754e-01 9.585187e-02 2.103206e-12
500203 2.481754e-01 8.193308e-06 1.023182e-12
600162 2.481754e-01 7.654060e-12 1.023182e-12
700113 2.481754e-01 1.544658e-15 0.000000e+00
800007 2.481754e-01 0.000000e+00 0.000000e+00
900062 2.481754e-01 0.000000e+00 0.000000e+00
1000003 2.481754e-01 0.000000e+00 0.000000e+00
600 2.490543e-01 3.293692e+04 5.273682e+02
100505 2.490543e-01 6.274303e+01 2.040679e-11
200359 2.490543e-01 3.431719e+01 2.040679e-11
300002 2.490543e-01 1.082544e+01 2.040679e-11
400214 2.490543e-01 3.408302e-01 2.040679e-11
500195 2.490543e-01 4.926235e-04 1.307399e-12
600178 2.490543e-01 8.390767e-10 1.307399e-12
700047 2.490543e-01 2.965744e-14 0.000000e+00
800028 2.490543e-01 0.000000e+00 0.000000e+00
900018 2.490543e-01 0.000000e+00 0.000000e+00
1000002 2.490543e-01 0.000000e+00 0.000000e+00
600 2.488799e-01 3.151659e+04 6.333286e+02
100080 2.488799e-01 6.014895e+01 1.648459e-12
200138 2.488799e-01 3.098814e+01 1.648459e-12
300377 2.488799e-01 6.846394e+00 1.648459e-12
400343 2.488799e-01 1.593629e-01 1.648459e-12
500288 2.488799e-01 3.149905e-05 1.534772e-12
600067 2.488799e-01 6.036352e-12 1.307399e-12
700008 2.488799e-01 7.105427e-15 0.000000e+00
800032 2.488799e-01 0.000000e+00 0.000000e+00
900037 2.488799e-01 0.000000e+00 0.000000e+00
1000003 2.488799e-01 0.000000e+00 0.000000e+00
600 2.533213e-01 3.079833e+04 1.116456e+03
100730 2.533213e-01 5.614636e+01 4.547474e-13
200276 2.533213e-01 2.768323e+01 4.547474e-13
300384 2.533213e-01 7.504708e+00 4.547474e-13
400255 2.533213e-01 3.993541e-01 4.547474e-13
500067 2.533213e-01 3.788466e-04 4.547474e-13
600003 2.533213e-01 7.224822e-11 4.547474e-13
700023 2.533213e-01 1.699124e-14 0.000000e+00
800027 2.533213e-01 0.000000e+00 0.000000e+00
900013 2.533213e-01 0.000000e+00 0.000000e+00
1000000 2.533213e-01 0.000000e+00 0.000000e+00
600 2.465582e-01 3.105430e+04 1.520228e+03
100091 2.465582e-01 5.895198e+01 1.193712e-12
200448 2.465582e-01 2.999399e+01 1.193712e-12
300020 2.465582e-01 6.939524e+00 1.193712e-12
400292 2.465582e-01 2.635035e-01 1.193712e-12
500256 2.465582e-01 1.434384e-04 1.080025e-12
600037 2.465582e-01 4.417176e-11 1.080025e-12
700021 2.465582e-01 1.760910e-14 0.000000e+00
800058 2.465582e-01 0.000000e+00 0.000000e+00
900013 2.465582e-01 0.000000e+00 0.000000e+00
1000003 2.465582e-01 0.000000e+00 0.000000e+00
600 2.527145e-01 3.172070e+04 1.504071e+03
100091 2.527145e-01 5.952555e+01 8.185452e-12
200300 2.527145e-01 3.102506e+01 8.185452e-12
300314 2.527145e-01 7.074044e+00 5.684342e-13
400107 2.527145e-01 1.356792e-01 5.684342e-13
500025 2.527145e-01 4.719306e-05 5.684342e-13
600046 2.527145e-01 2.412770e-11 4.547474e-13
700033 2.527145e-01 5.560769e-15 0.000000e+00
800037 2.527145e-01 0.000000e+00 0.000000e+00
900005 2.527145e-01 0.000000e+00 0.000000e+00
999999 2.531356e-01 0.000000e+00 0.000000e+00
600 2.503961e-01 3.161929e+04 1.158797e+03
100246 2.503961e-01 5.879751e+01 1.875833e-12
200455 2.503961e-01 2.865539e+01 1.875833e-12
300120 2.503961e-01 5.532557e+00 1.875833e-12
400131 2.503961e-01 1.076280e-01 1.705303e-12
500262 2.503961e-01 2.323147e-05 1.705303e-12
600097 2.503961e-01 5.329303e-12 9.663381e-13
700050 2.503961e-01 1.853590e-15 0.000000e+00
800044 2.503961e-01 0.000000e+00 0.000000e+00
900008 2.503961e-01 0.000000e+00 0.000000e+00
1000001 2.503961e-01 0.000000e+00 0.000000e+00
600 2.476866e-01 3.245248e+04 1.114402e+03
100267 2.476866e-01 5.997771e+01 1.477929e-12
200388 2.476866e-01 3.093300e+01 5.684342e-13
300030 2.476866e-01 5.962310e+00 5.684342e-13
400312 2.476866e-01 6.646846e-02 5.684342e-13
500129 2.476866e-01 1.261113e-05 5.684342e-13
600005 2.476866e-01 9.018069e-12 5.115908e-13
700040 2.476866e-01 1.544658e-15 0.000000e+00
800067 2.476866e-01 0.000000e+00 0.000000e+00
900006 2.476866e-01 0.000000e+00 0.000000e+00
1000000 2.476866e-01 0.000000e+00 0.000000e+00
600 2.470424e-01 3.119349e+04 1.050645e+03
100176 2.470424e-01 6.004233e+01 1.875833e-12
200125 2.470424e-01 3.095458e+01 1.875833e-12
300240 2.470424e-01 7.292985e+00 1.875833e-12
400055 2.470424e-01 1.724139e-01 1.875833e-12
500105 2.470424e-01 6.559608e-05 1.307399e-12
600171 2.470424e-01 8.544684e-12 1.193712e-12
700092 2.470424e-01 1.235726e-15 0.000000e+00
600 2.481754e-01 3.186150e+04 5.866766e+02
100525 2.481754e-01 6.161280e+01 2.842171e-12
200086 2.481754e-01 3.139487e+01 2.842171e-12
300217 2.481754e-01 5.289898e+00 2.842171e-12
400079 2.481754e-01 9.585187e-02 2.103206e-12
500203 2.481754e-01 8.193308e-06 1.023182e-12
600162 2.481754e-01 7.654060e-12 1.023182e-12
700113 2.481754e-01 1.544658e-15 0.000000e+00
800007 2.481754e-01 0.000000e+00 0.000000e+00
900062 2.481754e-01 0.000000e+00 0.000000e+00
1000003 2.481754e-01 0.000000e+00 0.000000e+00
600 2.490543e-01 3.293692e+04 5.273682e+02
100505 2.490543e-01 6.274303e+01 2.040679e-11
200359 2.490543e-01 3.431719e+01 2.040679e-11
300002 2.490543e-01 1.082544e+01 2.040679e-11
400214 2.490543e-01 3.408302e-01 2.040679e-11
500195 2.490543e-01 4.926235e-04 1.307399e-12
600178 2.490543e-01 8.390767e-10 1.307399e-12
700047 2.490543e-01 2.965744e-14 0.000000e+00
800028 2.490543e-01 0.000000e+00 0.000000e+00
900018 2.490543e-01 0.000000e+00 0.000000e+00
1000002 2.490543e-01 0.000000e+00 0.000000e+00
600 2.488799e-01 3.151659e+04 6.333286e+02
100080 2.488799e-01 6.014895e+01 1.648459e-12
200138 2.488799e-01 3.098814e+01 1.648459e-12
300377 2.488799e-01 6.846394e+00 1.648459e-12
400343 2.488799e-01 1.593629e-01 1.648459e-12
500288 2.488799e-01 3.149905e-05 1.534772e-12
600067 2.488799e-01 6.036352e-12 1.307399e-12
700008 2.488799e-01 7.105427e-15 0.000000e+00
800032 2.488799e-01 0.000000e+00 0.000000e+00
900037 2.488799e-01 0.000000e+00 0.000000e+00
1000003 2.488799e-01 0.000000e+00 0.000000e+00
600 2.533213e-01 3.079833e+04 1.116456e+03
100730 2.533213e-01 5.614636e+01 4.547474e-13
200276 2.533213e-01 2.768323e+01 4.547474e-13
300384 2.533213e-01 7.504708e+00 4.547474e-13
400255 2.533213e-01 3.993541e-01 4.547474e-13
500067 2.533213e-01 3.788466e-04 4.547474e-13
600003 2.533213e-01 7.224822e-11 4.547474e-13
700023 2.533213e-01 1.699124e-14 0.000000e+00
800027 2.533213e-01 0.000000e+00 0.000000e+00
900013 2.533213e-01 0.000000e+00 0.000000e+00
1000000 2.533213e-01 0.000000e+00 0.000000e+00
600 2.465582e-01 3.105430e+04 1.520228e+03
100091 2.465582e-01 5.895198e+01 1.193712e-12
200448 2.465582e-01 2.999399e+01 1.193712e-12
300020 2.465582e-01 6.939524e+00 1.193712e-12
400292 2.465582e-01 2.635035e-01 1.193712e-12
500256 2.465582e-01 1.434384e-04 1.080025e-12
600037 2.465582e-01 4.417176e-11 1.080025e-12
700021 2.465582e-01 1.760910e-14 0.000000e+00
800058 2.465582e-01 0.000000e+00 0.000000e+00
900013 2.465582e-01 0.000000e+00 0.000000e+00
1000003 2.465582e-01 0.000000e+00 0.000000e+00
600 2.527145e-01 3.172070e+04 1.504071e+03
100091 2.527145e-01 5.952555e+01 8.185452e-12
200300 2.527145e-01 3.102506e+01 8.185452e-12
300314 2.527145e-01 7.074044e+00 5.684342e-13
400107 2.527145e-01 1.356792e-01 5.684342e-13
500025 2.527145e-01 4.719306e-05 5.684342e-13
600046 2.527145e-01 2.412770e-11 4.547474e-13
700033 2.527145e-01 5.560769e-15 0.000000e+00
800037 2.527145e-01 0.000000e+00 0.000000e+00
900005 2.527145e-01 0.000000e+00 0.000000e+00
999999 2.531356e-01 0.000000e+00 0.000000e+00
600 2.503961e-01 3.161929e+04 1.158797e+03
100246 2.503961e-01 5.879751e+01 1.875833e-12
200455 2.503961e-01 2.865539e+01 1.875833e-12
300120 2.503961e-01 5.532557e+00 1.875833e-12
400131 2.503961e-01 1.076280e-01 1.705303e-12
500262 2.503961e-01 2.323147e-05 1.705303e-12
600097 2.503961e-01 5.329303e-12 9.663381e-13
700050 2.503961e-01 1.853590e-15 0.000000e+00
800044 2.503961e-01 0.000000e+00 0.000000e+00
900008 2.503961e-01 0.000000e+00 0.000000e+00
1000001 2.503961e-01 0.000000e+00 0.000000e+00
600 2.476866e-01 3.245248e+04 1.114402e+03
100267 2.476866e-01 5.997771e+01 1.477929e-12
200388 2.476866e-01 3.093300e+01 5.684342e-13
300030 2.476866e-01 5.962310e+00 5.684342e-13
400312 2.476866e-01 6.646846e-02 5.684342e-13
500129 2.476866e-01 1.261113e-05 5.684342e-13
600005 2.476866e-01 9.018069e-12 5.115908e-13
700040 2.476866e-01 1.544658e-15 0.000000e+00
800067 2.476866e-01 0.000000e+00 0.000000e+00
900006 2.476866e-01 0.000000e+00 0.000000e+00
1000000 2.476866e-01 0.000000e+00 0.000000e+00
600 2.470424e-01 3.119349e+04 1.050645e+03
100176 2.470424e-01 6.004233e+01 1.875833e-12
200125 2.470424e-01 3.095458e+01 1.875833e-12
300240 2.470424e-01 7.292985e+00 1.875833e-12
400055 2.470424e-01 1.724139e-01 1.875833e-12
500105 2.470424e-01 6.559608e-05 1.307399e-12
600171 2.470424e-01 8.544684e-12 1.193712e-12
700092 2.470424e-01 1.235726e-15 0.000000e+00
800078 2.470424e-01 0.000000e+00 0.000000e+00
900014 2.470424e-01 0.000000e+00 0.000000e+00
1000005 2.470424e-01 0.000000e+00 0.000000e+00
600 2.519750e-01 3.335436e+04 1.419219e+03
100331 2.519750e-01 5.993157e+01 4.206413e-12
200007 2.519750e-01 3.006875e+01 4.206413e-12
300116 2.519750e-01 4.566133e+00 4.206413e-12
400135 2.519750e-01 8.195653e-02 1.421085e-12
500154 2.519750e-01 8.327309e-06 8.526513e-13
600162 2.519750e-01 2.862439e-12 5.115908e-13
700114 2.519750e-01 0.000000e+00 0.000000e+00
800088 2.519750e-01 0.000000e+00 0.000000e+00
900064 2.519750e-01 0.000000e+00 0.000000e+00
1000005 2.519750e-01 0.000000e+00 0.000000e+00
600 2.481702e-01 3.087173e+04 9.479076e+02
100018 2.481702e-01 5.989282e+01 6.025402e-12
200218 2.481702e-01 3.002923e+01 1.364242e-12
300344 2.481702e-01 5.746433e+00 1.364242e-12
400132 2.481702e-01 1.148708e-01 1.364242e-12
500029 2.481702e-01 2.923830e-05 1.364242e-12
600002 2.481702e-01 3.579295e-11 4.547474e-13
700183 2.481702e-01 1.297513e-14 0.000000e+00
800014 2.481702e-01 0.000000e+00 0.000000e+00
900014 2.481702e-01 0.000000e+00 0.000000e+00
1000002 2.481702e-01 0.000000e+00 0.000000e+00
600 2.493656e-01 3.188490e+04 7.464463e+02
101049 2.493656e-01 5.756975e+01 6.764367e-12
200015 2.493656e-01 3.053780e+01 1.307399e-12
300145 2.493656e-01 7.550490e+00 1.307399e-12
400025 2.493656e-01 4.145279e-01 1.307399e-12
500235 2.493656e-01 2.672707e-04 1.307399e-12
600165 2.493656e-01 3.839486e-09 9.094947e-13
700146 2.493656e-01 4.973799e-14 0.000000e+00
800033 2.493656e-01 0.000000e+00 0.000000e+00
900012 2.493656e-01 0.000000e+00 0.000000e+00
1000000 2.493656e-01 0.000000e+00 0.000000e+00
600 2.490850e-01 3.152776e+04 9.947468e+02
100426 2.490850e-01 6.176972e+01 2.307843e-11
200242 2.490850e-01 3.422559e+01 2.307843e-11
300210 2.490850e-01 9.136774e+00 2.842171e-13
400010 2.490850e-01 2.231657e-01 2.842171e-13
500097 2.490850e-01 5.241881e-05 2.842171e-13
600137 2.490850e-01 1.999910e-11 2.842171e-13
700055 2.490850e-01 6.487564e-15 0.000000e+00
800087 2.490850e-01 0.000000e+00 0.000000e+00
900011 2.490850e-01 0.000000e+00 0.000000e+00
1000004 2.490850e-01 0.000000e+00 0.000000e+00
600 2.490583e-01 3.160069e+04 9.121639e+02
100413 2.490583e-01 6.011023e+01 2.330580e-12
200060 2.490583e-01 3.116504e+01 2.330580e-12
300071 2.490583e-01 6.532191e+00 2.330580e-12
400291 2.490583e-01 1.865655e-01 2.330580e-12
500135 2.490583e-01 1.148903e-04 1.477929e-12
600215 2.490583e-01 6.370703e-11 1.477929e-12
700061 2.490583e-01 8.032222e-15 0.000000e+00
800071 2.490583e-01 0.000000e+00 0.000000e+00
900022 2.490583e-01 0.000000e+00 0.000000e+00
1000001 2.490583e-01 0.000000e+00 0.000000e+00
600 2.487310e-01 3.208177e+04 3.555470e+02
100514 2.487310e-01 5.608989e+01 2.614797e-12
200049 2.487310e-01 2.705813e+01 2.614797e-12
300185 2.487310e-01 6.543901e+00 1.762146e-12
400004 2.487310e-01 1.925742e-01 1.762146e-12
500100 2.487310e-01 1.275144e-04 1.762146e-12
600009 2.487310e-01 1.505980e-10 1.762146e-12
700164 2.487310e-01 1.482872e-14 0.000000e+00
800007 2.487310e-01 0.000000e+00 0.000000e+00
900012 2.487310e-01 0.000000e+00 0.000000e+00
1000000 2.487310e-01 0.000000e+00 0.000000e+00
600 2.490479e-01 3.207292e+04 7.197558e+02
100415 2.490479e-01 5.983096e+01 8.242296e-12
200237 2.490479e-01 3.039117e+01 2.103206e-12
300317 2.490479e-01 6.948813e+00 2.103206e-12
400119 2.490479e-01 1.546966e-01 2.103206e-12
500273 2.490479e-01 4.988798e-05 5.115908e-13
600204 2.490479e-01 1.586048e-11 3.979039e-13
700050 2.490479e-01 4.633974e-15 0.000000e+00
800054 2.490479e-01 0.000000e+00 0.000000e+00
900052 2.490479e-01 0.000000e+00 0.000000e+00
999999 2.494630e-01 0.000000e+00 0.000000e+00
600 2.473587e-01 3.039004e+04 7.165014e+02
100195 2.473587e-01 5.860509e+01 8.509460e-11
200257 2.473587e-01 2.952817e+01 8.509460e-11
300140 2.473587e-01 7.836775e+00 1.307399e-11
400003 2.473587e-01 3.279758e-01 1.307399e-11
500216 2.473587e-01 4.514620e-04 1.307399e-11
600107 2.473587e-01 3.582359e-09 1.818989e-12
700143 2.473587e-01 4.695761e-14 0.000000e+00
800014 2.473587e-01 0.000000e+00 0.000000e+00
900018 2.473587e-01 0.000000e+00 0.000000e+00
1000004 2.473587e-01 0.000000e+00 0.000000e+00
600 2.476152e-01 3.129869e+04 2.136157e+02
100426 2.476152e-01 5.815526e+01 3.581135e-12
200210 2.476152e-01 2.786842e+01 3.581135e-12
300253 2.476152e-01 4.453844e+00 3.581135e-12
400056 2.476152e-01 4.934508e-02 3.581135e-12
500327 2.476152e-01 1.272223e-05 4.547474e-13
600178 2.476152e-01 7.118706e-12 4.547474e-13
700074 2.476152e-01 2.162521e-15 0.000000e+00
800080 2.476152e-01 0.000000e+00 0.000000e+00
900003 2.476152e-01 0.000000e+00 0.000000e+00
1000005 2.476152e-01 0.000000e+00 0.000000e+00
600 2.465476e-01 3.161825e+04 8.782874e+02
100292 2.465476e-01 6.006822e+01 6.650680e-12
200215 2.465476e-01 3.122862e+01 6.650680e-12
300416 2.465476e-01 6.259426e+00 6.650680e-12
400228 2.465476e-01 1.561643e-01 6.650680e-12
500222 2.465476e-01 1.385695e-04 2.557954e-12
600106 2.465476e-01 9.804139e-11 1.080025e-12
700051 2.465476e-01 1.235726e-14 0.000000e+00
800075 2.465476e-01 0.000000e+00 0.000000e+00
900018 2.465476e-01 0.000000e+00 0.000000e+00
1000005 2.465476e-01 0.000000e+00 0.000000e+00
600 2.501597e-01 3.039524e+04 3.472542e+02
100386 2.501597e-01 5.817375e+01 2.330580e-12
200444 2.501597e-01 2.921648e+01 2.330580e-12
300101 2.501597e-01 6.402934e+00 2.330580e-12
400318 2.501597e-01 1.521604e-01 2.330580e-12
500423 2.501597e-01 8.166276e-05 6.252776e-13
600160 2.501597e-01 3.401520e-11 6.252776e-13
700062 2.501597e-01 9.576880e-15 0.000000e+00
800116 2.501597e-01 0.000000e+00 0.000000e+00
900025 2.501597e-01 0.000000e+00 0.000000e+00
1000003 2.501597e-01 0.000000e+00 0.000000e+00
600 2.502538e-01 3.142426e+04 8.288162e+02
100720 2.502538e-01 5.916995e+01 1.023182e-12
200322 2.502538e-01 3.063050e+01 5.115908e-13
300323 2.502538e-01 5.857123e+00 5.115908e-13
400069 2.502538e-01 1.892013e-01 5.115908e-13
500066 2.502538e-01 1.941287e-05 5.115908e-13
600234 2.502538e-01 5.287603e-12 5.115908e-13
700158 2.502538e-01 1.235726e-15 0.000000e+00
800047 2.502538e-01 0.000000e+00 0.000000e+00
900000 2.502538e-01 0.000000e+00 0.000000e+00
1000002 2.502538e-01 0.000000e+00 0.000000e+00
600 2.514565e-01 3.253139e+04 8.120861e+02
100285 2.514565e-01 6.078823e+01 2.557954e-12
200122 2.514565e-01 3.354677e+01 2.557954e-12
300476 2.514565e-01 9.022807e+00 2.557954e-12
400008 2.514565e-01 2.014995e-01 2.557954e-12
500017 2.514565e-01 6.188459e-05 6.252776e-13
600102 2.514565e-01 1.072989e-11 5.684342e-13
700069 2.514565e-01 5.869701e-15 0.000000e+00
800095 2.514565e-01 0.000000e+00 0.000000e+00
900034 2.514565e-01 0.000000e+00 0.000000e+00
999993 2.518756e-01 0.000000e+00 0.000000e+00
600 2.492795e-01 3.190492e+04 1.608311e+03
100712 2.492795e-01 6.192897e+01 9.663381e-13
200367 2.492795e-01 3.083988e+01 9.663381e-13
300007 2.492795e-01 5.053876e+00 9.663381e-13
400218 2.492795e-01 7.089194e-02 9.663381e-13
500070 2.492795e-01 1.977672e-05 9.663381e-13
600049 2.492795e-01 1.214259e-11 9.663381e-13
700165 2.492795e-01 1.853590e-15 0.000000e+00
800033 2.492795e-01 0.000000e+00 0.000000e+00
900045 2.492795e-01 0.000000e+00 0.000000e+00
1000003 2.492795e-01 0.000000e+00 0.000000e+00
600 2.518942e-01 3.351217e+04 1.274290e+03
100040 2.518942e-01 5.678489e+01 1.477929e-12
200269 2.518942e-01 2.707696e+01 1.477929e-12
300015 2.518942e-01 4.842298e+00 1.477929e-12
400235 2.518942e-01 7.199952e-02 1.477929e-12
500272 2.518942e-01 2.653423e-05 1.080025e-12
600197 2.518942e-01 1.567923e-11 1.080025e-12
700025 2.518942e-01 1.853590e-15 0.000000e+00
800119 2.518942e-01 0.000000e+00 0.000000e+00
900012 2.518942e-01 0.000000e+00 0.000000e+00
1000000 2.518942e-01 0.000000e+00 0.000000e+00
600 2.488026e-01 3.062302e+04 4.172398e+02
100504 2.488026e-01 5.536618e+01 6.764367e-12
200041 2.488026e-01 2.755132e+01 6.764367e-12
300418 2.488026e-01 6.640475e+00 6.764367e-12
400230 2.488026e-01 1.331071e-01 6.764367e-12
500106 2.488026e-01 7.518596e-05 8.526513e-13
600226 2.488026e-01 2.526620e-11 7.389644e-13
700153 2.488026e-01 3.707179e-15 0.000000e+00
800033 2.488026e-01 0.000000e+00 0.000000e+00
900063 2.488026e-01 0.000000e+00 0.000000e+00
1000001 2.488026e-01 0.000000e+00 0.000000e+00
600 2.487115e-01 3.014320e+04 7.418120e+02
100164 2.487115e-01 5.920122e+01 3.296918e-12
200031 2.487115e-01 3.110728e+01 3.296918e-12
300011 2.487115e-01 7.839126e+00 3.296918e-12
400222 2.487115e-01 3.117834e-01 3.296918e-12
500043 2.487115e-01 1.738120e-04 1.193712e-12
600234 2.487115e-01 2.627005e-11 1.193712e-12
700080 2.487115e-01 1.482872e-14 0.000000e+00
800064 2.487115e-01 0.000000e+00 0.000000e+00
900026 2.487115e-01 0.000000e+00 0.000000e+00
1000005 2.487115e-01 0.000000e+00 0.000000e+00
600 2.495761e-01 3.322906e+04 1.229538e+03
100515 2.495761e-01 5.583255e+01 1.023182e-12
200039 2.495761e-01 2.874416e+01 1.023182e-12
300396 2.495761e-01 6.897724e+00 1.023182e-12
400243 2.495761e-01 2.952450e-01 1.023182e-12
500133 2.495761e-01 2.654898e-04 1.023182e-12
600236 2.495761e-01 1.271427e-10 1.023182e-12
700044 2.495761e-01 8.650085e-15 0.000000e+00
800039 2.495761e-01 0.000000e+00 0.000000e+00
900023 2.495761e-01 0.000000e+00 0.000000e+00
1000004 2.495761e-01 0.000000e+00 0.000000e+00
600 2.533821e-01 3.322743e+04 1.741396e+03
100377 2.533821e-01 5.854930e+01 9.777068e-12
200395 2.533821e-01 2.892522e+01 9.777068e-12
300232 2.533821e-01 4.957418e+00 9.777068e-12
400070 2.533821e-01 1.177065e-01 1.818989e-12
500254 2.533821e-01 3.032082e-05 1.818989e-12
600183 2.533821e-01 2.197231e-11 1.591616e-12
700112 2.533821e-01 1.544658e-15 0.000000e+00
800118 2.533821e-01 0.000000e+00 0.000000e+00
900014 2.533821e-01 0.000000e+00 0.000000e+00
999990 2.538044e-01 0.000000e+00 0.000000e+00
600 2.498448e-01 3.102104e+04 1.988654e+02
100130 2.498448e-01 5.742939e+01 2.103206e-12
200178 2.498448e-01 2.492883e+01 2.103206e-12
300076 2.498448e-01 2.168208e+00 2.103206e-12
400498 2.498448e-01 2.051942e-02 2.103206e-12
500083 2.498448e-01 1.022228e-06 1.136868e-12
600146 2.498448e-01 2.433784e-12 5.115908e-13
700172 2.498448e-01 0.000000e+00 0.000000e+00
800025 2.498448e-01 0.000000e+00 0.000000e+00
900052 2.498448e-01 0.000000e+00 0.000000e+00
1000002 2.498448e-01 0.000000e+00 0.000000e+00
600 2.496758e-01 3.222014e+04 1.170039e+03
100223 2.496758e-01 5.845085e+01 3.751666e-12
200216 2.496758e-01 2.792423e+01 3.751666e-12
300174 2.496758e-01 6.446051e+00 2.330580e-12
400028 2.496758e-01 1.961398e-01 2.330580e-12
500270 2.496758e-01 6.990632e-05 1.534772e-12
600075 2.496758e-01 1.241982e-11 1.534772e-12
700015 2.496758e-01 5.869701e-15 0.000000e+00
800064 2.496758e-01 0.000000e+00 0.000000e+00
900058 2.496758e-01 0.000000e+00 0.000000e+00
1000004 2.496758e-01 0.000000e+00 0.000000e+00
0.00e+00 (0.00e+00): 
0.000000e+00 0.000000e+00 0.000000e+00 0.000000e+00 0.000000e+00 0.000000e+00 0.000000e+00 0.000000e+00 0.000000e+00 0.000000e+00 0.000000e+00 0.000000e+00 0.000000e+00 0.000000e+00 0.000000e+00 0.000000e+00 0.000000e+00 0.000000e+00 0.000000e+00 0.000000e+00 0.000000e+00 0.000000e+00 0.000000e+00 0.000000e+00 0.000000e+00 0.000000e+00 0.000000e+00 0.000000e+00 0.000000e+00 0.000000e+00 