600 2.481754e-01 3.883848e+03 3.810134e+02
100101 2.481754e-01 2.990843e+02 9.105318e+01
200211 2.481754e-01 1.692191e+02 1.178324e+01
300028 2.481754e-01 9.947561e+01 1.169636e+01
400179 2.481754e-01 9.855687e+01 7.656987e+00
500144 2.481754e-01 9.597456e+01 3.493249e+00
600072 2.481754e-01 9.270521e+01 3.428659e+00
700146 2.481754e-01 8.905455e+01 3.428659e+00
800033 2.481754e-01 8.305283e+01 6.285728e-02
900043 2.481754e-01 6.214450e+01 7.821654e-11
1000005 2.481754e-01 9.094947e-13 9.094947e-13
600 2.490543e-01 3.874382e+03 2.040133e+02
100452 2.490543e-01 2.812973e+02 8.985892e+01
200278 2.490543e-01 1.261636e+02 4.786841e+01
300396 2.490543e-01 1.007255e+02 4.786841e+01
400149 2.490543e-01 1.004106e+02 3.879300e+01
500166 2.490543e-01 9.986704e+01 1.810628e+01
600112 2.490543e-01 9.905420e+01 1.064249e+01
700096 2.490543e-01 9.669751e+01 8.240528e+00
800052 2.490543e-01 9.369774e+01 6.764156e+00
900056 2.490543e-01 8.151621e+01 3.415737e+00
1000001 2.490543e-01 3.352731e+00 3.352731e+00
600 2.488799e-01 3.918032e+03 3.368912e+02
100123 2.488799e-01 2.981244e+02 4.411718e+01
200279 2.488799e-01 1.579027e+02 2.764328e+01
300298 2.488799e-01 9.972898e+01 2.345880e+01
400231 2.488799e-01 9.894128e+01 1.948204e+01
500291 2.488799e-01 9.713629e+01 1.397746e+01
600173 2.488799e-01 9.422574e+01 4.544345e+00
700084 2.488799e-01 8.943557e+01 3.691080e+00
800036 2.488799e-01 8.214793e+01 3.427031e+00
900012 2.488799e-01 6.317744e+01 3.352731e+00
1000000 2.488799e-01 3.352731e+00 3.352731e+00
600 2.533213e-01 3.907340e+03 2.764749e+02
100401 2.533213e-01 2.951751e+02 6.672122e+01
200148 2.533213e-01 1.614962e+02 2.230421e+01
300346 2.533213e-01 9.919280e+01 2.177453e+01
400310 2.533213e-01 9.791777e+01 1.693916e+01
500264 2.533213e-01 9.564532e+01 5.871886e+00
600125 2.533213e-01 9.085334e+01 2.193066e+00
700133 2.533213e-01 8.659735e+01 5.223974e-01
800083 2.533213e-01 7.899134e+01 1.778531e-01
900062 2.533213e-01 5.562560e+01 1.561239e-08
1000001 2.533213e-01 6.063298e-13 0.000000e+00
600 2.465582e-01 3.848860e+03 1.906973e+02
100465 2.465582e-01 2.746463e+02 1.005579e+02
200102 2.465582e-01 1.273990e+02 6.830310e+00
300043 2.465582e-01 1.002439e+02 6.830310e+00
400024 2.465582e-01 9.972948e+01 6.830310e+00
500160 2.465582e-01 9.931807e+01 3.981503e+00
600016 2.465582e-01 9.871428e+01 3.834524e+00
700168 2.465582e-01 9.705417e+01 3.703009e+00
800014 2.465582e-01 9.442821e+01 3.475337e+00
900000 2.465582e-01 7.757263e+01 1.873722e-01
1000003 2.465582e-01 6.245600e-02 6.245600e-02
600 2.527145e-01 3.923366e+03 1.466082e+02
100006 2.527145e-01 3.021823e+02 7.449587e+01
200335 2.527145e-01 1.576752e+02 4.526731e+01
300229 2.527145e-01 9.952464e+01 2.651047e+01
400261 2.527145e-01 9.856312e+01 2.477291e+01
500199 2.527145e-01 9.697823e+01 3.846920e+00
600225 2.527145e-01 9.409709e+01 3.939334e-01
700138 2.527145e-01 9.133830e+01 3.567168e-01
800071 2.527145e-01 8.561112e+01 2.382940e-01
900017 2.527145e-01 6.803348e+01 6.245600e-02
1000005 2.527145e-01 4.547474e-13 0.000000e+00
600 2.503961e-01 3.879033e+03 1.870679e+02
100218 2.503961e-01 2.912900e+02 1.007735e+02
200244 2.503961e-01 1.545690e+02 2.767774e+01
300236 2.503961e-01 9.878615e+01 6.892623e+00
400024 2.503961e-01 9.769585e+01 6.892623e+00
500188 2.503961e-01 9.455322e+01 4.735254e+00
600021 2.503961e-01 8.935976e+01 2.004482e+00
700026 2.503961e-01 8.483178e+01 4.610194e-01
800075 2.503961e-01 7.688544e+01 5.933741e-02
900030 2.503961e-01 5.249943e+01 8.104053e-09
1000005 2.503961e-01 9.094947e-13 9.094947e-13
600 2.476866e-01 3.895100e+03 1.822990e+02
100377 2.476866e-01 2.813984e+02 1.005763e+02
200403 2.476866e-01 1.437428e+02 2.422328e+01
300016 2.476866e-01 9.970733e+01 1.525598e+01
400024 2.476866e-01 9.893573e+01 1.525598e+01
500255 2.476866e-01 9.775704e+01 1.079260e+01
600070 2.476866e-01 9.590312e+01 6.858678e+00
700175 2.476866e-01 9.079697e+01 1.207135e+00
800077 2.476866e-01 8.341885e+01 1.742423e-01
900018 2.476866e-01 6.343314e+01 1.009539e-10
1000002 2.476866e-01 9.094947e-13 9.094947e-13
600 2.470424e-01 3.875402e+03 5.405567e+02
100511 2.470424e-01 2.824238e+02 8.320681e+01
200240 2.470424e-01 1.613972e+02 3.693779e+01
300306 2.470424e-01 9.972133e+01 1.048744e+01
400331 2.470424e-01 9.911036e+01 1.048744e+01
500208 2.470424e-01 9.794596e+01 4.423562e+00
600195 2.470424e-01 9.497048e+01 2.867635e+00
700115 2.470424e-01 9.053049e+01 8.234727e-01
800042 2.470424e-01 8.344484e+01 2.855805e-01
900037 2.470424e-01 6.043739e+01 1.246008e-10
999996 2.474542e-01 6.063298e-13 0.000000e+00
600 2.519750e-01 3.850871e+03 1.257907e+02
100167 2.519750e-01 2.909243e+02 3.791952e+01
200201 2.519750e-01 1.528407e+02 3.679697e+01
300342 2.519750e-01 1.001989e+02 1.516931e+01
400161 2.519750e-01 9.962008e+01 1.516931e+01
500174 2.519750e-01 9.808018e+01 1.436883e+01
600191 2.519750e-01 9.554910e+01 6.070147e+00
700180 2.519750e-01 9.147758e+01 4.488552e+00
800007 2.519750e-01 8.646653e+01 3.470249e+00
900052 2.519750e-01 6.873970e+01 4.820322e-11
1000000 2.519750e-01 9.094947e-13 9.094947e-13
600 2.481702e-01 3.905014e+03 1.243457e+02
100219 2.481702e-01 2.819761e+02 9.720003e+01
200232 2.481702e-01 1.280125e+02 4.524848e+01
300104 2.481702e-01 9.947060e+01 6.896572e+00
400015 2.481702e-01 9.879220e+01 6.896572e+00
500255 2.481702e-01 9.692876e+01 6.896572e+00
600081 2.481702e-01 9.394460e+01 4.244304e+00
700161 2.481702e-01 9.033841e+01 4.789802e-01
800092 2.481702e-01 8.416441e+01 1.638336e-01
900029 2.481702e-01 6.507674e+01 6.245538e-02
999996 2.485839e-01 7.579123e-13 0.000000e+00
600 2.493656e-01 3.921520e+03 3.014899e+02
100016 2.493656e-01 2.813277e+02 1.004812e+02
200113 2.493656e-01 1.532944e+02 1.855394e+01
300303 2.493656e-01 9.986351e+01 1.119939e+01
400101 2.493656e-01 9.874408e+01 1.119939e+01
500175 2.493656e-01 9.610469e+01 3.768589e+00
600043 2.493656e-01 9.316568e+01 7.018774e-01
700041 2.493656e-01 8.820221e+01 1.364527e-01
800052 2.493656e-01 8.167065e+01 9.979874e-02
900002 2.493656e-01 6.181736e+01 1.864464e-10
1000001 2.493656e-01 7.579123e-13 0.000000e+00
600 2.490850e-01 3.858548e+03 1.650493e+02
100163 2.490850e-01 2.812649e+02 1.365992e+01
200454 2.490850e-01 1.304720e+02 1.365992e+01
300103 2.490850e-01 1.002503e+02 1.365992e+01
400290 2.490850e-01 9.986181e+01 1.365992e+01
500205 2.490850e-01 9.925483e+01 1.301059e+01
600243 2.490850e-01 9.658652e+01 8.553428e+00
700037 2.490850e-01 9.267313e+01 4.072974e+00
800044 2.490850e-01 8.854792e+01 3.584373e+00
900010 2.490850e-01 6.723702e+01 1.249152e-01
1000000 2.490850e-01 6.063298e-13 0.000000e+00
600 2.490583e-01 3.936563e+03 4.731183e+02
100356 2.490583e-01 2.818382e+02 4.017677e+01
200248 2.490583e-01 1.618808e+02 3.664786e+00
300280 2.490583e-01 9.909253e+01 3.664786e+00
400065 2.490583e-01 9.814872e+01 3.664786e+00
500127 2.490583e-01 9.523765e+01 3.664786e+00
600065 2.490583e-01 9.037302e+01 2.040948e+00
700031 2.490583e-01 8.556402e+01 6.199250e-01
800096 2.490583e-01 7.789122e+01 2.882184e-01
900057 2.490583e-01 5.264075e+01 2.246445e-02
1000004 2.490583e-01 9.094947e-13 9.094947e-13
600 2.487310e-01 3.880878e+03 1.962906e+02
100197 2.487310e-01 2.805570e+02 6.187264e+01
200013 2.487310e-01 1.533646e+02 2.077735e+01
300292 2.487310e-01 9.854577e+01 1.172090e+01
400096 2.487310e-01 9.731784e+01 7.242585e+00
500031 2.487310e-01 9.540845e+01 6.377050e+00
600023 2.487310e-01 9.098509e+01 3.744770e+00
700076 2.487310e-01 8.631263e+01 2.535893e-01
800111 2.487310e-01 7.918602e+01 9.661601e-02
900067 2.487310e-01 5.560354e+01 1.318767e-10
1000004 2.487310e-01 4.547474e-13 0.000000e+00
600 2.490479e-01 3.847145e+03 1.536816e+02
100232 2.490479e-01 2.861893e+02 3.954138e+01
200244 2.490479e-01 1.327604e+02 4.201452e+00
300155 2.490479e-01 1.002111e+02 4.201452e+00
400151 2.490479e-01 9.970028e+01 4.201452e+00
500294 2.490479e-01 9.894266e+01 4.201452e+00
600022 2.490479e-01 9.683789e+01 3.540569e+00
700017 2.490479e-01 9.336543e+01 3.540569e+00
800045 2.490479e-01 8.872685e+01 5.792487e-01
900011 2.490479e-01 7.460549e+01 6.245600e-02
1000001 2.490479e-01 4.547474e-13 0.000000e+00
600 2.473587e-01 3.881938e+03 1.580812e+02
100119 2.473587e-01 2.737857e+02 1.003319e+02
200103 2.473587e-01 1.426396e+02 4.370202e+01
300250 2.473587e-01 9.991468e+01 2.946075e+01
400190 2.473587e-01 9.932326e+01 2.946075e+01
500306 2.473587e-01 9.840743e+01 1.593836e+01
600213 2.473587e-01 9.694095e+01 8.503130e+00
700057 2.473587e-01 9.338371e+01 1.896447e+00
800007 2.473587e-01 8.746850e+01 4.534993e-01
900060 2.473587e-01 7.133360e+01 6.245600e-02
1000001 2.473587e-01 6.063298e-13 0.000000e+00
600 2.476152e-01 3.918696e+03 9.027768e+02
100451 2.476152e-01 2.942780e+02 1.006250e+02
200188 2.476152e-01 1.644791e+02 1.353504e+01
300371 2.476152e-01 9.998272e+01 1.222446e+01
400224 2.476152e-01 9.939039e+01 1.222446e+01
500238 2.476152e-01 9.882365e+01 1.222446e+01
600128 2.476152e-01 9.703795e+01 8.846330e+00
700149 2.476152e-01 9.277903e+01 3.491115e+00
800002 2.476152e-01 8.804261e+01 3.465830e+00
900033 2.476152e-01 7.347209e+01 3.352731e+00
1000001 2.476152e-01 3.352731e+00 3.352731e+00
600 2.465476e-01 3.865585e+03 1.768650e+02
100509 2.465476e-01 2.790758e+02 1.004668e+02
200413 2.465476e-01 1.472038e+02 1.190028e+01
300080 2.465476e-01 1.000310e+02 1.190028e+01
400197 2.465476e-01 9.943074e+01 1.190028e+01
500184 2.465476e-01 9.854929e+01 1.190028e+01
600054 2.465476e-01 9.499381e+01 3.916810e+00
700029 2.465476e-01 9.136252e+01 4.792153e-01
800025 2.465476e-01 8.655776e+01 2.113500e-01
900063 2.465476e-01 6.959126e+01 6.245538e-02
1000002 2.465476e-01 6.245538e-02 6.245538e-02
600 2.501597e-01 3.857694e+03 1.606265e+02
100184 2.501597e-01 2.900359e+02 2.195456e+01
200052 2.501597e-01 1.621952e+02 6.457687e+00
300080 2.501597e-01 9.917035e+01 6.457687e+00
400027 2.501597e-01 9.809335e+01 5.817934e+00
500004 2.501597e-01 9.475669e+01 4.691173e+00
600160 2.501597e-01 9.021378e+01 4.722292e-01
700182 2.501597e-01 8.567289e+01 3.042226e-01
800023 2.501597e-01 7.820475e+01 1.413130e-01
900011 2.501597e-01 5.404554e+01 2.328306e-10
1000001 2.501597e-01 6.063298e-13 0.000000e+00
600 2.502538e-01 3.940298e+03 2.391876e+02
100067 2.502538e-01 2.934563e+02 1.006882e+02
200141 2.502538e-01 1.359519e+02 3.250139e+01
300233 2.502538e-01 1.001893e+02 3.250139e+01
400140 2.502538e-01 9.960416e+01 2.886932e+01
500094 2.502538e-01 9.866533e+01 1.857133e+01
600197 2.502538e-01 9.676000e+01 1.522352e+01
700089 2.502538e-01 9.391804e+01 4.178483e+00
800111 2.502538e-01 8.953696e+01 3.441111e+00
900043 2.502538e-01 7.222376e+01 3.352731e+00
1000005 2.502538e-01 3.352731e+00 3.352731e+00
600 2.514565e-01 3.898365e+03 3.150058e+02
100166 2.514565e-01 2.672171e+02 1.005313e+02
200427 2.514565e-01 1.131928e+02 3.519414e+01
300254 2.514565e-01 1.000162e+02 3.049047e+01
400324 2.514565e-01 9.943198e+01 2.588599e+01
500168 2.514565e-01 9.837458e+01 1.637199e+01
600025 2.514565e-01 9.485720e+01 2.294643e+00
700047 2.514565e-01 9.078910e+01 4.411003e-01
800136 2.514565e-01 8.566925e+01 1.605190e-01
900041 2.514565e-01 6.969051e+01 2.590915e-02
1000001 2.514565e-01 6.063298e-13 0.000000e+00
600 2.492795e-01 3.846927e+03 1.930326e+02
100017 2.492795e-01 2.747862e+02 1.976075e+01
200439 2.492795e-01 1.414030e+02 1.685564e+01
300197 2.492795e-01 9.905585e+01 1.663067e+01
400229 2.492795e-01 9.743556e+01 3.951251e+00
500159 2.492795e-01 9.492592e+01 3.668582e+00
600172 2.492795e-01 9.192317e+01 8.242504e-01
700081 2.492795e-01 8.849677e+01 3.432589e-01
800045 2.492795e-01 8.235128e+01 1.334145e-01
900013 2.492795e-01 6.186025e+01 6.245538e-02
1000005 2.492795e-01 6.245538e-02 6.245538e-02
600 2.518942e-01 3.839041e+03 1.885370e+02
100493 2.518942e-01 2.837907e+02 1.953039e+01
200459 2.518942e-01 1.288540e+02 9.564058e+00
300080 2.518942e-01 9.895689e+01 1.512116e-01
400344 2.518942e-01 9.805832e+01 1.512116e-01
500212 2.518942e-01 9.567382e+01 1.512116e-01
600048 2.518942e-01 9.074031e+01 1.313949e-01
700041 2.518942e-01 8.557613e+01 1.279989e-01
800037 2.518942e-01 7.824258e+01 1.689110e-02
900011 2.518942e-01 5.557176e+01 1.791705e-10
1000002 2.518942e-01 9.094947e-13 9.094947e-13
600 2.488026e-01 3.925894e+03 6.313383e+02
100064 2.488026e-01 2.851120e+02 1.006554e+02
200531 2.488026e-01 1.488933e+02 7.023639e+00
300226 2.488026e-01 9.988551e+01 7.023639e+00
400060 2.488026e-01 9.927611e+01 7.023639e+00
500151 2.488026e-01 9.769719e+01 7.023639e+00
600235 2.488026e-01 9.387462e+01 4.389369e+00
700152 2.488026e-01 8.843775e+01 6.667916e-01
800098 2.488026e-01 8.137187e+01 1.685108e-01
900035 2.488026e-01 6.182929e+01 8.637062e-03
1000000 2.488026e-01 7.579123e-13 0.000000e+00
600 2.487115e-01 3.849364e+03 1.416942e+02
100486 2.487115e-01 2.742140e+02 2.202347e+01
200382 2.487115e-01 1.219915e+02 2.202347e+01
300118 2.487115e-01 1.000089e+02 6.892379e+00
400141 2.487115e-01 9.955528e+01 6.892379e+00
500142 2.487115e-01 9.821731e+01 6.892379e+00
600129 2.487115e-01 9.498825e+01 6.892379e+00
700003 2.487115e-01 8.986263e+01 3.818377e+00
800114 2.487115e-01 8.428863e+01 3.433443e-01
900050 2.487115e-01 6.650754e+01 1.249152e-01
1000004 2.487115e-01 3.031649e-13 0.000000e+00
600 2.495761e-01 3.908668e+03 2.158842e+02
100242 2.495761e-01 2.870469e+02 8.552055e+01
200139 2.495761e-01 1.584453e+02 2.272910e+01
300121 2.495761e-01 9.936120e+01 1.852900e+01
400247 2.495761e-01 9.803951e+01 1.390789e+01
500058 2.495761e-01 9.517026e+01 5.104907e+00
600168 2.495761e-01 9.220884e+01 1.549715e+00
700081 2.495761e-01 8.850770e+01 4.897122e-01
800016 2.495761e-01 8.238891e+01 7.611920e-02
900008 2.495761e-01 6.348358e+01 6.245601e-02
1000002 2.495761e-01 7.579123e-13 0.000000e+00
600 2.533821e-01 3.959275e+03 5.657652e+02
100292 2.533821e-01 2.863647e+02 6.654400e+01
200227 2.533821e-01 1.577634e+02 2.529432e+01
300319 2.533821e-01 9.928090e+01 3.478088e+00
400063 2.533821e-01 9.832792e+01 3.478088e+00
500029 2.533821e-01 9.573986e+01 3.478088e+00
600143 2.533821e-01 9.252390e+01 3.478088e+00
700012 2.533821e-01 8.883837e+01 1.240835e+00
800102 2.533821e-01 8.273480e+01 2.679684e-01
900028 2.533821e-01 6.242255e+01 1.249143e-01
1000003 2.533821e-01 4.547474e-13 0.000000e+00
600 2.498448e-01 3.917995e+03 1.880579e+02
100280 2.498448e-01 2.678775e+02 2.241973e+01
200088 2.498448e-01 1.348987e+02 2.241973e+01
300380 2.498448e-01 1.000363e+02 1.353494e+01
400550 2.498448e-01 9.940534e+01 1.353494e+01
500056 2.498448e-01 9.769563e+01 3.813722e+00
600018 2.498448e-01 9.525389e+01 3.619609e+00
700033 2.498448e-01 9.150377e+01 1.094190e+00
800047 2.498448e-01 8.265099e+01 2.093504e-01
900056 2.498448e-01 6.223595e+01 6.245538e-02
1000001 2.498448e-01 6.063298e-13 0.000000e+00
600 2.496758e-01 3.899621e+03 2.619868e+02
100355 2.496758e-01 2.871632e+02 1.628577e+01
200395 2.496758e-01 1.300357e+02 1.628577e+01
300581 2.496758e-01 9.995872e+01 3.747553e-01
400002 2.496758e-01 9.932723e+01 3.747553e-01
500170 2.496758e-01 9.834202e+01 3.747553e-01
600128 2.496758e-01 9.507175e+01 3.747553e-01
700016 2.496758e-01 8.751760e+01 2.195182e-01
800050 2.496758e-01 7.993174e+01 8.158865e-02
900055 2.496758e-01 5.726590e+01 2.846718e-10
1000005 2.496758e-01 6.063298e-13 0.000000e+00
4.53e-01 (1.16e+00): 
0.000000e+00 3.352731e+00 3.352731e+00 0.000000e+00 6.245600e-02 0.000000e+00 0.000000e+00 0.000000e+00 0.000000e+00 0.000000e+00 0.000000e+00 0.000000e+00 0.000000e+00 0.000000e+00 0.000000e+00 0.000000e+00 0.000000e+00 3.352731e+00 6.245538e-02 0.000000e+00 3.352731e+00 0.000000e+00 6.245538e-02 0.000000e+00 0.000000e+00 0.000000e+00 0.000000e+00 0.000000e+00 0.000000e+00 0.000000e+00 