1350 2.496311e-01 1.315540e+04 1.435796e+03
301184 2.496311e-01 7.627859e+02 1.469494e+02
600534 2.496311e-01 5.804568e+02 3.812229e+01
900256 2.496311e-01 4.837026e+02 3.805713e+01
1200504 2.496311e-01 4.046425e+02 3.738755e+01
1500029 2.496311e-01 3.382725e+02 3.583496e+01
1800539 2.496311e-01 2.743832e+02 3.333721e+01
2100078 2.496311e-01 2.112681e+02 1.595066e+01
2400178 2.496311e-01 1.492324e+02 1.206122e+01
2700033 2.496311e-01 9.135430e+01 7.705096e+00
3000001 2.496311e-01 5.798703e+00 1.795630e+00
1350 2.507014e-01 1.278747e+04 1.303397e+03
301184 2.507014e-01 7.626129e+02 9.314383e+01
600534 2.507014e-01 5.817102e+02 6.811874e+01
900256 2.507014e-01 4.864988e+02 2.855523e+01
1200504 2.507014e-01 4.141033e+02 2.846440e+01
1500029 2.507014e-01 3.469282e+02 2.613311e+01
1800539 2.507014e-01 2.814101e+02 2.242752e+01
2100078 2.507014e-01 2.177038e+02 1.291543e+01
2400178 2.507014e-01 1.555646e+02 1.177675e+01
2700049 2.507014e-01 9.951947e+01 8.190845e+00
3000001 2.507014e-01 7.584858e+00 7.427555e+00
1350 2.501181e-01 1.242215e+04 1.277432e+03
301184 2.501181e-01 7.555508e+02 2.083981e+02
600534 2.501181e-01 5.695768e+02 1.290196e+02
900256 2.501181e-01 4.764217e+02 1.118810e+02
1200504 2.501181e-01 4.029158e+02 5.513656e+01
1500029 2.501181e-01 3.382203e+02 4.504009e+01
1800539 2.501181e-01 2.752145e+02 2.735498e+01
2100078 2.501181e-01 2.148764e+02 2.544091e+01
2400178 2.501181e-01 1.560982e+02 2.035559e+01
2700004 2.501181e-01 9.715779e+01 5.293502e+00
2999955 2.503034e-01 5.075424e+00 4.737229e+00
1350 2.517018e-01 1.255005e+04 1.505167e+03
301184 2.517018e-01 7.601317e+02 2.171781e+02
600534 2.517018e-01 5.852015e+02 1.028803e+02
900256 2.517018e-01 4.917925e+02 7.640781e+01
1200504 2.517018e-01 4.201990e+02 6.994562e+01
1500029 2.517018e-01 3.540142e+02 4.809885e+01
1800539 2.517018e-01 2.917898e+02 3.296605e+01
2100078 2.517018e-01 2.254855e+02 2.209169e+01
2400178 2.517018e-01 1.627666e+02 1.994981e+01
2700053 2.517018e-01 1.015257e+02 1.196814e+01
3000000 2.517018e-01 7.545278e+00 7.464690e+00
1350 2.491333e-01 1.302783e+04 1.561463e+03
301184 2.491333e-01 7.670354e+02 1.768426e+02
600534 2.491333e-01 5.794675e+02 1.314395e+02
900256 2.491333e-01 4.853696e+02 9.513432e+01
1200504 2.491333e-01 4.117455e+02 4.742056e+01
1500029 2.491333e-01 3.488498e+02 4.206648e+01
1800539 2.491333e-01 2.857287e+02 3.615181e+01
2100078 2.491333e-01 2.188432e+02 2.859636e+01
2400178 2.491333e-01 1.622741e+02 1.207768e+01
2700050 2.491333e-01 1.114660e+02 7.800525e+00
3000003 2.491333e-01 1.291790e+01 7.799746e+00
1350 2.489672e-01 1.281285e+04 1.231479e+03
301184 2.489672e-01 7.594458e+02 1.381896e+02
600534 2.489672e-01 5.778403e+02 8.048301e+01
900256 2.489672e-01 4.806225e+02 5.184332e+01
1200504 2.489672e-01 4.106622e+02 3.607340e+01
1500029 2.489672e-01 3.444426e+02 3.071286e+01
1800539 2.489672e-01 2.791431e+02 2.682226e+01
2100078 2.489672e-01 2.126033e+02 1.893915e+01
2400178 2.489672e-01 1.535595e+02 6.647469e+00
2700021 2.489672e-01 1.000260e+02 2.241977e+00
3000004 2.489672e-01 1.927119e+00 1.498329e+00
1350 2.511932e-01 1.330198e+04 1.513679e+03
301184 2.511932e-01 7.464068e+02 1.928942e+02
600534 2.511932e-01 5.749724e+02 1.023575e+02
900256 2.511932e-01 4.783686e+02 3.851873e+01
1200504 2.511932e-01 4.091976e+02 3.665810e+01
1500029 2.511932e-01 3.473501e+02 3.357989e+01
1800539 2.511932e-01 2.876923e+02 3.343635e+01
2100078 2.511932e-01 2.241378e+02 2.022926e+01
2400178 2.511932e-01 1.637413e+02 1.931666e+01
2700071 2.511932e-01 1.061533e+02 2.088159e+00
3000003 2.511932e-01 8.923554e+00 1.898920e+00
1350 2.485633e-01 1.273634e+04 1.344219e+03
301184 2.485633e-01 7.681719e+02 1.354818e+02
600534 2.485633e-01 5.772531e+02 1.085470e+02
900256 2.485633e-01 4.816094e+02 7.879233e+01
1200504 2.485633e-01 4.078170e+02 6.769008e+01
1500029 2.485633e-01 3.416580e+02 4.306241e+01
1800539 2.485633e-01 2.802926e+02 3.992995e+01
2100078 2.485633e-01 2.157514e+02 3.362253e+01
2400178 2.485633e-01 1.577446e+02 1.496875e+01
2700063 2.485633e-01 1.017869e+02 7.845333e+00
3000004 2.485633e-01 1.204917e+01 7.845317e+00
1350 2.501132e-01 1.248707e+04 1.237490e+03
301184 2.501132e-01 7.577880e+02 1.970301e+02
600534 2.501132e-01 5.813168e+02 1.262266e+02
900256 2.501132e-01 4.820898e+02 7.335410e+01
1200504 2.501132e-01 4.066569e+02 4.257760e+01
1500029 2.501132e-01 3.428992e+02 4.106929e+01
1800539 2.501132e-01 2.784740e+02 2.828138e+01
2100078 2.501132e-01 2.152487e+02 1.929561e+01
2400178 2.501132e-01 1.614892e+02 1.748798e+01
2700031 2.501132e-01 1.066391e+02 7.309783e+00
3000001 2.501132e-01 1.152025e+01 7.306070e+00
1350 2.517194e-01 1.349487e+04 1.260603e+03
301184 2.517194e-01 7.611475e+02 1.818043e+02
600534 2.517194e-01 5.832905e+02 7.925212e+01
900256 2.517194e-01 4.844284e+02 7.011838e+01
1200504 2.517194e-01 4.094476e+02 4.706516e+01
1500029 2.517194e-01 3.415968e+02 4.700002e+01
1800539 2.517194e-01 2.786993e+02 3.743364e+01
2100078 2.517194e-01 2.107425e+02 3.256129e+01
2400178 2.517194e-01 1.513590e+02 1.714343e+01
2700081 2.517194e-01 8.126760e+01 7.579535e+00
3000003 2.517194e-01 7.552619e+00 7.525540e+00
1350 2.508205e-01 1.227915e+04 1.260616e+03
301184 2.508205e-01 7.661204e+02 5.291731e+01
600534 2.508205e-01 5.788008e+02 4.626080e+01
900256 2.508205e-01 4.795598e+02 3.736787e+01
1200504 2.508205e-01 4.072126e+02 3.630901e+01
1500029 2.508205e-01 3.427935e+02 2.840183e+01
1800539 2.508205e-01 2.815743e+02 2.144505e+01
2100078 2.508205e-01 2.171590e+02 1.413205e+01
2400178 2.508205e-01 1.593421e+02 1.327407e+01
2700064 2.508205e-01 9.967786e+01 8.258392e+00
3000004 2.508205e-01 9.105792e+00 7.365815e+00
1350 2.505376e-01 1.273954e+04 1.422736e+03
301184 2.505376e-01 7.579651e+02 2.216195e+02
600534 2.505376e-01 5.857870e+02 1.240270e+02
900256 2.505376e-01 4.919749e+02 1.040488e+02
1200504 2.505376e-01 4.176094e+02 7.956421e+01
1500029 2.505376e-01 3.550334e+02 6.581912e+01
1800539 2.505376e-01 2.930215e+02 5.020327e+01
2100078 2.505376e-01 2.334827e+02 3.924956e+01
2400178 2.505376e-01 1.743070e+02 3.319030e+01
2700113 2.505376e-01 1.160138e+02 8.057814e+00
3000002 2.505376e-01 1.923021e+01 8.057390e+00
1350 2.500961e-01 1.221374e+04 1.316042e+03
301184 2.500961e-01 7.615203e+02 1.467008e+02
600534 2.500961e-01 5.853767e+02 1.090314e+02
900256 2.500961e-01 4.922812e+02 8.393995e+01
1200504 2.500961e-01 4.212993e+02 3.724146e+01
1500029 2.500961e-01 3.554172e+02 2.948212e+01
1800539 2.500961e-01 2.923817e+02 1.142928e+01
2100078 2.500961e-01 2.297515e+02 1.129058e+01
2400178 2.500961e-01 1.740775e+02 1.056126e+01
2700123 2.500961e-01 1.210317e+02 1.723955e+00
3000001 2.500961e-01 5.121588e+00 1.579287e+00
1350 2.483818e-01 1.253849e+04 8.239330e+02
301184 2.483818e-01 7.527124e+02 1.733035e+02
600534 2.483818e-01 5.758133e+02 6.886816e+01
900256 2.483818e-01 4.762746e+02 6.860336e+01
1200504 2.483818e-01 4.065631e+02 6.833262e+01
1500029 2.483818e-01 3.436796e+02 5.282824e+01
1800539 2.483818e-01 2.827922e+02 4.352062e+01
2100078 2.483818e-01 2.190670e+02 1.711938e+01
2400178 2.483818e-01 1.649188e+02 4.021256e+00
2700052 2.483818e-01 1.105546e+02 1.227004e+00
3000003 2.483818e-01 2.270403e+00 8.207099e-01
1350 2.482733e-01 1.232147e+04 1.511820e+03
301184 2.482733e-01 7.548211e+02 1.371865e+02
600534 2.482733e-01 5.761305e+02 1.068377e+02
900256 2.482733e-01 4.817965e+02 7.106332e+01
1200504 2.482733e-01 4.096789e+02 5.185104e+01
1500029 2.482733e-01 3.461162e+02 3.980442e+01
1800539 2.482733e-01 2.821588e+02 3.163628e+01
2100078 2.482733e-01 2.112475e+02 1.752439e+01
2400178 2.482733e-01 1.529201e+02 1.128469e+01
2700027 2.482733e-01 9.500688e+01 8.171933e+00
3000000 2.482733e-01 7.912861e+00 7.629878e+00
1350 2.495577e-01 1.296482e+04 1.498487e+03
301184 2.495577e-01 7.623616e+02 1.264591e+02
600534 2.495577e-01 5.806230e+02 7.742029e+01
900256 2.495577e-01 4.812564e+02 4.624359e+01
1200504 2.495577e-01 4.069911e+02 4.346291e+01
1500029 2.495577e-01 3.414422e+02 2.746842e+01
1800539 2.495577e-01 2.785896e+02 2.726946e+01
2100078 2.495577e-01 2.128736e+02 1.756871e+01
2400178 2.495577e-01 1.526941e+02 1.719648e+01
2700045 2.495577e-01 9.291693e+01 1.236774e+01
3000004 2.495577e-01 1.309386e+01 1.217183e+01
1350 2.488993e-01 1.256398e+04 1.412306e+03
301184 2.488993e-01 7.566229e+02 8.784258e+01
600534 2.488993e-01 5.841386e+02 5.922101e+01
900256 2.488993e-01 4.922297e+02 4.314888e+01
1200504 2.488993e-01 4.227327e+02 3.652522e+01
1500029 2.488993e-01 3.595101e+02 3.577731e+01
1800539 2.488993e-01 2.984269e+02 3.052996e+01
2100078 2.488993e-01 2.290304e+02 2.888058e+01
2400178 2.488993e-01 1.643961e+02 1.149010e+01
2700114 2.488993e-01 1.060769e+02 7.771792e+00
3000005 2.488993e-01 8.614469e-01 8.598301e-01
1350 2.490368e-01 1.315124e+04 1.261931e+03
301184 2.490368e-01 7.622936e+02 1.367750e+02
600534 2.490368e-01 5.833367e+02 9.472680e+01
900256 2.490368e-01 4.855558e+02 6.854640e+01
1200504 2.490368e-01 4.151681e+02 6.358755e+01
1500029 2.490368e-01 3.501136e+02 6.047663e+01
1800539 2.490368e-01 2.871191e+02 3.150897e+01
2100078 2.490368e-01 2.254360e+02 2.636208e+01
2400178 2.490368e-01 1.664975e+02 2.191158e+01
2700004 2.490368e-01 1.021893e+02 5.727978e+00
3000000 2.490368e-01 5.415565e+00 4.837097e+00
1350 2.496526e-01 1.248346e+04 1.653733e+03
301184 2.496526e-01 7.607220e+02 1.544599e+02
600534 2.496526e-01 5.793223e+02 9.200577e+01
900256 2.496526e-01 4.820967e+02 4.196362e+01
1200504 2.496526e-01 4.074631e+02 4.151118e+01
1500029 2.496526e-01 3.429290e+02 4.151118e+01
1800539 2.496526e-01 2.817577e+02 3.928262e+01
2100078 2.496526e-01 2.152843e+02 1.751573e+01
2400178 2.496526e-01 1.531652e+02 1.383456e+01
2700105 2.496526e-01 9.460923e+01 8.347893e+00
3000005 2.496526e-01 8.314070e+00 7.608789e+00
1350 2.502708e-01 1.349866e+04 1.314643e+03
301184 2.502708e-01 7.526895e+02 1.045668e+02
600534 2.502708e-01 5.800799e+02 7.469417e+01
900256 2.502708e-01 4.880609e+02 6.455773e+01
1200504 2.502708e-01 4.225284e+02 6.094840e+01
1500029 2.502708e-01 3.587147e+02 5.771284e+01
1800539 2.502708e-01 2.938786e+02 4.635977e+01
2100078 2.502708e-01 2.289025e+02 2.967500e+01
2400178 2.502708e-01 1.674954e+02 1.474868e+01
2700111 2.502708e-01 1.139744e+02 1.204155e+01
3000000 2.502708e-01 9.462111e+00 7.658833e+00
1350 2.497022e-01 1.286452e+04 1.195830e+03
301184 2.497022e-01 7.464855e+02 1.586404e+02
600534 2.497022e-01 5.692425e+02 7.048084e+01
900256 2.497022e-01 4.765051e+02 6.821203e+01
1200504 2.497022e-01 4.070372e+02 5.188140e+01
1500029 2.497022e-01 3.435675e+02 3.267635e+01
1800539 2.497022e-01 2.830382e+02 2.861449e+01
2100078 2.497022e-01 2.213807e+02 2.572878e+01
2400178 2.497022e-01 1.639279e+02 8.367440e+00
2700004 2.497022e-01 1.126958e+02 5.417374e+00
3000005 2.497022e-01 5.326876e+00 5.217553e+00
1350 2.499288e-01 1.345587e+04 1.342570e+03
301184 2.499288e-01 7.522928e+02 9.086151e+01
600534 2.499288e-01 5.793169e+02 5.082032e+01
900256 2.499288e-01 4.833783e+02 4.758321e+01
1200504 2.499288e-01 4.094934e+02 4.743509e+01
1500029 2.499288e-01 3.466529e+02 3.366240e+01
1800539 2.499288e-01 2.853796e+02 3.193160e+01
2100078 2.499288e-01 2.196092e+02 2.114030e+01
2400178 2.499288e-01 1.648557e+02 1.257782e+01
2700032 2.499288e-01 1.112456e+02 8.491322e+00
3000005 2.499288e-01 4.449871e+00 2.869589e+00
1350 2.501657e-01 1.306986e+04 1.112692e+03
301184 2.501657e-01 7.605979e+02 1.615069e+02
600534 2.501657e-01 5.867580e+02 6.955647e+01
900256 2.501657e-01 4.927355e+02 6.426122e+01
1200504 2.501657e-01 4.190133e+02 5.435753e+01
1500029 2.501657e-01 3.540996e+02 4.317795e+01
1800539 2.501657e-01 2.929738e+02 3.377783e+01
2100078 2.501657e-01 2.248661e+02 3.205011e+01
2400178 2.501657e-01 1.628909e+02 1.844178e+01
2700037 2.501657e-01 1.018149e+02 1.503030e+01
2999965 2.503510e-01 1.241864e+01 8.877514e+00
1350 2.514127e-01 1.324571e+04 1.527289e+03
301184 2.514127e-01 7.655229e+02 1.551121e+02
600534 2.514127e-01 5.811314e+02 7.150156e+01
900256 2.514127e-01 4.858005e+02 5.222343e+01
1200504 2.514127e-01 4.168238e+02 4.780932e+01
1500029 2.514127e-01 3.533896e+02 4.359152e+01
1800539 2.514127e-01 2.835227e+02 3.131263e+01
2100078 2.514127e-01 2.209025e+02 2.860150e+01
2400178 2.514127e-01 1.631239e+02 2.321797e+01
2700126 2.514127e-01 1.102798e+02 2.333084e+00
3000001 2.514127e-01 1.435536e+01 2.332956e+00
1350 2.488899e-01 1.304368e+04 1.512608e+03
301184 2.488899e-01 7.665168e+02 1.848895e+02
600534 2.488899e-01 5.888193e+02 9.984628e+01
900256 2.488899e-01 4.912834e+02 7.647123e+01
1200504 2.488899e-01 4.181199e+02 6.336915e+01
1500029 2.488899e-01 3.517301e+02 4.447419e+01
1800539 2.488899e-01 2.876574e+02 3.407142e+01
2100078 2.488899e-01 2.237185e+02 2.343093e+01
2400178 2.488899e-01 1.647682e+02 1.090283e+01
2700016 2.488899e-01 1.055374e+02 7.775634e+00
3000004 2.488899e-01 3.409617e+00 1.104280e+00
1350 2.507241e-01 1.321031e+04 1.278943e+03
301184 2.507241e-01 7.660120e+02 1.359294e+02
600534 2.507241e-01 5.874790e+02 7.214112e+01
900256 2.507241e-01 4.844369e+02 6.534883e+01
1200504 2.507241e-01 4.117126e+02 6.281552e+01
1500029 2.507241e-01 3.474189e+02 5.984591e+01
1800539 2.507241e-01 2.835923e+02 4.137173e+01
2100078 2.507241e-01 2.215152e+02 3.589956e+01
2400178 2.507241e-01 1.632218e+02 1.001529e+01
2700017 2.507241e-01 1.131575e+02 6.128611e+00
3000000 2.507241e-01 4.848818e+00 4.740458e+00
1350 2.500212e-01 1.254775e+04 1.502798e+03
301184 2.500212e-01 7.659053e+02 1.197662e+02
600534 2.500212e-01 5.928086e+02 9.285053e+01
900256 2.500212e-01 4.926881e+02 5.396423e+01
1200504 2.500212e-01 4.201191e+02 4.873231e+01
1500029 2.500212e-01 3.532350e+02 3.940577e+01
1800539 2.500212e-01 2.862327e+02 2.693853e+01
2100078 2.500212e-01 2.185649e+02 2.144311e+01
2400178 2.500212e-01 1.625692e+02 1.655097e+01
2700005 2.500212e-01 1.030812e+02 1.313789e+01
3000003 2.500212e-01 1.239427e+01 1.154280e+01
1350 2.508352e-01 1.225278e+04 9.893576e+02
301184 2.508352e-01 7.642573e+02 5.962103e+01
600534 2.508352e-01 5.763949e+02 5.653524e+01
900256 2.508352e-01 4.848964e+02 4.401851e+01
1200504 2.508352e-01 4.166185e+02 3.578065e+01
1500029 2.508352e-01 3.539394e+02 3.251000e+01
1800539 2.508352e-01 2.897175e+02 2.409455e+01
2100078 2.508352e-01 2.282201e+02 2.041709e+01
2400178 2.508352e-01 1.681044e+02 1.689913e+01
2700128 2.508352e-01 1.036680e+02 8.023844e+00
3000004 2.508352e-01 7.983990e+00 7.977627e+00
1350 2.499370e-01 1.263365e+04 1.306972e+03
301184 2.499370e-01 7.518000e+02 1.678954e+02
600534 2.499370e-01 5.769014e+02 7.491014e+01
900256 2.499370e-01 4.819572e+02 7.318024e+01
1200504 2.499370e-01 4.110302e+02 5.309962e+01
1500029 2.499370e-01 3.472684e+02 4.049740e+01
1800539 2.499370e-01 2.788569e+02 3.632071e+01
2100078 2.499370e-01 2.114605e+02 3.297080e+01
2400178 2.499370e-01 1.500874e+02 2.094158e+01
2700031 2.499370e-01 8.998154e+01 1.961599e+01
3000001 2.499370e-01 1.175930e+01 7.435552e+00
1350 2.505661e-01 1.306552e+04 1.591822e+03
301184 2.505661e-01 7.596577e+02 1.235001e+02
600534 2.505661e-01 5.768629e+02 1.119893e+02
900256 2.505661e-01 4.774076e+02 1.004928e+02
1200504 2.505661e-01 4.065580e+02 7.841974e+01
1500029 2.505661e-01 3.461819e+02 4.899820e+01
1800539 2.505661e-01 2.859738e+02 4.035391e+01
2100078 2.505661e-01 2.231994e+02 3.432451e+01
2400178 2.505661e-01 1.636882e+02 2.291875e+01
2700095 2.505661e-01 1.088815e+02 1.523400e+01
3000003 2.505661e-01 7.827369e+00 7.724159e+00
5.79e+00 (3.18e+00): 
1.795630e+00 7.427555e+00 4.737229e+00 7.464690e+00 7.799746e+00 1.498329e+00 1.898920e+00 7.845317e+00 7.306070e+00 7.525540e+00 7.365815e+00 8.057390e+00 1.579287e+00 8.207099e-01 7.629878e+00 1.217183e+01 8.598301e-01 4.837097e+00 7.608789e+00 7.658833e+00 5.217553e+00 2.869589e+00 8.877514e+00 2.332956e+00 1.104280e+00 4.740458e+00 1.154280e+01 7.977627e+00 7.435552e+00 7.724159e+00 1350 2.496311e-01 1.315540e+04 1.435796e+03
301184 2.496311e-01 7.681664e+02 2.007259e+02
600534 2.496311e-01 5.962353e+02 9.137946e+01
900256 2.496311e-01 4.975683e+02 4.599718e+01
1200504 2.496311e-01 4.248732e+02 4.303053e+01
1500029 2.496311e-01 3.579021e+02 2.499905e+01
1800539 2.496311e-01 2.916832e+02 2.467241e+01
2100078 2.496311e-01 2.288389e+02 1.835624e+01
2400178 2.496311e-01 1.608690e+02 1.142208e+01
2700040 2.496311e-01 9.143974e+01 1.085886e+00
3000003 2.496311e-01 9.410213e-01 8.443368e-01
1350 2.507014e-01 1.278747e+04 1.303397e+03
301184 2.507014e-01 7.746400e+02 1.902305e+02
600534 2.507014e-01 5.950128e+02 9.142173e+01
900256 2.507014e-01 4.954660e+02 3.641570e+01
1200504 2.507014e-01 4.192802e+02 2.901077e+01
1500029 2.507014e-01 3.503471e+02 2.726688e+01
1800539 2.507014e-01 2.862892e+02 2.507608e+01
2100078 2.507014e-01 2.200051e+02 1.839352e+01
2400178 2.507014e-01 1.546711e+02 1.075891e+01
2700134 2.507014e-01 8.235121e+01 7.698806e+00
3000005 2.507014e-01 1.182378e+00 9.849012e-01
1350 2.501181e-01 1.242215e+04 1.277432e+03
301184 2.501181e-01 7.735384e+02 1.283879e+02
600534 2.501181e-01 5.888721e+02 1.011938e+02
900256 2.501181e-01 4.904231e+02 7.846215e+01
1200504 2.501181e-01 4.175825e+02 5.865780e+01
1500029 2.501181e-01 3.531226e+02 5.224876e+01
1800539 2.501181e-01 2.835978e+02 3.982294e+01
2100078 2.501181e-01 2.147963e+02 2.903091e+01
2400178 2.501181e-01 1.523829e+02 9.041015e+00
2700085 2.501181e-01 8.378978e+01 7.608250e+00
3000001 2.501181e-01 7.712251e+00 7.557828e+00
1350 2.517018e-01 1.255005e+04 1.505167e+03
301184 2.517018e-01 7.791441e+02 1.937477e+02
600534 2.517018e-01 6.106743e+02 9.276354e+01
900256 2.517018e-01 5.093564e+02 4.930625e+01
1200504 2.517018e-01 4.319300e+02 4.929554e+01
1500029 2.517018e-01 3.628248e+02 2.415451e+01
1800539 2.517018e-01 2.948854e+02 2.037549e+01
2100078 2.517018e-01 2.301207e+02 1.418256e+01
2400178 2.517018e-01 1.612515e+02 1.108420e+01
2700018 2.517018e-01 9.672178e+01 7.506382e+00
3000005 2.517018e-01 7.421060e+00 7.329926e+00
1350 2.491333e-01 1.302783e+04 1.561463e+03
301184 2.491333e-01 7.656474e+02 1.525421e+02
600534 2.491333e-01 5.923543e+02 1.139410e+02
900256 2.491333e-01 4.925513e+02 6.558892e+01
1200504 2.491333e-01 4.202158e+02 5.195834e+01
1500029 2.491333e-01 3.552079e+02 3.960485e+01
1800539 2.491333e-01 2.906350e+02 3.557433e+01
2100078 2.491333e-01 2.261844e+02 1.015105e+01
2400178 2.491333e-01 1.608984e+02 6.736593e+00
2700121 2.491333e-01 9.580360e+01 2.274943e+00
3000000 2.491333e-01 4.085909e+00 2.232581e+00
1350 2.489672e-01 1.281285e+04 1.231479e+03
301184 2.489672e-01 7.755848e+02 1.420899e+02
600534 2.489672e-01 5.919790e+02 7.194130e+01
900256 2.489672e-01 4.945543e+02 4.912992e+01
1200504 2.489672e-01 4.184287e+02 2.623183e+01
1500029 2.489672e-01 3.457116e+02 2.373406e+01
1800539 2.489672e-01 2.817095e+02 1.787884e+01
2100078 2.489672e-01 2.128230e+02 1.320292e+01
2400178 2.489672e-01 1.510459e+02 5.716390e+00
2700059 2.489672e-01 8.135795e+01 9.111011e-01
2999957 2.491517e-01 9.167301e-01 9.104228e-01
1350 2.511932e-01 1.330198e+04 1.513679e+03
301184 2.511932e-01 7.788527e+02 1.326265e+02
600534 2.511932e-01 5.954449e+02 1.082426e+02
900256 2.511932e-01 5.012533e+02 7.809056e+01
1200504 2.511932e-01 4.275822e+02 3.850657e+01
1500029 2.511932e-01 3.618154e+02 3.633164e+01
1800539 2.511932e-01 2.920461e+02 1.645777e+01
2100078 2.511932e-01 2.247551e+02 1.176713e+01
2400178 2.511932e-01 1.621108e+02 9.125831e+00
2700052 2.511932e-01 9.425100e+01 7.951695e+00
3000003 2.511932e-01 1.037508e+00 9.817923e-01
1350 2.485633e-01 1.273634e+04 1.344219e+03
301184 2.485633e-01 7.627851e+02 1.274726e+02
600534 2.485633e-01 5.878958e+02 1.181423e+02
900256 2.485633e-01 4.927949e+02 8.360824e+01
1200504 2.485633e-01 4.216170e+02 5.063027e+01
1500029 2.485633e-01 3.514000e+02 3.861357e+01
1800539 2.485633e-01 2.856202e+02 2.288062e+01
2100078 2.485633e-01 2.171495e+02 2.214916e+01
2400178 2.485633e-01 1.580508e+02 1.932022e+01
2700037 2.485633e-01 1.000312e+02 5.432350e+00
3000005 2.485633e-01 1.506690e+00 1.495061e+00
1350 2.501132e-01 1.248707e+04 1.237490e+03
301184 2.501132e-01 7.814394e+02 9.576981e+01
600534 2.501132e-01 6.003360e+02 7.400021e+01
900256 2.501132e-01 5.075141e+02 7.247950e+01
1200504 2.501132e-01 4.312143e+02 2.495747e+01
1500029 2.501132e-01 3.639003e+02 2.294060e+01
1800539 2.501132e-01 2.974993e+02 1.865936e+01
2100078 2.501132e-01 2.261751e+02 1.633905e+01
2400178 2.501132e-01 1.596392e+02 1.199927e+01
2700097 2.501132e-01 8.438114e+01 7.362733e+00
3000002 2.501132e-01 8.087840e-01 6.411785e-01
1350 2.517194e-01 1.349487e+04 1.260603e+03
301184 2.517194e-01 7.714548e+02 5.628368e+01
600534 2.517194e-01 5.891360e+02 5.269259e+01
900256 2.517194e-01 4.924109e+02 4.822106e+01
1200504 2.517194e-01 4.190622e+02 4.808408e+01
1500029 2.517194e-01 3.525099e+02 4.417619e+01
1800539 2.517194e-01 2.846234e+02 2.550273e+01
2100078 2.517194e-01 2.130461e+02 1.793834e+01
2400178 2.517194e-01 1.474301e+02 5.963974e+00
2700102 2.517194e-01 8.298002e+01 1.500915e+00
3000004 2.517194e-01 4.067122e+00 1.500475e+00
1350 2.508205e-01 1.227915e+04 1.260616e+03
301184 2.508205e-01 7.688477e+02 7.596050e+01
600534 2.508205e-01 5.955759e+02 6.196979e+01
900256 2.508205e-01 4.975962e+02 5.963876e+01
1200504 2.508205e-01 4.218532e+02 3.084676e+01
1500029 2.508205e-01 3.578802e+02 2.584861e+01
1800539 2.508205e-01 2.925678e+02 2.133003e+01
2100078 2.508205e-01 2.272808e+02 1.346916e+01
2400178 2.508205e-01 1.614622e+02 1.080851e+01
2700089 2.508205e-01 8.195745e+01 7.764409e+00
3000000 2.508205e-01 1.024190e+00 9.682711e-01
1350 2.505376e-01 1.273954e+04 1.422736e+03
301184 2.505376e-01 7.672030e+02 1.555719e+02
600534 2.505376e-01 5.855435e+02 1.168082e+02
900256 2.505376e-01 4.901126e+02 8.654176e+01
1200504 2.505376e-01 4.154411e+02 4.263912e+01
1500029 2.505376e-01 3.453744e+02 3.839402e+01
1800539 2.505376e-01 2.811258e+02 1.693413e+01
2100078 2.505376e-01 2.132828e+02 1.612677e+01
2400178 2.505376e-01 1.484359e+02 1.605322e+01
2700092 2.505376e-01 7.640496e+01 7.418956e+00
3000001 2.505376e-01 7.303867e-01 6.779721e-01
1350 2.500961e-01 1.221374e+04 1.316042e+03
301184 2.500961e-01 7.736498e+02 1.016348e+02
600534 2.500961e-01 5.911708e+02 6.992120e+01
900256 2.500961e-01 4.942548e+02 6.020934e+01
1200504 2.500961e-01 4.227293e+02 5.642321e+01
1500029 2.500961e-01 3.503401e+02 4.469680e+01
1800539 2.500961e-01 2.830297e+02 3.621661e+01
2100078 2.500961e-01 2.162093e+02 2.635953e+01
2400178 2.500961e-01 1.579190e+02 1.745797e+01
2700037 2.500961e-01 9.307496e+01 7.628235e+00
3000000 2.500961e-01 9.532164e+00 7.418534e+00
1350 2.483818e-01 1.253849e+04 8.239330e+02
301184 2.483818e-01 7.683649e+02 1.145143e+02
600534 2.483818e-01 5.839967e+02 7.015983e+01
900256 2.483818e-01 4.854100e+02 6.838127e+01
1200504 2.483818e-01 4.118424e+02 5.304239e+01
1500029 2.483818e-01 3.480565e+02 4.052253e+01
1800539 2.483818e-01 2.778109e+02 3.292114e+01
2100078 2.483818e-01 2.109025e+02 2.317892e+01
2400178 2.483818e-01 1.477503e+02 1.600045e+01
2700032 2.483818e-01 8.197918e+01 7.599154e+00
3000005 2.483818e-01 3.081090e+00 7.716920e-01
1350 2.482733e-01 1.232147e+04 1.511820e+03
301184 2.482733e-01 7.575759e+02 9.831966e+01
600534 2.482733e-01 5.807969e+02 4.444231e+01
900256 2.482733e-01 4.802833e+02 3.574085e+01
1200504 2.482733e-01 4.013342e+02 2.824365e+01
1500029 2.482733e-01 3.342798e+02 2.425474e+01
1800539 2.482733e-01 2.676792e+02 2.064719e+01
2100078 2.482733e-01 2.019036e+02 1.965938e+01
2400178 2.482733e-01 1.399053e+02 1.770346e+01
2700078 2.482733e-01 6.908601e+01 7.820595e+00
2999961 2.484572e-01 8.347784e-01 7.562097e-01
1350 2.495577e-01 1.296482e+04 1.498487e+03
301184 2.495577e-01 7.658188e+02 1.009647e+02
600534 2.495577e-01 5.831519e+02 8.157794e+01
900256 2.495577e-01 4.862269e+02 7.782303e+01
1200504 2.495577e-01 4.138417e+02 4.338581e+01
1500029 2.495577e-01 3.471620e+02 3.929690e+01
1800539 2.495577e-01 2.863595e+02 2.138646e+01
2100078 2.495577e-01 2.174013e+02 1.556616e+01
2400178 2.495577e-01 1.553265e+02 1.045669e+01
2700122 2.495577e-01 8.952720e+01 6.334992e+00
3000005 2.495577e-01 2.069526e+00 1.658424e+00
1350 2.488993e-01 1.256398e+04 1.412306e+03
301184 2.488993e-01 7.614768e+02 1.847014e+02
600534 2.488993e-01 5.918044e+02 1.141378e+02
900256 2.488993e-01 4.954858e+02 5.924696e+01
1200504 2.488993e-01 4.194789e+02 4.245630e+01
1500029 2.488993e-01 3.544854e+02 4.074182e+01
1800539 2.488993e-01 2.900153e+02 3.630016e+01
2100078 2.488993e-01 2.216781e+02 2.165899e+01
2400178 2.488993e-01 1.586774e+02 2.083114e+01
2700132 2.488993e-01 9.813922e+01 1.128069e+01
3000000 2.488993e-01 1.138906e+01 8.683482e+00
1350 2.490368e-01 1.315124e+04 1.261931e+03
301184 2.490368e-01 7.743769e+02 1.021451e+02
600534 2.490368e-01 5.932409e+02 6.156715e+01
900256 2.490368e-01 4.955687e+02 6.033499e+01
1200504 2.490368e-01 4.263552e+02 5.718745e+01
1500029 2.490368e-01 3.594149e+02 4.323570e+01
1800539 2.490368e-01 2.897389e+02 3.155600e+01
2100078 2.490368e-01 2.251304e+02 2.377308e+01
2400178 2.490368e-01 1.605416e+02 2.066017e+01
2700072 2.490368e-01 8.756505e+01 7.537243e+00
3000000 2.490368e-01 6.635340e-01 6.254019e-01
1350 2.496526e-01 1.248346e+04 1.653733e+03
301184 2.496526e-01 7.707491e+02 1.884498e+02
600534 2.496526e-01 5.919426e+02 5.867035e+01
900256 2.496526e-01 4.887690e+02 4.043696e+01
1200504 2.496526e-01 4.122195e+02 3.760015e+01
1500029 2.496526e-01 3.451274e+02 3.137892e+01
1800539 2.496526e-01 2.826280e+02 2.185472e+01
2100078 2.496526e-01 2.142620e+02 1.924485e+01
2400178 2.496526e-01 1.533506e+02 9.363852e+00
2700034 2.496526e-01 8.618162e+01 4.917682e+00
3000005 2.496526e-01 7.884100e-01 6.703754e-01
1350 2.502708e-01 1.349866e+04 1.314643e+03
301184 2.502708e-01 7.716100e+02 1.826830e+02
600534 2.502708e-01 5.966177e+02 1.402179e+02
900256 2.502708e-01 4.986725e+02 6.517051e+01
1200504 2.502708e-01 4.259399e+02 5.245672e+01
1500029 2.502708e-01 3.612830e+02 4.176935e+01
1800539 2.502708e-01 2.965845e+02 4.087332e+01
2100078 2.502708e-01 2.287181e+02 2.751459e+01
2400178 2.502708e-01 1.599494e+02 2.202835e+01
2700104 2.502708e-01 8.300944e+01 1.552697e+01
3000005 2.502708e-01 7.783289e+00 7.642312e+00
1350 2.497022e-01 1.286452e+04 1.195830e+03
301184 2.497022e-01 7.582073e+02 2.336029e+02
600534 2.497022e-01 5.807440e+02 1.404650e+02
900256 2.497022e-01 4.853930e+02 7.312428e+01
1200504 2.497022e-01 4.136062e+02 5.673791e+01
1500029 2.497022e-01 3.484115e+02 5.290273e+01
1800539 2.497022e-01 2.857512e+02 4.722970e+01
2100078 2.497022e-01 2.201157e+02 2.270002e+01
2400178 2.497022e-01 1.613008e+02 1.880341e+01
2700093 2.497022e-01 9.733015e+01 1.519394e+00
3000004 2.497022e-01 8.821982e-01 7.194430e-01
1350 2.499288e-01 1.345587e+04 1.342570e+03
301184 2.499288e-01 7.566226e+02 1.303178e+02
600534 2.499288e-01 5.847561e+02 9.621309e+01
900256 2.499288e-01 4.871683e+02 6.340743e+01
1200504 2.499288e-01 4.109591e+02 3.819989e+01
1500029 2.499288e-01 3.450951e+02 2.858126e+01
1800539 2.499288e-01 2.823628e+02 2.729676e+01
2100078 2.499288e-01 2.183848e+02 2.139981e+01
2400178 2.499288e-01 1.568977e+02 1.596597e+01
2700109 2.499288e-01 8.927379e+01 7.659478e+00
3000002 2.499288e-01 7.611650e+00 7.576546e+00
1350 2.501657e-01 1.306986e+04 1.112692e+03
301184 2.501657e-01 7.707962e+02 1.253648e+02
600534 2.501657e-01 5.909910e+02 8.095367e+01
900256 2.501657e-01 4.949836e+02 6.872122e+01
1200504 2.501657e-01 4.243054e+02 4.221873e+01
1500029 2.501657e-01 3.546361e+02 2.942764e+01
1800539 2.501657e-01 2.893798e+02 2.825828e+01
2100078 2.501657e-01 2.247604e+02 2.057386e+01
2400178 2.501657e-01 1.589821e+02 1.351383e+01
2700101 2.501657e-01 8.128933e+01 8.707526e+00
3000003 2.501657e-01 9.906184e-01 9.603775e-01
1350 2.514127e-01 1.324571e+04 1.527289e+03
301184 2.514127e-01 7.681908e+02 1.377205e+02
600534 2.514127e-01 5.923585e+02 9.997745e+01
900256 2.514127e-01 4.939828e+02 9.499661e+01
1200504 2.514127e-01 4.206776e+02 6.391439e+01
1500029 2.514127e-01 3.569229e+02 5.234477e+01
1800539 2.514127e-01 2.947116e+02 2.828936e+01
2100078 2.514127e-01 2.315728e+02 1.849503e+01
2400178 2.514127e-01 1.664024e+02 1.160114e+01
2700116 2.514127e-01 9.855806e+01 6.686587e+00
3000002 2.514127e-01 4.357165e+00 8.926193e-01
1350 2.488899e-01 1.304368e+04 1.512608e+03
301184 2.488899e-01 7.703887e+02 1.424709e+02
600534 2.488899e-01 5.866793e+02 8.096659e+01
900256 2.488899e-01 4.864196e+02 7.037675e+01
1200504 2.488899e-01 4.108465e+02 5.555894e+01
1500029 2.488899e-01 3.444774e+02 3.360760e+01
1800539 2.488899e-01 2.777385e+02 2.288695e+01
2100078 2.488899e-01 2.091701e+02 1.857046e+01
2400178 2.488899e-01 1.447589e+02 1.356483e+01
2700129 2.488899e-01 8.077191e+01 9.046047e+00
3000002 2.488899e-01 7.836421e+00 7.735554e+00
1350 2.507241e-01 1.321031e+04 1.278943e+03
301184 2.507241e-01 7.695448e+02 7.592195e+01
600534 2.507241e-01 5.878036e+02 7.466208e+01
900256 2.507241e-01 4.932771e+02 6.132910e+01
1200504 2.507241e-01 4.205433e+02 5.616440e+01
1500029 2.507241e-01 3.518031e+02 3.612428e+01
1800539 2.507241e-01 2.852773e+02 2.216122e+01
2100078 2.507241e-01 2.178458e+02 1.458866e+01
2400178 2.507241e-01 1.554601e+02 1.168747e+01
2700073 2.507241e-01 8.691828e+01 8.694770e+00
2999616 2.509098e-01 9.441983e-01 7.480391e-01
1350 2.500212e-01 1.254775e+04 1.502798e+03
301184 2.500212e-01 7.622052e+02 1.252713e+02
600534 2.500212e-01 5.837619e+02 1.026089e+02
900256 2.500212e-01 4.891429e+02 8.483360e+01
1200504 2.500212e-01 4.122201e+02 6.368990e+01
1500029 2.500212e-01 3.447301e+02 4.177401e+01
1800539 2.500212e-01 2.789018e+02 2.848561e+01
2100078 2.500212e-01 2.108678e+02 2.299201e+01
2400178 2.500212e-01 1.484840e+02 1.269955e+01
2700123 2.500212e-01 8.429465e+01 7.365895e+00
3000002 2.500212e-01 7.890959e-01 7.798367e-01
1350 2.508352e-01 1.225278e+04 9.893576e+02
301184 2.508352e-01 7.582494e+02 1.351597e+02
600534 2.508352e-01 5.822622e+02 5.977999e+01
900256 2.508352e-01 4.885013e+02 5.337320e+01
1200504 2.508352e-01 4.130323e+02 5.296010e+01
1500029 2.508352e-01 3.455348e+02 5.293990e+01
1800539 2.508352e-01 2.803570e+02 1.329913e+01
2100078 2.508352e-01 2.143353e+02 9.136851e+00
2400178 2.508352e-01 1.529433e+02 6.622975e+00
2700137 2.508352e-01 8.559405e+01 2.542555e+00
3000003 2.508352e-01 9.562023e-01 8.142594e-01
1350 2.499370e-01 1.263365e+04 1.306972e+03
301184 2.499370e-01 7.766543e+02 1.881008e+02
600534 2.499370e-01 6.012680e+02 1.270597e+02
900256 2.499370e-01 5.032895e+02 9.406366e+01
1200504 2.499370e-01 4.298258e+02 4.711164e+01
1500029 2.499370e-01 3.615445e+02 1.788139e+01
1800539 2.499370e-01 2.929674e+02 1.785481e+01
2100078 2.499370e-01 2.272043e+02 1.693681e+01
2400178 2.499370e-01 1.649524e+02 1.094591e+01
2700065 2.499370e-01 9.781030e+01 8.416699e+00
3000005 2.499370e-01 8.282972e+00 8.278046e+00
1350 2.505661e-01 1.306552e+04 1.591822e+03
301184 2.505661e-01 7.606299e+02 1.709212e+02
600534 2.505661e-01 5.889737e+02 9.797308e+01
900256 2.505661e-01 4.877562e+02 6.266021e+01
1200504 2.505661e-01 4.138784e+02 6.154197e+01
1500029 2.505661e-01 3.479164e+02 3.805162e+01
1800539 2.505661e-01 2.786947e+02 2.789757e+01
2100078 2.505661e-01 2.101077e+02 2.034491e+01
2400178 2.505661e-01 1.489068e+02 1.612099e+01
2700128 2.505661e-01 7.541348e+01 7.832229e+00
3000005 2.505661e-01 7.918206e-01 7.221264e-01
2.79e+00 (3.09e+00): 
8.443368e-01 9.849012e-01 7.557828e+00 7.329926e+00 2.232581e+00 9.104228e-01 9.817923e-01 1.495061e+00 6.411785e-01 1.500475e+00 9.682711e-01 6.779721e-01 7.418534e+00 7.716920e-01 7.562097e-01 1.658424e+00 8.683482e+00 6.254019e-01 6.703754e-01 7.642312e+00 7.194430e-01 7.576546e+00 9.603775e-01 8.926193e-01 7.735554e+00 7.480391e-01 7.798367e-01 8.142594e-01 8.278046e+00 7.221264e-01 1350 2.496311e-01 1.315540e+04 1.435796e+03
301056 2.496311e-01 7.827041e+02 1.437638e+02
600654 2.496311e-01 5.916828e+02 8.685212e+01
900522 2.496311e-01 4.913933e+02 7.749111e+01
1200298 2.496311e-01 4.144939e+02 5.954448e+01
1500109 2.496311e-01 3.481032e+02 3.059790e+01
1800485 2.496311e-01 2.845729e+02 2.140794e+01
2100317 2.496311e-01 2.197241e+02 2.043929e+01
2400201 2.496311e-01 1.602127e+02 1.321902e+01
2700127 2.496311e-01 9.798261e+01 1.380114e+00
3000002 2.496311e-01 1.624848e+00 1.380105e+00
1350 2.507014e-01 1.278747e+04 1.303397e+03
300374 2.507014e-01 7.826375e+02 1.534971e+02
600020 2.507014e-01 5.925468e+02 1.101641e+02
900861 2.507014e-01 4.911462e+02 7.231599e+01
1200399 2.507014e-01 4.154936e+02 5.262185e+01
1500093 2.507014e-01 3.500329e+02 4.997228e+01
1800326 2.507014e-01 2.858806e+02 3.041260e+01
2100366 2.507014e-01 2.193932e+02 2.740918e+01
2400207 2.507014e-01 1.561277e+02 1.060062e+01
2700092 2.507014e-01 8.869699e+01 8.963898e-01
3000001 2.507014e-01 3.453985e+00 8.618514e-01
1350 2.501181e-01 1.242215e+04 1.277432e+03
300648 2.501181e-01 7.695107e+02 1.144250e+02
601077 2.501181e-01 5.927976e+02 6.910084e+01
900756 2.501181e-01 4.933121e+02 6.757154e+01
1200175 2.501181e-01 4.215565e+02 6.098283e+01
1500651 2.501181e-01 3.545927e+02 4.046119e+01
1800281 2.501181e-01 2.864599e+02 2.647657e+01
2100403 2.501181e-01 2.204561e+02 2.111796e+01
2400068 2.501181e-01 1.609484e+02 1.070342e+01
2700134 2.501181e-01 1.030840e+02 7.430866e+00
3000000 2.501181e-01 7.468246e+00 7.395557e+00
1350 2.517018e-01 1.255005e+04 1.505167e+03
300125 2.517018e-01 7.805106e+02 9.748698e+01
600290 2.517018e-01 5.919233e+02 6.577660e+01
900776 2.517018e-01 4.895192e+02 5.179903e+01
1200349 2.517018e-01 4.148324e+02 4.687949e+01
1500537 2.517018e-01 3.488323e+02 4.507217e+01
1800132 2.517018e-01 2.829156e+02 3.106040e+01
2100013 2.517018e-01 2.179977e+02 1.611641e+01
2400151 2.517018e-01 1.583949e+02 1.163157e+01
2700001 2.517018e-01 9.666000e+01 4.753292e+00
2999997 2.518882e-01 4.666802e+00 2.245158e+00
1350 2.491333e-01 1.302783e+04 1.561463e+03
300068 2.491333e-01 8.009448e+02 9.876116e+01
600791 2.491333e-01 6.091334e+02 6.714215e+01
900250 2.491333e-01 5.061981e+02 6.459446e+01
1200228 2.491333e-01 4.278532e+02 4.906234e+01
1500171 2.491333e-01 3.554934e+02 3.550847e+01
1800344 2.491333e-01 2.886596e+02 2.145222e+01
2100081 2.491333e-01 2.211005e+02 6.968083e+00
2400022 2.491333e-01 1.544092e+02 5.392352e+00
2700110 2.491333e-01 8.111088e+01 1.528295e+00
3000003 2.491333e-01 1.070773e+00 8.096629e-01
1350 2.489672e-01 1.281285e+04 1.231479e+03
300208 2.489672e-01 7.774270e+02 1.670027e+02
600506 2.489672e-01 5.880858e+02 7.303030e+01
900438 2.489672e-01 4.884366e+02 5.767293e+01
1200127 2.489672e-01 4.164258e+02 2.594030e+01
1500440 2.489672e-01 3.501026e+02 2.399071e+01
1800154 2.489672e-01 2.837494e+02 2.297915e+01
2100056 2.489672e-01 2.170935e+02 1.575957e+01
2400059 2.489672e-01 1.514223e+02 9.280296e+00
2700133 2.489672e-01 8.166578e+01 1.679555e+00
3000005 2.489672e-01 4.733037e-01 4.196028e-01
1350 2.511932e-01 1.330198e+04 1.513679e+03
300944 2.511932e-01 7.931337e+02 1.042471e+02
600218 2.511932e-01 5.982398e+02 1.002454e+02
900205 2.511932e-01 4.972812e+02 6.541978e+01
1201156 2.511932e-01 4.207197e+02 4.419228e+01
1500199 2.511932e-01 3.548011e+02 3.065396e+01
1800240 2.511932e-01 2.930518e+02 2.096170e+01
2100344 2.511932e-01 2.275484e+02 4.282195e+00
2400163 2.511932e-01 1.638555e+02 2.062511e+00
2700062 2.511932e-01 9.397697e+01 8.781608e-01
3000003 2.511932e-01 4.274915e+00 8.758703e-01
1350 2.485633e-01 1.273634e+04 1.344219e+03
301002 2.485633e-01 7.992822e+02 2.646503e+02
600688 2.485633e-01 6.054435e+02 1.492313e+02
900501 2.485633e-01 5.009561e+02 1.096236e+02
1200444 2.485633e-01 4.278261e+02 7.414399e+01
1500092 2.485633e-01 3.623345e+02 5.059937e+01
1800048 2.485633e-01 2.966256e+02 3.303726e+01
2100061 2.485633e-01 2.307802e+02 2.290276e+01
2400068 2.485633e-01 1.648751e+02 1.433243e+01
2700012 2.485633e-01 1.013168e+02 8.933304e+00
3000004 2.485633e-01 7.599698e+00 7.565540e+00
1350 2.501132e-01 1.248707e+04 1.237490e+03
300782 2.501132e-01 7.934870e+02 4.678817e+01
600684 2.501132e-01 6.070330e+02 4.536005e+01
900497 2.501132e-01 5.039559e+02 4.498889e+01
1200001 2.501132e-01 4.259662e+02 4.463058e+01
1500449 2.501132e-01 3.588731e+02 4.436245e+01
1800195 2.501132e-01 2.896050e+02 4.242993e+01
2100249 2.501132e-01 2.206786e+02 2.309090e+01
2400123 2.501132e-01 1.595595e+02 1.937930e+01
2700107 2.501132e-01 9.155416e+01 1.266121e+01
3000000 2.501132e-01 1.058954e+01 7.593008e+00
1350 2.517194e-01 1.349487e+04 1.260603e+03
300901 2.517194e-01 7.839631e+02 1.581333e+02
600473 2.517194e-01 5.987215e+02 9.064548e+01
900440 2.517194e-01 5.027508e+02 8.949677e+01
1200286 2.517194e-01 4.301395e+02 6.100830e+01
1500111 2.517194e-01 3.665254e+02 2.796765e+01
1800251 2.517194e-01 3.047627e+02 2.789372e+01
2100153 2.517194e-01 2.385698e+02 1.174623e+01
2400493 2.517194e-01 1.744376e+02 1.034071e+01
2700067 2.517194e-01 1.068949e+02 7.997523e+00
3000000 2.517194e-01 9.944073e-01 9.894379e-01
1350 2.508205e-01 1.227915e+04 1.260616e+03
300382 2.508205e-01 7.897819e+02 1.475214e+02
600528 2.508205e-01 6.074832e+02 1.238084e+02
900434 2.508205e-01 5.064625e+02 6.254442e+01
1200022 2.508205e-01 4.344494e+02 4.073646e+01
1500029 2.508205e-01 3.678244e+02 3.808002e+01
1800202 2.508205e-01 2.996418e+02 2.322378e+01
2100215 2.508205e-01 2.287998e+02 1.853895e+01
2400395 2.508205e-01 1.615612e+02 1.421895e+01
2700006 2.508205e-01 9.470872e+01 8.491506e+00
3000004 2.508205e-01 2.269276e+00 5.038608e-01
1350 2.505376e-01 1.273954e+04 1.422736e+03
300702 2.505376e-01 7.910561e+02 1.774212e+02
600916 2.505376e-01 6.051685e+02 1.174773e+02
900126 2.505376e-01 5.011604e+02 3.009548e+01
1200082 2.505376e-01 4.255298e+02 2.143273e+01
1500551 2.505376e-01 3.553006e+02 1.404932e+01
1800323 2.505376e-01 2.895967e+02 1.310403e+01
2100019 2.505376e-01 2.218562e+02 1.044121e+01
2400205 2.505376e-01 1.593391e+02 9.077749e+00
2700071 2.505376e-01 9.576266e+01 8.128859e+00
3000000 2.505376e-01 5.352498e+00 9.175038e-01
1350 2.500961e-01 1.221374e+04 1.316042e+03
300573 2.500961e-01 7.843837e+02 1.004825e+02
600731 2.500961e-01 5.976260e+02 8.505807e+01
900513 2.500961e-01 4.994065e+02 3.119426e+01
1200776 2.500961e-01 4.283603e+02 2.935486e+01
1500463 2.500961e-01 3.629793e+02 2.549059e+01
1800193 2.500961e-01 2.982346e+02 2.033543e+01
2100190 2.500961e-01 2.315255e+02 1.015704e+01
2400059 2.500961e-01 1.635115e+02 3.672477e+00
2700018 2.500961e-01 8.741061e+01 9.273935e-01
3000001 2.500961e-01 7.649604e-01 6.072049e-01
1350 2.483818e-01 1.253849e+04 8.239330e+02
300443 2.483818e-01 7.739603e+02 1.007210e+02
601075 2.483818e-01 5.799763e+02 3.157721e+01
900500 2.483818e-01 4.842326e+02 3.123639e+01
1200143 2.483818e-01 4.158242e+02 2.772627e+01
1500612 2.483818e-01 3.507549e+02 2.537214e+01
1800126 2.483818e-01 2.863619e+02 2.516422e+01
2100041 2.483818e-01 2.169954e+02 1.893224e+01
2400199 2.483818e-01 1.516476e+02 1.587279e+01
2700112 2.483818e-01 8.237479e+01 9.562423e-01
2999955 2.485657e-01 4.899859e+00 9.562398e-01
1350 2.482733e-01 1.232147e+04 1.511820e+03
301111 2.482733e-01 7.808769e+02 1.028828e+02
600123 2.482733e-01 6.018024e+02 5.107410e+01
900071 2.482733e-01 5.005167e+02 2.785935e+01
1200060 2.482733e-01 4.283357e+02 2.674410e+01
1500329 2.482733e-01 3.624746e+02 2.556522e+01
1800174 2.482733e-01 2.933054e+02 2.534550e+01
2100054 2.482733e-01 2.236512e+02 2.024523e+01
2400071 2.482733e-01 1.561459e+02 1.655757e+01
2700125 2.482733e-01 9.532253e+01 8.735925e+00
3000005 2.482733e-01 6.031112e+00 2.204637e+00
1350 2.495577e-01 1.296482e+04 1.498487e+03
300132 2.495577e-01 7.781535e+02 1.742965e+02
600350 2.495577e-01 5.932111e+02 1.069634e+02
900093 2.495577e-01 4.934864e+02 6.020243e+01
1200406 2.495577e-01 4.184419e+02 4.269361e+01
1500277 2.495577e-01 3.465006e+02 3.265350e+01
1800224 2.495577e-01 2.807918e+02 2.787502e+01
2100395 2.495577e-01 2.135915e+02 1.473236e+01
2400134 2.495577e-01 1.479618e+02 4.680756e+00
2700034 2.495577e-01 8.018728e+01 1.717270e+00
3000003 2.495577e-01 1.051579e+00 7.768124e-01
1350 2.488993e-01 1.256398e+04 1.412306e+03
300011 2.488993e-01 7.804376e+02 1.428624e+02
600878 2.488993e-01 5.909168e+02 7.925820e+01
900899 2.488993e-01 4.916314e+02 4.374567e+01
1200312 2.488993e-01 4.145932e+02 3.575290e+01
1500366 2.488993e-01 3.470273e+02 3.163649e+01
1800045 2.488993e-01 2.826137e+02 3.081978e+01
2100229 2.488993e-01 2.174406e+02 2.762035e+01
2400030 2.488993e-01 1.522026e+02 1.952502e+01
2700131 2.488993e-01 7.875961e+01 7.921038e+00
2999524 2.490837e-01 5.341525e+00 9.394767e-01
1350 2.490368e-01 1.315124e+04 1.261931e+03
300932 2.490368e-01 7.767152e+02 1.815361e+02
601020 2.490368e-01 5.959594e+02 8.991853e+01
900893 2.490368e-01 5.013053e+02 7.553240e+01
1200771 2.490368e-01 4.301923e+02 6.586541e+01
1500017 2.490368e-01 3.641272e+02 4.884851e+01
1800094 2.490368e-01 3.001548e+02 2.763663e+01
2100256 2.490368e-01 2.305653e+02 2.328215e+01
2400187 2.490368e-01 1.601275e+02 2.179670e+01
2700083 2.490368e-01 8.436888e+01 7.324577e+00
3000002 2.490368e-01 7.472972e+00 7.323701e+00
1350 2.496526e-01 1.248346e+04 1.653733e+03
302482 2.496526e-01 7.986075e+02 1.357396e+02
600708 2.496526e-01 6.045349e+02 7.664570e+01
900882 2.496526e-01 5.014457e+02 3.988381e+01
1200347 2.496526e-01 4.241755e+02 3.263638e+01
1500281 2.496526e-01 3.548477e+02 2.583918e+01
1800522 2.496526e-01 2.899497e+02 1.627184e+01
2100154 2.496526e-01 2.207174e+02 1.185640e+01
2400200 2.496526e-01 1.578160e+02 9.242823e+00
2700091 2.496526e-01 8.964759e+01 6.009279e+00
3000000 2.496526e-01 6.451334e+00 5.059405e+00
1350 2.502708e-01 1.349866e+04 1.314643e+03
300035 2.502708e-01 7.759389e+02 1.834592e+02
600692 2.502708e-01 5.969504e+02 9.719593e+01
900585 2.502708e-01 5.023641e+02 8.255206e+01
1200222 2.502708e-01 4.306095e+02 7.783174e+01
1500626 2.502708e-01 3.639186e+02 6.276189e+01
1800026 2.502708e-01 2.981971e+02 3.550096e+01
2100142 2.502708e-01 2.314380e+02 2.807453e+01
2400214 2.502708e-01 1.663897e+02 1.963316e+01
2700954 2.502708e-01 9.308823e+01 9.386426e+00
3000004 2.502708e-01 7.633058e+00 7.442674e+00
1350 2.497022e-01 1.286452e+04 1.195830e+03
300972 2.497022e-01 7.844945e+02 1.420007e+02
600518 2.497022e-01 6.061947e+02 1.008638e+02
900393 2.497022e-01 5.047478e+02 6.662456e+01
1200209 2.497022e-01 4.324252e+02 6.055816e+01
1500560 2.497022e-01 3.689055e+02 4.094247e+01
1800090 2.497022e-01 3.002560e+02 3.282762e+01
2100281 2.497022e-01 2.365316e+02 2.213971e+01
2400210 2.497022e-01 1.697831e+02 1.187310e+01
2700113 2.497022e-01 9.828010e+01 9.800377e-01
2999982 2.498871e-01 2.168157e+00 8.739896e-01
1350 2.499288e-01 1.345587e+04 1.342570e+03
300293 2.499288e-01 7.722106e+02 1.258947e+02
600669 2.499288e-01 5.830348e+02 9.646629e+01
900371 2.499288e-01 4.830424e+02 6.990125e+01
1200065 2.499288e-01 4.089929e+02 3.832482e+01
1500445 2.499288e-01 3.412884e+02 1.704453e+01
1800227 2.499288e-01 2.748457e+02 1.248569e+01
2100092 2.499288e-01 2.083975e+02 9.453533e+00
2400169 2.499288e-01 1.480865e+02 9.010612e+00
2700085 2.499288e-01 8.719431e+01 8.480989e+00
2999985 2.501139e-01 4.333831e+00 8.823225e-01
1350 2.501657e-01 1.306986e+04 1.112692e+03
300300 2.501657e-01 8.007012e+02 1.567510e+02
600910 2.501657e-01 6.080333e+02 1.220611e+02
900630 2.501657e-01 5.045139e+02 8.908816e+01
1200474 2.501657e-01 4.294678e+02 5.342692e+01
1500516 2.501657e-01 3.627949e+02 3.428230e+01
1800496 2.501657e-01 2.963277e+02 3.127891e+01
2101681 2.501657e-01 2.262177e+02 2.632981e+01
2400062 2.501657e-01 1.636688e+02 1.521385e+01
2700117 2.501657e-01 1.023840e+02 1.840955e+00
2999298 2.503510e-01 5.745734e+00 9.315498e-01
1350 2.514127e-01 1.324571e+04 1.527289e+03
300223 2.514127e-01 7.885666e+02 1.479190e+02
601012 2.514127e-01 5.890391e+02 8.267168e+01
900670 2.514127e-01 4.934174e+02 5.606092e+01
1200471 2.514127e-01 4.216684e+02 5.066980e+01
1500297 2.514127e-01 3.556684e+02 4.121102e+01
1800232 2.514127e-01 2.891111e+02 2.712903e+01
2100068 2.514127e-01 2.222893e+02 1.077867e+01
2400041 2.514127e-01 1.646201e+02 6.204321e+00
2700095 2.514127e-01 1.027752e+02 2.263939e+00
3000000 2.514127e-01 1.226029e+00 9.555545e-01
1350 2.488899e-01 1.304368e+04 1.512608e+03
300144 2.488899e-01 7.821967e+02 3.143174e+01
600096 2.488899e-01 5.991056e+02 3.143174e+01
900868 2.488899e-01 4.999842e+02 3.143174e+01
1200379 2.488899e-01 4.220035e+02 3.143174e+01
1500143 2.488899e-01 3.511963e+02 3.141116e+01
1800201 2.488899e-01 2.836781e+02 2.225830e+01
2100004 2.488899e-01 2.087003e+02 2.132751e+01
2400122 2.488899e-01 1.445900e+02 1.037340e+01
2700077 2.488899e-01 7.823565e+01 8.728892e+00
3000000 2.488899e-01 1.281631e+00 1.050313e+00
1350 2.507241e-01 1.321031e+04 1.278943e+03
300689 2.507241e-01 7.895314e+02 2.111104e+02
600957 2.507241e-01 6.008226e+02 8.718547e+01
900814 2.507241e-01 5.013550e+02 7.091107e+01
1200101 2.507241e-01 4.240159e+02 6.283091e+01
1500174 2.507241e-01 3.596883e+02 5.136643e+01
1800396 2.507241e-01 2.952685e+02 1.726065e+01
2100291 2.507241e-01 2.267549e+02 1.608169e+01
2400268 2.507241e-01 1.634483e+02 1.156586e+01
2700008 2.507241e-01 9.755672e+01 2.189682e+00
3000001 2.507241e-01 1.763007e+00 9.118425e-01
1350 2.500212e-01 1.254775e+04 1.502798e+03
300173 2.500212e-01 7.742303e+02 1.111605e+02
600751 2.500212e-01 5.890720e+02 8.443626e+01
900048 2.500212e-01 4.912744e+02 7.910279e+01
1200043 2.500212e-01 4.169707e+02 5.542572e+01
1500477 2.500212e-01 3.533607e+02 2.737069e+01
1800188 2.500212e-01 2.908370e+02 2.563631e+01
2100053 2.500212e-01 2.236196e+02 2.387530e+01
2400005 2.500212e-01 1.596848e+02 1.706628e+01
2700078 2.500212e-01 9.461698e+01 1.164392e+00
2999908 2.502064e-01 1.227104e+00 1.017367e+00
1350 2.508352e-01 1.225278e+04 9.893576e+02
300892 2.508352e-01 7.705481e+02 1.575049e+02
600931 2.508352e-01 5.992404e+02 8.690272e+01
900880 2.508352e-01 4.992128e+02 6.207381e+01
1200223 2.508352e-01 4.250896e+02 5.661788e+01
1500629 2.508352e-01 3.611224e+02 4.905144e+01
1800131 2.508352e-01 2.960182e+02 4.755947e+01
2100039 2.508352e-01 2.299747e+02 1.641146e+01
2400088 2.508352e-01 1.656937e+02 1.456731e+01
2700097 2.508352e-01 9.998974e+01 7.739210e+00
3000003 2.508352e-01 3.873868e+00 1.943295e+00
1350 2.499370e-01 1.263365e+04 1.306972e+03
300673 2.499370e-01 7.801635e+02 3.085417e+01
600438 2.499370e-01 5.865553e+02 3.085417e+01
900379 2.499370e-01 4.905270e+02 3.085417e+01
1200682 2.499370e-01 4.178459e+02 3.085417e+01
1500561 2.499370e-01 3.497146e+02 1.843961e+01
1800368 2.499370e-01 2.821386e+02 1.617009e+01
2100233 2.499370e-01 2.158636e+02 1.600119e+01
2400182 2.499370e-01 1.515597e+02 8.002868e+00
2700104 2.499370e-01 8.700946e+01 1.502762e+00
3000001 2.499370e-01 7.800020e-01 7.371411e-01
1350 2.505661e-01 1.306552e+04 1.591822e+03
300191 2.505661e-01 7.667088e+02 1.769870e+02
600667 2.505661e-01 5.895736e+02 8.087176e+01
900524 2.505661e-01 4.917908e+02 5.314076e+01
1200022 2.505661e-01 4.187235e+02 3.602882e+01
1500502 2.505661e-01 3.513085e+02 3.516146e+01
1800094 2.505661e-01 2.848953e+02 3.336164e+01
2100570 2.505661e-01 2.216943e+02 1.929728e+01
2400047 2.505661e-01 1.612664e+02 1.068660e+01
2700038 2.505661e-01 9.953147e+01 8.220039e+00
2999979 2.507517e-01 7.763395e+00 7.392656e+00
2.45e+00 (2.68e+00): 
1.380105e+00 8.618514e-01 7.395557e+00 2.245158e+00 8.096629e-01 4.196028e-01 8.758703e-01 7.565540e+00 7.593008e+00 9.894379e-01 5.038608e-01 9.175038e-01 6.072049e-01 9.562398e-01 2.204637e+00 7.768124e-01 9.394767e-01 7.323701e+00 5.059405e+00 7.442674e+00 8.739896e-01 8.823225e-01 9.315498e-01 9.555545e-01 1.050313e+00 9.118425e-01 1.017367e+00 1.943295e+00 7.371411e-01 7.392656e+00 