600 2.481754e-01 2.135202e+02 8.095102e+01
100289 2.481754e-01 7.238714e+01 2.429927e+01
200338 2.481754e-01 5.616852e+01 1.400125e+01
300170 2.481754e-01 4.699004e+01 1.067169e+01
400225 2.481754e-01 4.036705e+01 9.089834e+00
500124 2.481754e-01 3.490306e+01 7.801380e+00
600080 2.481754e-01 3.043741e+01 7.319892e+00
700108 2.481754e-01 2.635903e+01 7.086117e+00
800109 2.481754e-01 2.254000e+01 6.978806e+00
900024 2.481754e-01 1.648750e+01 6.964708e+00
1000002 2.481754e-01 7.628014e+00 6.964708e+00
600 2.490543e-01 2.119899e+02 8.467132e+01
100196 2.490543e-01 7.648412e+01 2.309527e+01
200254 2.490543e-01 6.041999e+01 1.569457e+01
300056 2.490543e-01 5.092112e+01 1.461880e+01
400289 2.490543e-01 4.437072e+01 1.084692e+01
500241 2.490543e-01 3.832152e+01 9.910215e+00
600170 2.490543e-01 3.329188e+01 8.339154e+00
700105 2.490543e-01 2.901307e+01 7.994793e+00
800061 2.490543e-01 2.441876e+01 7.972302e+00
900041 2.490543e-01 1.921736e+01 7.959672e+00
1000003 2.490543e-01 8.291324e+00 7.959672e+00
600 2.488799e-01 2.163308e+02 9.775505e+01
100324 2.488799e-01 7.719695e+01 2.200180e+01
200348 2.488799e-01 6.052900e+01 1.493816e+01
300220 2.488799e-01 5.091356e+01 1.369480e+01
400106 2.488799e-01 4.343460e+01 9.006956e+00
500045 2.488799e-01 3.792989e+01 8.617428e+00
600017 2.488799e-01 3.357398e+01 8.047655e+00
700031 2.488799e-01 2.934713e+01 7.981877e+00
800088 2.488799e-01 2.544871e+01 7.975249e+00
900043 2.488799e-01 1.977515e+01 7.959667e+00
1000001 2.488799e-01 1.160793e+01 7.959667e+00
600 2.533213e-01 2.185585e+02 7.065494e+01
100065 2.533213e-01 7.575017e+01 2.518621e+01
200336 2.533213e-01 5.923226e+01 1.728131e+01
300054 2.533213e-01 4.965615e+01 1.597709e+01
400118 2.533213e-01 4.318905e+01 1.411273e+01
500081 2.533213e-01 3.726445e+01 1.343188e+01
600046 2.533213e-01 3.251985e+01 9.465319e+00
700098 2.533213e-01 2.864396e+01 9.062966e+00
800003 2.533213e-01 2.435698e+01 8.979779e+00
900038 2.533213e-01 1.779466e+01 8.954626e+00
1000005 2.533213e-01 1.011541e+01 8.954626e+00
600 2.465582e-01 2.106775e+02 9.340053e+01
100088 2.465582e-01 7.737176e+01 2.370710e+01
200161 2.465582e-01 6.148778e+01 1.769083e+01
300285 2.465582e-01 5.276510e+01 1.659548e+01
400256 2.465582e-01 4.590923e+01 1.493984e+01
500216 2.465582e-01 4.018489e+01 1.432378e+01
600149 2.465582e-01 3.557437e+01 1.399650e+01
700126 2.465582e-01 3.172339e+01 1.310518e+01
800050 2.465582e-01 2.804220e+01 1.297266e+01
900056 2.465582e-01 2.324053e+01 1.293446e+01
1000004 2.465582e-01 1.359777e+01 1.293446e+01
600 2.527145e-01 2.163344e+02 8.328916e+01
100133 2.527145e-01 7.684683e+01 1.559632e+01
200181 2.527145e-01 5.980836e+01 1.284719e+01
300256 2.527145e-01 5.049488e+01 1.069170e+01
400005 2.527145e-01 4.354786e+01 8.261329e+00
500270 2.527145e-01 3.773556e+01 6.211112e+00
600233 2.527145e-01 3.314958e+01 6.030783e+00
700131 2.527145e-01 2.902964e+01 5.999257e+00
800000 2.527145e-01 2.474570e+01 5.975328e+00
900053 2.527145e-01 1.917792e+01 5.969754e+00
1000000 2.527145e-01 5.969769e+00 5.969754e+00
600 2.503961e-01 2.153128e+02 8.255741e+01
100420 2.503961e-01 7.672949e+01 2.025184e+01
200015 2.503961e-01 6.020940e+01 1.556080e+01
300133 2.503961e-01 5.074753e+01 1.470727e+01
400322 2.503961e-01 4.379103e+01 1.140440e+01
500210 2.503961e-01 3.793389e+01 1.099975e+01
600133 2.503961e-01 3.286902e+01 7.471113e+00
700017 2.503961e-01 2.811954e+01 7.079176e+00
800021 2.503961e-01 2.362535e+01 6.971559e+00
900062 2.503961e-01 1.842156e+01 6.964713e+00
1000003 2.503961e-01 9.120489e+00 6.964713e+00
600 2.476866e-01 2.159600e+02 8.161723e+01
100458 2.476866e-01 7.406836e+01 2.081455e+01
200055 2.476866e-01 5.837248e+01 1.289560e+01
300058 2.476866e-01 4.977780e+01 1.238974e+01
400293 2.476866e-01 4.303665e+01 1.086977e+01
500215 2.476866e-01 3.771740e+01 1.005347e+01
600175 2.476866e-01 3.321454e+01 9.231010e+00
700103 2.476866e-01 2.916828e+01 9.071396e+00
800070 2.476866e-01 2.506911e+01 8.963071e+00
900062 2.476866e-01 2.001678e+01 8.954626e+00
1000004 2.476866e-01 9.949685e+00 8.954626e+00
600 2.470424e-01 2.134400e+02 9.269549e+01
100480 2.470424e-01 7.414995e+01 2.063498e+01
200029 2.470424e-01 5.743995e+01 1.760968e+01
300404 2.470424e-01 4.795949e+01 1.615445e+01
400252 2.470424e-01 4.136511e+01 1.227468e+01
500136 2.470424e-01 3.614686e+01 9.366710e+00
600121 2.470424e-01 3.192502e+01 7.403031e+00
700028 2.470424e-01 2.781478e+01 7.213608e+00
800007 2.470424e-01 2.374480e+01 6.988835e+00
900047 2.470424e-01 1.803228e+01 6.964708e+00
1000002 2.470424e-01 7.793840e+00 6.964708e+00
600 2.519750e-01 2.159410e+02 8.699510e+01
100136 2.519750e-01 7.214334e+01 2.545611e+01
200215 2.519750e-01 5.628569e+01 1.536278e+01
300319 2.519750e-01 4.766427e+01 1.293748e+01
400110 2.519750e-01 4.135924e+01 1.157362e+01
500219 2.519750e-01 3.589564e+01 9.835102e+00
600202 2.519750e-01 3.125536e+01 9.213341e+00
700110 2.519750e-01 2.707541e+01 9.049714e+00
800062 2.519750e-01 2.269556e+01 8.986177e+00
900004 2.519750e-01 1.831729e+01 8.954626e+00
1000004 2.519750e-01 1.061293e+01 8.954626e+00
600 2.481702e-01 2.139924e+02 8.704581e+01
100321 2.481702e-01 7.589428e+01 2.643185e+01
200261 2.481702e-01 5.938281e+01 1.270239e+01
300243 2.481702e-01 4.960830e+01 1.102924e+01
400079 2.481702e-01 4.313957e+01 1.027382e+01
500000 2.481702e-01 3.754975e+01 1.011500e+01
600010 2.481702e-01 3.241140e+01 9.482362e+00
700009 2.481702e-01 2.814525e+01 9.081176e+00
800044 2.481702e-01 2.390748e+01 8.962603e+00
900004 2.481702e-01 1.838402e+01 8.954626e+00
1000002 2.481702e-01 9.949610e+00 8.954626e+00
600 2.493656e-01 2.174686e+02 9.331214e+01
100192 2.493656e-01 7.321410e+01 1.434959e+01
200236 2.493656e-01 5.713861e+01 1.101639e+01
300116 2.493656e-01 4.854870e+01 1.026475e+01
400298 2.493656e-01 4.204672e+01 9.526495e+00
500174 2.493656e-01 3.639890e+01 8.457776e+00
600151 2.493656e-01 3.160189e+01 8.244801e+00
700082 2.493656e-01 2.789331e+01 6.001544e+00
800060 2.493656e-01 2.377715e+01 5.975869e+00
900034 2.493656e-01 1.830436e+01 5.969754e+00
1000001 2.493656e-01 6.964712e+00 5.969754e+00
600 2.490850e-01 2.162769e+02 9.615109e+01
100127 2.490850e-01 7.466874e+01 2.574780e+01
200313 2.490850e-01 5.810728e+01 1.606970e+01
300388 2.490850e-01 4.926596e+01 1.442495e+01
400191 2.490850e-01 4.244969e+01 1.317834e+01
500084 2.490850e-01 3.662786e+01 1.231591e+01
600224 2.490850e-01 3.182146e+01 9.629458e+00
700149 2.490850e-01 2.787717e+01 9.551088e+00
800029 2.490850e-01 2.328079e+01 9.010509e+00
900026 2.490850e-01 1.811218e+01 8.954626e+00
1000003 2.490850e-01 1.061294e+01 8.954626e+00
600 2.490583e-01 2.150799e+02 9.228507e+01
100293 2.490583e-01 7.823993e+01 1.157811e+01
200342 2.490583e-01 6.138712e+01 1.111695e+01
300419 2.490583e-01 5.182109e+01 9.732419e+00
400288 2.490583e-01 4.530797e+01 9.548839e+00
500104 2.490583e-01 3.933925e+01 9.052706e+00
600093 2.490583e-01 3.410609e+01 6.422688e+00
700153 2.490583e-01 2.946136e+01 5.129738e+00
800113 2.490583e-01 2.439246e+01 4.997477e+00
900048 2.490583e-01 1.761220e+01 4.974795e+00
1000001 2.490583e-01 5.969754e+00 4.974795e+00
600 2.487310e-01 2.153126e+02 9.041228e+01
100043 2.487310e-01 7.222171e+01 2.456754e+01
200172 2.487310e-01 5.729844e+01 2.013220e+01
300280 2.487310e-01 4.802457e+01 1.135712e+01
400225 2.487310e-01 4.101316e+01 1.131754e+01
500280 2.487310e-01 3.570025e+01 8.721447e+00
600216 2.487310e-01 3.156156e+01 8.205330e+00
700058 2.487310e-01 2.773785e+01 7.533956e+00
800059 2.487310e-01 2.345268e+01 6.984900e+00
900057 2.487310e-01 1.729456e+01 6.964708e+00
1000005 2.487310e-01 9.120525e+00 6.964708e+00
600 2.490479e-01 2.141395e+02 6.925650e+01
100028 2.490479e-01 7.379899e+01 1.790904e+01
200085 2.490479e-01 5.846637e+01 1.013830e+01
300207 2.490479e-01 4.973758e+01 8.266274e+00
400047 2.490479e-01 4.320887e+01 6.981149e+00
500118 2.490479e-01 3.771575e+01 6.525562e+00
600228 2.490479e-01 3.320016e+01 6.186099e+00
700163 2.490479e-01 2.919124e+01 6.033323e+00
800008 2.490479e-01 2.484697e+01 5.990980e+00
900050 2.490479e-01 1.926925e+01 5.969754e+00
1000003 2.490479e-01 8.125520e+00 5.969754e+00
600 2.473587e-01 2.136466e+02 9.220389e+01
100244 2.473587e-01 7.434547e+01 2.180889e+01
200397 2.473587e-01 5.815284e+01 1.763171e+01
300397 2.473587e-01 4.882148e+01 1.705609e+01
400035 2.473587e-01 4.213015e+01 1.267673e+01
500253 2.473587e-01 3.665152e+01 5.704016e+00
600202 2.473587e-01 3.182525e+01 5.265682e+00
700116 2.473587e-01 2.730465e+01 5.127949e+00
800089 2.473587e-01 2.239241e+01 4.996095e+00
900018 2.473587e-01 1.708315e+01 4.974795e+00
1000005 2.473587e-01 5.140622e+00 4.974795e+00
600 2.476152e-01 2.136915e+02 1.020497e+02
100396 2.476152e-01 7.205096e+01 2.728549e+01
200412 2.476152e-01 5.639151e+01 1.633406e+01
300329 2.476152e-01 4.780199e+01 1.548014e+01
400283 2.476152e-01 4.124790e+01 1.463858e+01
500155 2.476152e-01 3.587028e+01 1.356622e+01
600109 2.476152e-01 3.162666e+01 1.316484e+01
700214 2.476152e-01 2.754338e+01 1.298751e+01
800014 2.476152e-01 2.353632e+01 1.295117e+01
900039 2.476152e-01 1.841684e+01 1.293446e+01
999997 2.480279e-01 1.293444e+01 1.293444e+01
600 2.465476e-01 2.140269e+02 9.197998e+01
100206 2.465476e-01 7.514709e+01 2.776358e+01
200264 2.465476e-01 6.007914e+01 2.077949e+01
300383 2.465476e-01 5.148734e+01 1.369247e+01
400087 2.465476e-01 4.500008e+01 1.359463e+01
500222 2.465476e-01 3.966551e+01 1.341471e+01
600203 2.465476e-01 3.526529e+01 1.320736e+01
700047 2.465476e-01 3.096924e+01 1.302805e+01
800090 2.465476e-01 2.608006e+01 1.294766e+01
900036 2.465476e-01 2.048343e+01 1.293446e+01
1000003 2.465476e-01 1.293446e+01 1.293446e+01
600 2.501597e-01 2.134365e+02 7.571260e+01
100258 2.501597e-01 7.308742e+01 1.683038e+01
200014 2.501597e-01 5.768432e+01 1.485529e+01
300143 2.501597e-01 4.917662e+01 1.451403e+01
400053 2.501597e-01 4.253907e+01 1.020888e+01
500009 2.501597e-01 3.683127e+01 9.171334e+00
600215 2.501597e-01 3.207365e+01 9.166688e+00
700145 2.501597e-01 2.770944e+01 9.031290e+00
800137 2.501597e-01 2.319774e+01 8.973889e+00
900014 2.501597e-01 1.811407e+01 8.954626e+00
1000003 2.501597e-01 9.452139e+00 8.954626e+00
600 2.502538e-01 2.141745e+02 8.468306e+01
100122 2.502538e-01 7.544267e+01 2.297178e+01
200186 2.502538e-01 5.929819e+01 1.349357e+01
300025 2.502538e-01 5.041892e+01 1.272798e+01
400263 2.502538e-01 4.351298e+01 1.161303e+01
500235 2.502538e-01 3.777400e+01 7.373138e+00
600179 2.502538e-01 3.317260e+01 6.617469e+00
700098 2.502538e-01 2.886669e+01 6.045537e+00
800122 2.502538e-01 2.463839e+01 5.983365e+00
900063 2.502538e-01 1.946012e+01 5.969754e+00
1000003 2.502538e-01 8.789013e+00 5.969754e+00
600 2.514565e-01 2.147039e+02 1.055458e+02
100245 2.514565e-01 7.519833e+01 2.125272e+01
200267 2.514565e-01 5.945871e+01 1.837196e+01
300344 2.514565e-01 5.040041e+01 1.303708e+01
400186 2.514565e-01 4.332859e+01 1.164029e+01
500190 2.514565e-01 3.710892e+01 1.154562e+01
600107 2.514565e-01 3.185846e+01 1.089577e+01
700046 2.514565e-01 2.756474e+01 8.770751e+00
800008 2.514565e-01 2.278655e+01 8.007579e+00
900021 2.514565e-01 1.789848e+01 7.959667e+00
1000005 2.514565e-01 1.011547e+01 7.959667e+00
600 2.492795e-01 2.156932e+02 9.560175e+01
100357 2.492795e-01 7.451612e+01 2.064306e+01
200377 2.492795e-01 5.727784e+01 1.352700e+01
300030 2.492795e-01 4.837870e+01 9.770063e+00
400045 2.492795e-01 4.159973e+01 8.858906e+00
500282 2.492795e-01 3.568280e+01 8.234697e+00
600076 2.492795e-01 3.082443e+01 8.135730e+00
700092 2.492795e-01 2.619604e+01 7.984879e+00
800103 2.492795e-01 2.157252e+01 7.962344e+00
900040 2.492795e-01 1.677446e+01 7.959667e+00
1000004 2.492795e-01 8.291320e+00 7.959667e+00
600 2.518942e-01 2.184662e+02 9.812188e+01
100366 2.518942e-01 7.610317e+01 2.944352e+01
200409 2.518942e-01 6.009017e+01 1.949565e+01
300120 2.518942e-01 5.125896e+01 1.327977e+01
400230 2.518942e-01 4.392058e+01 9.624569e+00
500140 2.518942e-01 3.796946e+01 8.749939e+00
600082 2.518942e-01 3.335342e+01 6.261850e+00
700031 2.518942e-01 2.932703e+01 6.044028e+00
800118 2.518942e-01 2.491973e+01 5.996447e+00
900019 2.518942e-01 1.928185e+01 5.969754e+00
1000005 2.518942e-01 8.789045e+00 5.969754e+00
600 2.488026e-01 2.173945e+02 8.036484e+01
100453 2.488026e-01 7.380840e+01 2.048599e+01
200012 2.488026e-01 5.800926e+01 2.008031e+01
300339 2.488026e-01 4.909733e+01 1.879029e+01
400050 2.488026e-01 4.210557e+01 1.519740e+01
500091 2.488026e-01 3.640483e+01 1.045301e+01
600035 2.488026e-01 3.170487e+01 1.014481e+01
700173 2.488026e-01 2.775643e+01 9.953875e+00
800115 2.488026e-01 2.418713e+01 9.953507e+00
900053 2.488026e-01 1.910392e+01 9.949586e+00
1000001 2.488026e-01 9.949586e+00 9.949586e+00
600 2.487115e-01 2.161763e+02 1.007308e+02
100467 2.487115e-01 7.555711e+01 1.309874e+01
200475 2.487115e-01 5.992885e+01 1.284660e+01
300309 2.487115e-01 5.061921e+01 1.284660e+01
400033 2.487115e-01 4.352584e+01 1.233871e+01
500286 2.487115e-01 3.783921e+01 1.220277e+01
600091 2.487115e-01 3.349252e+01 1.201881e+01
700094 2.487115e-01 2.957316e+01 1.197276e+01
800104 2.487115e-01 2.562650e+01 1.195272e+01
900014 2.487115e-01 2.055566e+01 1.193950e+01
1000003 2.487115e-01 1.227152e+01 1.193950e+01
600 2.495761e-01 2.170704e+02 6.687765e+01
100090 2.495761e-01 7.424202e+01 1.709332e+01
200165 2.495761e-01 5.843870e+01 1.560197e+01
300396 2.495761e-01 4.935544e+01 1.254683e+01
400154 2.495761e-01 4.274549e+01 1.091694e+01
500062 2.495761e-01 3.704965e+01 8.175569e+00
600237 2.495761e-01 3.221046e+01 8.164378e+00
700069 2.495761e-01 2.763472e+01 8.095409e+00
800044 2.495761e-01 2.304848e+01 7.980179e+00
900038 2.495761e-01 1.773174e+01 7.959667e+00
1000004 2.495761e-01 1.028129e+01 7.959667e+00
600 2.533821e-01 2.171630e+02 8.835581e+01
100124 2.533821e-01 7.337668e+01 2.222315e+01
200350 2.533821e-01 5.774929e+01 1.162649e+01
300258 2.533821e-01 4.872130e+01 1.039402e+01
400097 2.533821e-01 4.212530e+01 9.264343e+00
500004 2.533821e-01 3.666725e+01 8.060591e+00
600243 2.533821e-01 3.216859e+01 6.116520e+00
700049 2.533821e-01 2.815785e+01 6.037166e+00
800031 2.533821e-01 2.393212e+01 5.989197e+00
900036 2.533821e-01 1.810957e+01 5.969754e+00
999992 2.538044e-01 7.628074e+00 5.969754e+00
600 2.498448e-01 2.150802e+02 9.848360e+01
100030 2.498448e-01 7.455745e+01 2.330143e+01
200107 2.498448e-01 5.895515e+01 1.851797e+01
300285 2.498448e-01 4.943304e+01 1.506752e+01
400066 2.498448e-01 4.217384e+01 9.609954e+00
500009 2.498448e-01 3.654809e+01 7.464239e+00
600210 2.498448e-01 3.185482e+01 7.219423e+00
700030 2.498448e-01 2.763605e+01 7.069484e+00
800076 2.498448e-01 2.335978e+01 6.994884e+00
900050 2.498448e-01 1.819016e+01 6.964713e+00
1000004 2.498448e-01 8.457297e+00 6.964713e+00
600 2.496758e-01 2.178531e+02 1.072505e+02
100406 2.496758e-01 7.649274e+01 1.749060e+01
200098 2.496758e-01 5.983713e+01 1.405666e+01
300380 2.496758e-01 5.044662e+01 1.314583e+01
400163 2.496758e-01 4.330178e+01 1.187696e+01
500024 2.496758e-01 3.756887e+01 1.121500e+01
600167 2.496758e-01 3.265636e+01 1.014431e+01
700098 2.496758e-01 2.842769e+01 9.971594e+00
800041 2.496758e-01 2.389246e+01 9.963642e+00
900015 2.496758e-01 1.886189e+01 9.949586e+00
1000001 2.496758e-01 9.949586e+00 9.949586e+00
8.16e+00 (2.27e+00): 
6.964708e+00 7.959672e+00 7.959667e+00 8.954626e+00 1.293446e+01 5.969754e+00 6.964713e+00 8.954626e+00 6.964708e+00 8.954626e+00 8.954626e+00 5.969754e+00 8.954626e+00 4.974795e+00 6.964708e+00 5.969754e+00 4.974795e+00 1.293444e+01 1.293446e+01 8.954626e+00 5.969754e+00 7.959667e+00 7.959667e+00 5.969754e+00 9.949586e+00 1.193950e+01 7.959667e+00 5.969754e+00 6.964713e+00 9.949586e+00 