2400 2.506985e-01 4.659805e+02 2.191387e+02
1001410 2.506985e-01 2.273184e+02 6.655466e+01
2000402 2.506985e-01 2.008648e+02 5.701887e+01
3000734 2.506985e-01 1.852548e+02 5.511241e+01
4000584 2.506985e-01 1.720792e+02 5.120319e+01
5000157 2.506985e-01 1.599713e+02 5.027411e+01
6000504 2.506985e-01 1.481541e+02 4.873814e+01
7000482 2.506985e-01 1.364995e+02 4.805749e+01
8000199 2.506985e-01 1.219530e+02 4.781400e+01
9000195 2.506985e-01 1.031969e+02 4.775792e+01
10000001 2.506985e-01 4.792375e+01 4.775792e+01
2400 2.506362e-01 4.660521e+02 2.549713e+02
1001608 2.506362e-01 2.219365e+02 9.143660e+01
2000652 2.506362e-01 1.950920e+02 7.462212e+01
3000846 2.506362e-01 1.798275e+02 6.396288e+01
4001206 2.506362e-01 1.673841e+02 6.063623e+01
5001143 2.506362e-01 1.554563e+02 5.692186e+01
6000298 2.506362e-01 1.440828e+02 5.465756e+01
7000578 2.506362e-01 1.330618e+02 5.378274e+01
8000119 2.506362e-01 1.210394e+02 5.375002e+01
9000183 2.506362e-01 1.043044e+02 5.372763e+01
10000004 2.506362e-01 5.654670e+01 5.372763e+01
2400 2.503384e-01 4.641960e+02 2.149228e+02
1000880 2.503384e-01 2.240837e+02 9.064164e+01
2001163 2.503384e-01 1.978141e+02 7.410194e+01
3001373 2.503384e-01 1.828266e+02 5.768322e+01
4000844 2.503384e-01 1.707639e+02 5.651440e+01
5000823 2.503384e-01 1.585789e+02 5.197829e+01
6000041 2.503384e-01 1.469141e+02 4.817555e+01
7000470 2.503384e-01 1.353483e+02 4.382714e+01
8000086 2.503384e-01 1.231525e+02 4.334696e+01
9000190 2.503384e-01 1.069658e+02 4.278318e+01
10000005 2.503384e-01 4.974831e+01 4.278318e+01
2400 2.518746e-01 4.669302e+02 2.586376e+02
1000857 2.518746e-01 2.244205e+02 5.447535e+01
2000006 2.518746e-01 1.978079e+02 4.384588e+01
3000494 2.518746e-01 1.822813e+02 3.981575e+01
4000248 2.518746e-01 1.699084e+02 3.861009e+01
5000290 2.518746e-01 1.578113e+02 3.537370e+01
6000614 2.518746e-01 1.457995e+02 3.298556e+01
7000082 2.518746e-01 1.340710e+02 3.241425e+01
8000481 2.518746e-01 1.215414e+02 3.204546e+01
9000242 2.518746e-01 1.052588e+02 3.183862e+01
10000000 2.518746e-01 5.223547e+01 3.183862e+01
2400 2.495045e-01 4.640366e+02 2.401520e+02
1000010 2.495045e-01 2.261999e+02 7.457252e+01
2001580 2.495045e-01 1.990259e+02 6.056654e+01
3000128 2.495045e-01 1.836984e+02 5.056856e+01
4001120 2.495045e-01 1.714283e+02 4.884513e+01
5001090 2.495045e-01 1.592640e+02 4.742763e+01
6000174 2.495045e-01 1.471477e+02 4.643825e+01
7000447 2.495045e-01 1.350760e+02 3.582936e+01
8000109 2.495045e-01 1.224921e+02 3.491854e+01
9000208 2.495045e-01 1.035534e+02 3.482351e+01
10000003 2.495045e-01 4.278332e+01 3.482351e+01
2400 2.498388e-01 4.656462e+02 2.486158e+02
1001563 2.498388e-01 2.270536e+02 9.091145e+01
2001014 2.498388e-01 1.999965e+02 8.024614e+01
3000105 2.498388e-01 1.843432e+02 7.181193e+01
4001306 2.498388e-01 1.711434e+02 6.858269e+01
5000090 2.498388e-01 1.591151e+02 6.580825e+01
6000887 2.498388e-01 1.469356e+02 6.286646e+01
7000339 2.498388e-01 1.358709e+02 5.981988e+01
8000118 2.498388e-01 1.238728e+02 5.880962e+01
9000144 2.498388e-01 1.076693e+02 5.870246e+01
10000002 2.498388e-01 6.268234e+01 5.870246e+01
2400 2.511137e-01 4.664928e+02 2.593127e+02
1001508 2.511137e-01 2.261529e+02 7.216388e+01
2000845 2.511137e-01 1.989722e+02 6.106285e+01
3001441 2.511137e-01 1.838539e+02 5.698227e+01
4000964 2.511137e-01 1.713402e+02 5.381960e+01
5000880 2.511137e-01 1.594266e+02 5.068095e+01
6000420 2.511137e-01 1.469699e+02 4.946820e+01
7000625 2.511137e-01 1.352506e+02 4.835308e+01
8000345 2.511137e-01 1.215664e+02 4.784133e+01
9000019 2.511137e-01 1.024940e+02 4.775788e+01
10000002 2.511137e-01 5.206939e+01 4.775788e+01
2400 2.495682e-01 4.670754e+02 2.357444e+02
1001167 2.495682e-01 2.251720e+02 6.992481e+01
2000205 2.495682e-01 1.976444e+02 5.125205e+01
3001679 2.495682e-01 1.820475e+02 4.935118e+01
4001084 2.495682e-01 1.697184e+02 4.677173e+01
5000215 2.495682e-01 1.570173e+02 4.165282e+01
6000722 2.495682e-01 1.449714e+02 3.971707e+01
7000158 2.495682e-01 1.336691e+02 3.926875e+01
8000369 2.495682e-01 1.207966e+02 3.894516e+01
9000192 2.495682e-01 1.034753e+02 3.880334e+01
10000005 2.495682e-01 5.032740e+01 3.880334e+01
2400 2.504202e-01 4.659005e+02 2.658488e+02
1001405 2.504202e-01 2.252874e+02 9.484464e+01
2000497 2.504202e-01 1.990480e+02 6.516801e+01
3000791 2.504202e-01 1.841805e+02 6.028673e+01
4000572 2.504202e-01 1.712446e+02 5.396822e+01
5000719 2.504202e-01 1.590920e+02 5.268259e+01
6000104 2.504202e-01 1.470858e+02 5.172083e+01
7000517 2.504202e-01 1.349554e+02 5.130462e+01
8000077 2.504202e-01 1.225312e+02 5.090693e+01
9000085 2.504202e-01 1.055756e+02 5.074276e+01
10000002 2.504202e-01 5.356837e+01 5.074276e+01
2400 2.498864e-01 4.662886e+02 2.513098e+02
1000300 2.498864e-01 2.258202e+02 8.823909e+01
2001349 2.498864e-01 1.992370e+02 6.813019e+01
3001454 2.498864e-01 1.840023e+02 6.676514e+01
4001099 2.498864e-01 1.713713e+02 6.090175e+01
5000117 2.498864e-01 1.592547e+02 6.007948e+01
6000642 2.498864e-01 1.478583e+02 5.910308e+01
7000342 2.498864e-01 1.366093e+02 5.802532e+01
8000419 2.498864e-01 1.237610e+02 5.785777e+01
9000023 2.498864e-01 1.078595e+02 5.770740e+01
10000004 2.498864e-01 6.351136e+01 5.770740e+01
2400 2.502866e-01 4.642032e+02 2.491404e+02
1000006 2.502866e-01 2.225974e+02 7.759724e+01
2001090 2.502866e-01 1.961499e+02 6.320592e+01
3001624 2.502866e-01 1.810029e+02 5.894971e+01
4001089 2.502866e-01 1.688844e+02 5.216075e+01
5000972 2.502866e-01 1.570505e+02 5.093354e+01
6000253 2.502866e-01 1.454462e+02 5.006313e+01
7000111 2.502866e-01 1.344778e+02 4.364712e+01
8000429 2.502866e-01 1.228462e+02 4.291952e+01
9000175 2.502866e-01 1.072184e+02 4.278314e+01
10000000 2.502866e-01 4.787065e+01 4.278314e+01
2400 2.494391e-01 4.648345e+02 2.582740e+02
1002143 2.494391e-01 2.233849e+02 9.604704e+01
2001090 2.494391e-01 1.966391e+02 6.701867e+01
3001260 2.494391e-01 1.818105e+02 5.677834e+01
4000640 2.494391e-01 1.696162e+02 5.581040e+01
5000731 2.494391e-01 1.576816e+02 5.382653e+01
6000020 2.494391e-01 1.461654e+02 5.268094e+01
7000555 2.494391e-01 1.353777e+02 5.220273e+01
8000165 2.494391e-01 1.235562e+02 5.181474e+01
9000100 2.494391e-01 1.062209e+02 5.173776e+01
10000003 2.494391e-01 5.601359e+01 5.173776e+01
2400 2.506215e-01 4.652195e+02 2.579541e+02
1000210 2.506215e-01 2.207429e+02 9.189602e+01
2001270 2.506215e-01 1.944076e+02 7.864229e+01
3000877 2.506215e-01 1.793826e+02 7.448652e+01
4000536 2.506215e-01 1.670257e+02 6.819687e+01
5001010 2.506215e-01 1.556010e+02 6.188328e+01
6000323 2.506215e-01 1.439927e+02 5.913122e+01
7000173 2.506215e-01 1.323528e+02 5.619209e+01
8000317 2.506215e-01 1.199337e+02 5.586057e+01
9000114 2.506215e-01 1.035653e+02 5.571761e+01
10000003 2.506215e-01 5.886844e+01 5.571761e+01
2400 2.501195e-01 4.652546e+02 2.637542e+02
1000317 2.501195e-01 2.228854e+02 8.718019e+01
2001366 2.501195e-01 1.966061e+02 7.107348e+01
3001630 2.501195e-01 1.816036e+02 6.761835e+01
4000239 2.501195e-01 1.694684e+02 6.422923e+01
5000050 2.501195e-01 1.575058e+02 6.196261e+01
6000430 2.501195e-01 1.458426e+02 6.084694e+01
7000615 2.501195e-01 1.341888e+02 4.643327e+01
8000313 2.501195e-01 1.210501e+02 4.592238e+01
9000132 2.501195e-01 1.046083e+02 4.576803e+01
10000002 2.501195e-01 5.289854e+01 4.576803e+01
2400 2.481803e-01 4.617818e+02 2.495617e+02
1001547 2.481803e-01 2.250604e+02 8.958634e+01
2000629 2.481803e-01 1.986016e+02 8.080804e+01
3001313 2.481803e-01 1.830283e+02 7.783193e+01
4000157 2.481803e-01 1.710684e+02 7.122401e+01
5000154 2.481803e-01 1.591563e+02 6.814539e+01
6000643 2.481803e-01 1.472603e+02 6.352073e+01
7000527 2.481803e-01 1.354835e+02 5.874338e+01
8000176 2.481803e-01 1.215874e+02 5.792225e+01
9000134 2.481803e-01 1.034318e+02 5.770751e+01
9999986 2.482837e-01 6.201895e+01 5.770751e+01
2400 2.493744e-01 4.671147e+02 2.684830e+02
1001808 2.493744e-01 2.237471e+02 9.245112e+01
2000799 2.493744e-01 1.969145e+02 7.139910e+01
3001252 2.493744e-01 1.814907e+02 6.781935e+01
4001109 2.493744e-01 1.683713e+02 5.878424e+01
5001090 2.493744e-01 1.568725e+02 5.590474e+01
6000321 2.493744e-01 1.455294e+02 5.257652e+01
7000596 2.493744e-01 1.345429e+02 5.101722e+01
8000291 2.493744e-01 1.220553e+02 5.083321e+01
9000081 2.493744e-01 1.049537e+02 5.074280e+01
10000003 2.493744e-01 5.588345e+01 5.074280e+01
2400 2.498025e-01 4.633825e+02 2.481996e+02
1002039 2.498025e-01 2.225323e+02 8.656421e+01
2000939 2.498025e-01 1.959162e+02 7.426014e+01
3001297 2.498025e-01 1.804495e+02 7.140673e+01
4001377 2.498025e-01 1.678808e+02 6.840771e+01
5000880 2.498025e-01 1.557295e+02 6.302037e+01
6000227 2.498025e-01 1.441697e+02 5.987034e+01
7000722 2.498025e-01 1.331114e+02 5.917180e+01
8000464 2.498025e-01 1.194996e+02 5.886242e+01
9000214 2.498025e-01 1.014723e+02 5.870246e+01
10000002 2.498025e-01 6.173211e+01 5.870246e+01
2400 2.496571e-01 4.634942e+02 2.540401e+02
1001622 2.496571e-01 2.259295e+02 8.355373e+01
2000586 2.496571e-01 1.991464e+02 7.218544e+01
3000834 2.496571e-01 1.844751e+02 6.981453e+01
4000112 2.496571e-01 1.718649e+02 6.871202e+01
5000216 2.496571e-01 1.598994e+02 6.435828e+01
6000480 2.496571e-01 1.477864e+02 6.140217e+01
7000370 2.496571e-01 1.362767e+02 5.090301e+01
8000199 2.496571e-01 1.235820e+02 4.991165e+01
9000112 2.496571e-01 1.061383e+02 4.974788e+01
10000002 2.496571e-01 5.745848e+01 4.974788e+01
2400 2.504732e-01 4.635072e+02 2.213908e+02
1000164 2.504732e-01 2.207590e+02 9.199151e+01
2001229 2.504732e-01 1.949785e+02 7.321275e+01
3001448 2.504732e-01 1.804024e+02 6.354470e+01
4001010 2.504732e-01 1.685188e+02 5.752715e+01
5001093 2.504732e-01 1.564678e+02 5.446401e+01
6000312 2.504732e-01 1.449190e+02 5.398375e+01
7000607 2.504732e-01 1.341961e+02 5.325157e+01
8000071 2.504732e-01 1.226901e+02 5.292966e+01
9000232 2.504732e-01 1.067533e+02 5.273275e+01
10000005 2.504732e-01 5.439100e+01 5.273275e+01
2400 2.494730e-01 4.649306e+02 2.260675e+02
1000491 2.494730e-01 2.229159e+02 1.009110e+02
2001602 2.494730e-01 1.958551e+02 8.410893e+01
3001350 2.494730e-01 1.809996e+02 7.683880e+01
4001380 2.494730e-01 1.684625e+02 6.868851e+01
5000181 2.494730e-01 1.561905e+02 6.128353e+01
6000816 2.494730e-01 1.444789e+02 5.288772e+01
7000383 2.494730e-01 1.337167e+02 5.117792e+01
8000160 2.494730e-01 1.205550e+02 4.992602e+01
9000054 2.494730e-01 1.041550e+02 4.974788e+01
10000002 2.494730e-01 5.289853e+01 4.974788e+01
2400 2.499714e-01 4.656647e+02 2.453497e+02
1001675 2.499714e-01 2.241861e+02 7.053506e+01
2000629 2.499714e-01 1.971102e+02 5.759610e+01
3000987 2.499714e-01 1.822799e+02 5.407615e+01
4000625 2.499714e-01 1.698464e+02 5.073979e+01
5000189 2.499714e-01 1.577127e+02 5.009187e+01
6000635 2.499714e-01 1.457502e+02 4.480393e+01
7000607 2.499714e-01 1.344132e+02 4.272492e+01
8000103 2.499714e-01 1.214252e+02 4.089924e+01
9000185 2.499714e-01 1.048860e+02 4.079328e+01
10000003 2.499714e-01 4.692889e+01 4.079328e+01
2400 2.496853e-01 4.670978e+02 2.490281e+02
1000504 2.496853e-01 2.233280e+02 8.722593e+01
2001560 2.496853e-01 1.967524e+02 7.218783e+01
3000067 2.496853e-01 1.815776e+02 6.979637e+01
4001248 2.496853e-01 1.688961e+02 6.456841e+01
5001201 2.496853e-01 1.569041e+02 5.710904e+01
6000701 2.496853e-01 1.446450e+02 5.562348e+01
7000047 2.496853e-01 1.331987e+02 5.508418e+01
8000470 2.496853e-01 1.198225e+02 5.488484e+01
9000207 2.496853e-01 1.034720e+02 5.472267e+01
10000000 2.496853e-01 5.671277e+01 5.472267e+01
2400 2.507830e-01 4.672283e+02 2.561221e+02
1000950 2.507830e-01 2.244709e+02 8.882131e+01
2000019 2.507830e-01 1.984853e+02 7.489129e+01
3000398 2.507830e-01 1.836254e+02 6.871077e+01
4001393 2.507830e-01 1.707730e+02 6.461239e+01
5000305 2.507830e-01 1.580575e+02 5.830973e+01
6000432 2.507830e-01 1.456821e+02 4.573045e+01
7000723 2.507830e-01 1.342953e+02 4.216607e+01
8000453 2.507830e-01 1.212263e+02 4.205316e+01
9000118 2.507830e-01 1.034258e+02 4.178814e+01
10000004 2.507830e-01 5.190402e+01 4.178814e+01
2400 2.505462e-01 4.651046e+02 2.374945e+02
1001692 2.505462e-01 2.248182e+02 6.668318e+01
2000680 2.505462e-01 1.977680e+02 6.383337e+01
3000323 2.505462e-01 1.823632e+02 5.728099e+01
4000360 2.505462e-01 1.698786e+02 5.651757e+01
5000668 2.505462e-01 1.585525e+02 5.516185e+01
6000821 2.505462e-01 1.467874e+02 5.437073e+01
7000456 2.505462e-01 1.354173e+02 5.157007e+01
8000198 2.505462e-01 1.227992e+02 5.096571e+01
9000031 2.505462e-01 1.054611e+02 5.074280e+01
10000004 2.505462e-01 5.275332e+01 5.074280e+01
2400 2.505377e-01 4.642746e+02 2.636797e+02
1000873 2.505377e-01 2.240838e+02 8.252667e+01
2000048 2.505377e-01 1.974334e+02 7.078462e+01
3000292 2.505377e-01 1.821480e+02 5.759153e+01
4001363 2.505377e-01 1.699408e+02 5.595766e+01
5000021 2.505377e-01 1.580272e+02 5.438912e+01
6000508 2.505377e-01 1.463948e+02 5.331650e+01
7000262 2.505377e-01 1.348911e+02 5.133475e+01
8000082 2.505377e-01 1.220052e+02 5.080587e+01
9000046 2.505377e-01 1.038281e+02 5.074274e+01
10000004 2.505377e-01 5.240104e+01 5.074274e+01
2400 2.506404e-01 4.659139e+02 2.670999e+02
1000577 2.506404e-01 2.210580e+02 7.184352e+01
2001562 2.506404e-01 1.942583e+02 6.293864e+01
3001668 2.506404e-01 1.791043e+02 5.785508e+01
4000214 2.506404e-01 1.668183e+02 5.545341e+01
5001111 2.506404e-01 1.543826e+02 5.309927e+01
6000402 2.506404e-01 1.426990e+02 5.204543e+01
7000328 2.506404e-01 1.311863e+02 4.754590e+01
8000437 2.506404e-01 1.185165e+02 4.689274e+01
9000047 2.506404e-01 1.022812e+02 4.676297e+01
10000000 2.506404e-01 4.726050e+01 4.676297e+01
2400 2.497604e-01 4.636653e+02 2.398115e+02
1002081 2.497604e-01 2.243070e+02 9.111748e+01
2001098 2.497604e-01 1.975526e+02 7.719804e+01
3001322 2.497604e-01 1.818746e+02 7.250030e+01
4001218 2.497604e-01 1.698240e+02 6.586523e+01
5001184 2.497604e-01 1.581908e+02 6.357576e+01
6000362 2.497604e-01 1.467422e+02 6.299111e+01
7000225 2.497604e-01 1.357511e+02 6.210646e+01
8000362 2.497604e-01 1.235122e+02 6.174455e+01
9000042 2.497604e-01 1.072164e+02 6.168715e+01
10000001 2.497604e-01 6.484491e+01 6.168715e+01
2400 2.503362e-01 4.665707e+02 2.492992e+02
1001565 2.503362e-01 2.268200e+02 8.778140e+01
2001042 2.503362e-01 1.992260e+02 7.116636e+01
3001433 2.503362e-01 1.835961e+02 6.455516e+01
4000891 2.503362e-01 1.715029e+02 6.348800e+01
5000975 2.503362e-01 1.595756e+02 6.249456e+01
6000385 2.503362e-01 1.474596e+02 5.807002e+01
7000024 2.503362e-01 1.354366e+02 5.428411e+01
8000374 2.503362e-01 1.226321e+02 5.146622e+01
9000206 2.503362e-01 1.045460e+02 5.087842e+01
10000001 2.503362e-01 5.576281e+01 5.087842e+01
2400 2.496123e-01 4.647763e+02 2.267444e+02
1000182 2.496123e-01 2.242728e+02 6.607310e+01
2001188 2.496123e-01 1.970970e+02 6.375581e+01
3001640 2.496123e-01 1.816974e+02 5.921630e+01
4000603 2.496123e-01 1.695187e+02 5.812399e+01
5000587 2.496123e-01 1.577647e+02 5.335744e+01
6000062 2.496123e-01 1.456725e+02 4.249236e+01
7000462 2.496123e-01 1.341325e+02 3.611231e+01
8000040 2.496123e-01 1.216847e+02 3.493665e+01
9000105 2.496123e-01 1.035136e+02 3.482351e+01
10000001 2.496123e-01 4.052853e+01 3.482351e+01
2400 2.508741e-01 4.658464e+02 2.349805e+02
1000221 2.508741e-01 2.249025e+02 9.732055e+01
2001298 2.508741e-01 1.982261e+02 7.490491e+01
3001470 2.508741e-01 1.833318e+02 6.927852e+01
4000886 2.508741e-01 1.707509e+02 6.245084e+01
5000790 2.508741e-01 1.593379e+02 5.834848e+01
6000958 2.508741e-01 1.481605e+02 5.535174e+01
7000215 2.508741e-01 1.370188e+02 5.221080e+01
8000369 2.508741e-01 1.245510e+02 5.186222e+01
9000010 2.508741e-01 1.075056e+02 5.173771e+01
10000001 2.508741e-01 5.671254e+01 5.173771e+01
4.88e+01 (7.57e+00): 
4.775792e+01 5.372763e+01 4.278318e+01 3.183862e+01 3.482351e+01 5.870246e+01 4.775788e+01 3.880334e+01 5.074276e+01 5.770740e+01 4.278314e+01 5.173776e+01 5.571761e+01 4.576803e+01 5.770751e+01 5.074280e+01 5.870246e+01 4.974788e+01 5.273275e+01 4.974788e+01 4.079328e+01 5.472267e+01 4.178814e+01 5.074280e+01 5.074274e+01 4.676297e+01 6.168715e+01 5.087842e+01 3.482351e+01 5.173771e+01 