600 2.481754e-01 8.876082e+07 5.925049e+01
100001 2.481754e-01 3.260067e+01 1.126568e+01
200177 2.481754e-01 2.560620e+01 1.066296e+01
300104 2.481754e-01 2.397302e+01 8.976160e+00
400147 2.481754e-01 2.235010e+01 6.410807e+00
500069 2.481754e-01 2.006162e+01 4.365977e+00
600055 2.481754e-01 1.672732e+01 3.247193e+00
700051 2.481754e-01 9.446194e+00 2.289705e+00
800282 2.481754e-01 1.457542e+00 2.007032e-01
900027 2.481754e-01 2.054935e-01 2.547744e-02
1000005 2.481754e-01 1.046944e-03 1.046875e-03
600 2.490543e-01 9.551073e+07 2.113842e+02
100223 2.490543e-01 3.707801e+01 1.326171e+01
200247 2.490543e-01 2.581621e+01 1.220484e+01
300128 2.490543e-01 2.407180e+01 7.171031e+00
400822 2.490543e-01 2.220853e+01 5.338152e+00
500287 2.490543e-01 1.964583e+01 3.112349e+00
600219 2.490543e-01 1.503652e+01 1.375500e+00
700001 2.490543e-01 3.894830e+00 6.886379e-01
800093 2.490543e-01 1.037735e+00 1.337407e-01
900053 2.490543e-01 1.694081e-01 2.128580e-02
1000001 2.490543e-01 6.826273e-05 6.826273e-05
600 2.488799e-01 8.208157e+07 8.214711e+01
100270 2.488799e-01 3.113847e+01 1.736896e+01
200405 2.488799e-01 2.580607e+01 1.160487e+01
300077 2.488799e-01 2.418267e+01 1.011795e+01
400243 2.488799e-01 2.252498e+01 7.095124e+00
500124 2.488799e-01 2.040953e+01 5.769349e+00
600074 2.488799e-01 1.530833e+01 4.595530e+00
700312 2.488799e-01 5.289601e+00 1.238206e+00
800102 2.488799e-01 1.872748e+00 1.926033e-01
900082 2.488799e-01 5.477642e-01 8.798842e-02
1000003 2.488799e-01 9.279615e-03 9.279615e-03
600 2.533213e-01 1.029881e+08 9.430208e+01
100247 2.533213e-01 3.087508e+01 1.747041e+01
200367 2.533213e-01 2.562696e+01 1.253144e+01
300265 2.533213e-01 2.389144e+01 7.750953e+00
400155 2.533213e-01 2.209478e+01 5.865520e+00
500050 2.533213e-01 1.967029e+01 4.595745e+00
600085 2.533213e-01 1.599423e+01 4.270103e+00
700088 2.533213e-01 6.227310e+00 9.415386e-01
800111 2.533213e-01 1.353726e+00 1.610573e-01
900307 2.533213e-01 2.163041e-01 2.591878e-02
999970 2.537436e-01 1.582045e-02 1.582045e-02
600 2.465582e-01 9.135288e+07 1.004782e+02
100113 2.465582e-01 3.358523e+01 2.160815e+01
200068 2.465582e-01 2.590464e+01 8.877823e+00
300170 2.465582e-01 2.425285e+01 8.235790e+00
400181 2.465582e-01 2.250083e+01 5.713308e+00
500168 2.465582e-01 2.068509e+01 1.560946e+00
600011 2.465582e-01 1.796073e+01 1.395458e+00
700124 2.465582e-01 1.296116e+01 1.212436e+00
800070 2.465582e-01 3.177944e+00 1.770284e-01
900042 2.465582e-01 5.161672e-01 3.762116e-02
1000001 2.465582e-01 3.537649e-03 3.439668e-03
600 2.527145e-01 8.919929e+07 5.337119e+01
100121 2.527145e-01 3.149914e+01 1.640630e+01
200401 2.527145e-01 2.552052e+01 9.302495e+00
300209 2.527145e-01 2.395892e+01 9.057370e+00
400706 2.527145e-01 2.226707e+01 6.542942e+00
500164 2.527145e-01 2.028793e+01 3.514758e+00
600066 2.527145e-01 1.613625e+01 2.778916e+00
700152 2.527145e-01 5.362722e+00 9.954036e-01
800027 2.527145e-01 1.543062e+00 1.404509e-01
900009 2.527145e-01 4.084719e-01 4.684574e-02
1000004 2.527145e-01 1.814786e-03 1.713848e-03
600 2.503961e-01 9.013232e+07 5.264250e+01
100522 2.503961e-01 3.068605e+01 1.652831e+01
200428 2.503961e-01 2.572716e+01 9.667674e+00
300212 2.503961e-01 2.388496e+01 7.658654e+00
400148 2.503961e-01 2.214433e+01 6.695372e+00
500106 2.503961e-01 2.013282e+01 4.356777e+00
600140 2.503961e-01 1.649238e+01 4.006361e+00
700160 2.503961e-01 5.464777e+00 1.214067e+00
800057 2.503961e-01 1.471729e+00 3.165867e-01
900000 2.503961e-01 3.234735e-01 5.371287e-02
1000003 2.503961e-01 1.900801e-02 1.900801e-02
600 2.476866e-01 9.512753e+07 1.165354e+02
100013 2.476866e-01 3.772698e+01 1.247647e+01
200164 2.476866e-01 2.589670e+01 9.741542e+00
300225 2.476866e-01 2.406108e+01 6.716676e+00
400241 2.476866e-01 2.233868e+01 6.261209e+00
500070 2.476866e-01 1.962121e+01 3.739201e+00
600207 2.476866e-01 1.456672e+01 2.107338e+00
700017 2.476866e-01 4.553854e+00 2.353779e-01
800028 2.476866e-01 1.380155e+00 2.323561e-01
900011 2.476866e-01 3.843486e-01 6.376598e-02
1000000 2.476866e-01 1.395460e-02 1.395460e-02
600 2.470424e-01 9.987073e+07 9.157925e+01
100028 2.470424e-01 3.086858e+01 2.028113e+01
200224 2.470424e-01 2.565677e+01 8.974190e+00
300002 2.470424e-01 2.388967e+01 8.246168e+00
400103 2.470424e-01 2.201754e+01 4.860863e+00
500040 2.470424e-01 1.984633e+01 3.884195e+00
600170 2.470424e-01 1.635383e+01 3.657597e+00
700105 2.470424e-01 9.477567e+00 2.256667e+00
800024 2.470424e-01 1.839204e+00 1.929670e-01
900075 2.470424e-01 3.787683e-01 6.187019e-02
1000003 2.470424e-01 4.166060e-03 4.161449e-03
600 2.519750e-01 8.912935e+07 1.046158e+02
100919 2.519750e-01 3.407752e+01 9.955537e+00
201120 2.519750e-01 2.562106e+01 7.668965e+00
300192 2.519750e-01 2.392177e+01 7.337088e+00
400356 2.519750e-01 2.208506e+01 6.326376e+00
500208 2.519750e-01 1.954044e+01 5.838547e+00
600131 2.519750e-01 1.523236e+01 2.998561e+00
700124 2.519750e-01 5.556982e+00 6.049388e-01
800068 2.519750e-01 1.368507e+00 1.458288e-01
900008 2.519750e-01 1.944270e-01 2.832427e-02
999948 2.523950e-01 2.738068e-03 2.737198e-03
600 2.481702e-01 9.486234e+07 2.955162e+02
100214 2.481702e-01 3.260652e+01 1.495171e+01
200207 2.481702e-01 2.564474e+01 1.048564e+01
300395 2.481702e-01 2.380856e+01 7.170958e+00
400035 2.481702e-01 2.194402e+01 6.337056e+00
500056 2.481702e-01 1.928493e+01 5.630361e+00
600131 2.481702e-01 1.320911e+01 3.479231e+00
700040 2.481702e-01 4.107412e+00 1.486374e-01
800097 2.481702e-01 1.407643e+00 1.257624e-01
900014 2.481702e-01 2.357248e-01 4.113648e-02
999992 2.485839e-01 1.861116e-02 1.861114e-02
600 2.493656e-01 9.126296e+07 2.064014e+02
100525 2.493656e-01 3.147422e+01 1.081008e+01
200193 2.493656e-01 2.545318e+01 6.669942e+00
300142 2.493656e-01 2.376190e+01 6.669942e+00
400437 2.493656e-01 2.190177e+01 6.169788e+00
500250 2.493656e-01 1.969416e+01 4.819747e+00
600032 2.493656e-01 1.571281e+01 3.332858e+00
700164 2.493656e-01 9.177511e+00 1.267168e+00
800056 2.493656e-01 1.362488e+00 1.622125e-01
900005 2.493656e-01 4.320006e-01 3.699963e-02
1000001 2.493656e-01 1.114171e-02 1.114171e-02
600 2.490850e-01 1.010669e+08 4.722473e+01
100400 2.490850e-01 3.085060e+01 1.591128e+01
200297 2.490850e-01 2.537037e+01 1.205304e+01
300201 2.490850e-01 2.365710e+01 9.852085e+00
400166 2.490850e-01 2.157370e+01 7.606112e+00
500098 2.490850e-01 1.769352e+01 2.832037e+00
600020 2.490850e-01 7.273824e+00 1.469522e+00
700140 2.490850e-01 2.842048e+00 1.633346e-01
800038 2.490850e-01 1.040646e+00 9.128912e-02
900010 2.490850e-01 1.825762e-01 3.924530e-02
1000005 2.490850e-01 2.829175e-03 2.239911e-03
600 2.490583e-01 1.129924e+08 1.167189e+02
100274 2.490583e-01 3.170699e+01 1.323472e+01
200432 2.490583e-01 2.555266e+01 1.176263e+01
300109 2.490583e-01 2.389818e+01 8.764982e+00
400089 2.490583e-01 2.202239e+01 4.274271e+00
500034 2.490583e-01 1.933015e+01 1.989373e+00
600052 2.490583e-01 1.468190e+01 1.206404e+00
700360 2.490583e-01 3.922444e+00 7.827336e-01
800044 2.490583e-01 7.841141e-01 6.132537e-02
900235 2.490583e-01 1.138507e-01 2.331319e-02
1000002 2.490583e-01 3.544298e-03 3.544293e-03
600 2.487310e-01 9.346055e+07 6.045457e+01
100508 2.487310e-01 3.169962e+01 1.476235e+01
200068 2.487310e-01 2.558198e+01 5.311953e+00
300404 2.487310e-01 2.373888e+01 2.215388e+00
400012 2.487310e-01 2.176485e+01 2.176772e+00
500258 2.487310e-01 1.896660e+01 2.145845e+00
600138 2.487310e-01 1.396234e+01 2.145845e+00
700093 2.487310e-01 3.671318e+00 1.022205e+00
800104 2.487310e-01 1.124713e+00 7.218969e-02
900196 2.487310e-01 1.893247e-01 3.160885e-02
1000002 2.487310e-01 7.856646e-04 7.856081e-04
600 2.490479e-01 8.962951e+07 1.009734e+02
100027 2.490479e-01 3.096007e+01 2.188228e+01
200004 2.490479e-01 2.583839e+01 1.290437e+01
300211 2.490479e-01 2.422008e+01 1.161937e+01
400173 2.490479e-01 2.271241e+01 1.095607e+01
500148 2.490479e-01 2.103430e+01 7.374194e+00
600198 2.490479e-01 1.842013e+01 4.216120e+00
700126 2.490479e-01 1.290280e+01 1.928889e+00
800505 2.490479e-01 2.540687e+00 1.799725e-01
900267 2.490479e-01 3.187214e-01 5.279873e-02
1000000 2.490479e-01 2.496208e-02 2.321211e-02
600 2.473587e-01 9.387721e+07 8.378657e+01
100160 2.473587e-01 3.214712e+01 2.102412e+01
200451 2.473587e-01 2.583126e+01 1.175340e+01
300273 2.473587e-01 2.426953e+01 6.847979e+00
400089 2.473587e-01 2.286751e+01 6.436514e+00
500148 2.473587e-01 2.129871e+01 6.153192e+00
600181 2.473587e-01 1.906478e+01 4.569761e+00
700147 2.473587e-01 1.591161e+01 1.019066e+00
800030 2.473587e-01 1.053732e+01 9.325149e-01
900042 2.473587e-01 1.593880e+00 1.632529e-01
1000005 2.473587e-01 5.892169e-02 3.835634e-02
600 2.476152e-01 9.040430e+07 6.130671e+01
100178 2.476152e-01 3.295664e+01 1.048504e+01
200209 2.476152e-01 2.571829e+01 7.907020e+00
300294 2.476152e-01 2.411289e+01 5.187203e+00
400257 2.476152e-01 2.215170e+01 4.825857e+00
500258 2.476152e-01 1.967679e+01 4.685718e+00
600187 2.476152e-01 1.483743e+01 1.877566e+00
700146 2.476152e-01 4.126951e+00 4.144936e-01
800414 2.476152e-01 1.003953e+00 8.988619e-02
900285 2.476152e-01 1.141387e-01 4.013018e-02
1000005 2.476152e-01 2.109917e-03 2.109916e-03
600 2.465476e-01 9.857254e+07 4.867816e+01
100083 2.465476e-01 3.286319e+01 8.526551e+00
200001 2.465476e-01 2.572458e+01 7.607127e+00
300361 2.465476e-01 2.407741e+01 7.591075e+00
400238 2.465476e-01 2.247259e+01 5.935634e+00
500000 2.465476e-01 1.997787e+01 4.836401e+00
600074 2.465476e-01 1.585901e+01 3.004113e+00
700128 2.465476e-01 5.916885e+00 1.149803e+00
800045 2.465476e-01 1.172289e+00 1.092615e-01
900005 2.465476e-01 2.171885e-01 4.609150e-02
1000004 2.465476e-01 1.833773e-03 1.336028e-03
600 2.501597e-01 8.429846e+07 1.318771e+02
100256 2.501597e-01 3.614374e+01 1.340553e+01
200387 2.501597e-01 2.580484e+01 6.944747e+00
300313 2.501597e-01 2.419835e+01 6.505831e+00
400311 2.501597e-01 2.253250e+01 5.499190e+00
500228 2.501597e-01 2.062296e+01 5.373468e+00
600142 2.501597e-01 1.795683e+01 4.584407e+00
700096 2.501597e-01 1.143442e+01 1.707925e+00
800260 2.501597e-01 1.286698e+00 7.317852e-02
900009 2.501597e-01 2.327349e-01 3.133678e-02
1000001 2.501597e-01 1.750718e-02 1.750717e-02
600 2.502538e-01 9.377143e+07 1.199680e+02
100376 2.502538e-01 3.238294e+01 9.375784e+00
200141 2.502538e-01 2.568758e+01 5.545631e+00
300295 2.502538e-01 2.397510e+01 4.875263e+00
400111 2.502538e-01 2.236082e+01 4.466489e+00
500100 2.502538e-01 1.965613e+01 4.179422e+00
600067 2.502538e-01 1.407391e+01 3.154255e+00
700025 2.502538e-01 4.225500e+00 6.269929e-01
800022 2.502538e-01 1.289072e+00 9.728690e-02
900027 2.502538e-01 3.005348e-01 4.394065e-02
1000000 2.502538e-01 2.507283e-03 2.363859e-03
600 2.514565e-01 9.951800e+07 1.668629e+02
100265 2.514565e-01 3.081451e+01 1.854899e+01
200416 2.514565e-01 2.559397e+01 1.122351e+01
300325 2.514565e-01 2.394554e+01 8.394479e+00
400298 2.514565e-01 2.212634e+01 6.816824e+00
500213 2.514565e-01 1.994503e+01 5.070387e+00
600169 2.514565e-01 1.554547e+01 3.834810e+00
700004 2.514565e-01 4.889996e+00 1.714465e+00
800004 2.514565e-01 1.354893e+00 1.051687e-01
900011 2.514565e-01 2.993392e-01 4.596798e-02
1000001 2.514565e-01 8.646738e-05 8.629197e-05
600 2.492795e-01 9.156388e+07 1.023763e+02
100417 2.492795e-01 3.615861e+01 1.452160e+01
200230 2.492795e-01 2.569290e+01 1.236752e+01
300053 2.492795e-01 2.386070e+01 7.926396e+00
400169 2.492795e-01 2.170521e+01 6.659998e+00
500222 2.492795e-01 1.880937e+01 4.340698e+00
600185 2.492795e-01 1.421718e+01 2.720258e+00
700545 2.492795e-01 4.393579e+00 5.750286e-01
800068 2.492795e-01 8.257499e-01 4.923654e-02
900028 2.492795e-01 1.173607e-01 3.666006e-02
999976 2.496950e-01 1.527757e-02 1.527757e-02
600 2.518942e-01 1.043132e+08 2.340219e+02
100254 2.518942e-01 3.443211e+01 1.269380e+01
200275 2.518942e-01 2.590691e+01 9.878712e+00
300228 2.518942e-01 2.398418e+01 7.227603e+00
400131 2.518942e-01 2.209828e+01 4.427575e+00
500022 2.518942e-01 1.926192e+01 2.836929e+00
600172 2.518942e-01 1.357850e+01 2.266159e+00
700156 2.518942e-01 3.824649e+00 8.281713e-01
800094 2.518942e-01 1.246684e+00 1.318847e-01
900015 2.518942e-01 2.717542e-01 4.854936e-02
999949 2.523140e-01 1.027044e-02 1.027043e-02
600 2.488026e-01 9.475014e+07 5.250567e+01
100189 2.488026e-01 3.110119e+01 1.575561e+01
200240 2.488026e-01 2.586300e+01 7.631999e+00
300098 2.488026e-01 2.415684e+01 6.612317e+00
400252 2.488026e-01 2.235217e+01 3.275789e+00
500617 2.488026e-01 1.958775e+01 2.846390e+00
600122 2.488026e-01 1.193968e+01 2.790206e+00
700064 2.488026e-01 3.684498e+00 6.634575e-01
800118 2.488026e-01 1.405470e+00 1.239932e-01
900014 2.488026e-01 2.806178e-01 2.231107e-02
1000002 2.488026e-01 2.046449e-03 5.977445e-04
600 2.487115e-01 8.083976e+07 1.194188e+02
100499 2.487115e-01 3.019305e+01 1.718295e+01
200178 2.487115e-01 2.559346e+01 1.443182e+01
300249 2.487115e-01 2.392992e+01 1.061365e+01
400142 2.487115e-01 2.209091e+01 8.255886e+00
500012 2.487115e-01 2.035894e+01 6.882874e+00
600154 2.487115e-01 1.814285e+01 2.787552e+00
700001 2.487115e-01 1.370351e+01 2.187337e+00
800009 2.487115e-01 5.591569e+00 1.043761e+00
900052 2.487115e-01 8.121804e-01 6.529853e-02
999951 2.491260e-01 4.910261e-02 2.784373e-02
600 2.495761e-01 8.330818e+07 1.417988e+02
100460 2.495761e-01 3.603348e+01 2.128585e+01
200731 2.495761e-01 2.591828e+01 1.566927e+01
300024 2.495761e-01 2.411058e+01 9.245039e+00
400239 2.495761e-01 2.213046e+01 7.122565e+00
500145 2.495761e-01 1.974251e+01 6.027418e+00
600224 2.495761e-01 1.514859e+01 4.621711e+00
700034 2.495761e-01 4.549976e+00 8.311338e-01
800403 2.495761e-01 1.141301e+00 7.246838e-02
900134 2.495761e-01 2.776544e-01 2.758084e-02
1000002 2.495761e-01 1.429811e-02 1.429646e-02
600 2.533821e-01 9.664318e+07 1.972432e+02
100033 2.533821e-01 3.336306e+01 1.656222e+01
201042 2.533821e-01 2.558171e+01 1.234516e+01
300233 2.533821e-01 2.385784e+01 7.646235e+00
400143 2.533821e-01 2.220347e+01 5.781208e+00
500033 2.533821e-01 2.003514e+01 5.580459e+00
600164 2.533821e-01 1.580274e+01 3.231984e+00
700054 2.533821e-01 4.749095e+00 1.081412e+00
800009 2.533821e-01 1.114398e+00 8.873022e-02
900052 2.533821e-01 1.352670e-01 3.312276e-02
1000003 2.533821e-01 1.934160e-03 1.934160e-03
600 2.498448e-01 9.374427e+07 6.932332e+01
100241 2.498448e-01 3.416205e+01 2.004944e+01
200100 2.498448e-01 2.579456e+01 1.224449e+01
300243 2.498448e-01 2.407408e+01 7.575435e+00
400226 2.498448e-01 2.224319e+01 6.556386e+00
500274 2.498448e-01 2.014202e+01 5.366621e+00
600195 2.498448e-01 1.650677e+01 3.556876e+00
700183 2.498448e-01 1.106532e+01 1.869499e+00
800127 2.498448e-01 1.983619e+00 2.516362e-01
900053 2.498448e-01 3.672996e-01 3.507558e-02
1000000 2.498448e-01 1.915487e-02 1.915485e-02
600 2.496758e-01 9.069417e+07 1.012623e+02
100202 2.496758e-01 3.198298e+01 1.434347e+01
200230 2.496758e-01 2.559433e+01 1.046286e+01
300226 2.496758e-01 2.377307e+01 9.260494e+00
400171 2.496758e-01 2.151143e+01 4.983097e+00
500088 2.496758e-01 1.831377e+01 4.504638e+00
600199 2.496758e-01 9.492465e+00 2.577945e+00
700050 2.496758e-01 3.646614e+00 7.708982e-01
800072 2.496758e-01 1.194475e+00 7.361039e-02
900059 2.496758e-01 2.157797e-01 4.177330e-02
1000005 2.496758e-01 1.663197e-02 1.662604e-02
9.95e-03 (9.73e-03): 
1.046875e-03 6.826273e-05 9.279615e-03 1.582045e-02 3.439668e-03 1.713848e-03 1.900801e-02 1.395460e-02 4.161449e-03 2.737198e-03 1.861114e-02 1.114171e-02 2.239911e-03 3.544293e-03 7.856081e-04 2.321211e-02 3.835634e-02 2.109916e-03 1.336028e-03 1.750717e-02 2.363859e-03 8.629197e-05 1.527757e-02 1.027043e-02 5.977445e-04 2.784373e-02 1.429646e-02 1.934160e-03 1.915485e-02 1.662604e-02 