1350 2.496311e-01 3.103517e+04 2.924674e+03
301184 2.496311e-01 7.051732e+02 4.859361e+02
600534 2.496311e-01 5.118231e+02 4.178640e+02
900256 2.496311e-01 4.000588e+02 4.000227e+02
1200504 2.496311e-01 4.000000e+02 4.000000e+02
1500029 2.496311e-01 4.000000e+02 4.000000e+02
1800539 2.496311e-01 4.000000e+02 4.000000e+02
2100078 2.496311e-01 4.000000e+02 4.000000e+02
2400178 2.496311e-01 4.000000e+02 4.000000e+02
2700127 2.496311e-01 4.000000e+02 4.000000e+02
2999970 2.498160e-01 4.000000e+02 4.000000e+02
1350 2.507014e-01 3.184237e+04 3.033607e+03
301184 2.507014e-01 6.973813e+02 4.689332e+02
600534 2.507014e-01 4.859178e+02 4.131531e+02
900256 2.507014e-01 4.000257e+02 4.000117e+02
1200504 2.507014e-01 4.000000e+02 4.000000e+02
1500029 2.507014e-01 4.000000e+02 4.000000e+02
1800539 2.507014e-01 4.000000e+02 4.000000e+02
2100078 2.507014e-01 4.000000e+02 4.000000e+02
2400178 2.507014e-01 4.000000e+02 4.000000e+02
2700107 2.507014e-01 4.000000e+02 4.000000e+02
3000001 2.507014e-01 4.000000e+02 4.000000e+02
1350 2.501181e-01 3.168358e+04 2.246417e+03
301184 2.501181e-01 7.052401e+02 4.937666e+02
600534 2.501181e-01 5.027657e+02 4.139435e+02
900256 2.501181e-01 4.000391e+02 4.000173e+02
1200504 2.501181e-01 4.000000e+02 4.000000e+02
1500029 2.501181e-01 4.000000e+02 4.000000e+02
1800539 2.501181e-01 4.000000e+02 4.000000e+02
2100078 2.501181e-01 4.000000e+02 4.000000e+02
2400178 2.501181e-01 4.000000e+02 4.000000e+02
2700121 2.501181e-01 4.000000e+02 4.000000e+02
3000000 2.501181e-01 4.000000e+02 4.000000e+02
1350 2.517018e-01 3.166576e+04 1.977322e+03
301184 2.517018e-01 6.917667e+02 4.849839e+02
600534 2.517018e-01 4.868094e+02 4.118780e+02
900256 2.517018e-01 4.000227e+02 4.000108e+02
1200504 2.517018e-01 4.000000e+02 4.000000e+02
1500029 2.517018e-01 4.000000e+02 4.000000e+02
1800539 2.517018e-01 4.000000e+02 4.000000e+02
2100078 2.517018e-01 4.000000e+02 4.000000e+02
2400178 2.517018e-01 4.000000e+02 4.000000e+02
2700095 2.517018e-01 4.000000e+02 4.000000e+02
3000002 2.517018e-01 4.000000e+02 4.000000e+02
1350 2.491333e-01 3.062930e+04 2.725075e+03
301184 2.491333e-01 7.068794e+02 4.823643e+02
600534 2.491333e-01 5.023638e+02 4.158071e+02
900256 2.491333e-01 4.000438e+02 4.000162e+02
1200504 2.491333e-01 4.000000e+02 4.000000e+02
1500029 2.491333e-01 4.000000e+02 4.000000e+02
1800539 2.491333e-01 4.000000e+02 4.000000e+02
2100078 2.491333e-01 4.000000e+02 4.000000e+02
2400178 2.491333e-01 4.000000e+02 4.000000e+02
2700029 2.491333e-01 4.000000e+02 4.000000e+02
3000004 2.491333e-01 4.000000e+02 4.000000e+02
1350 2.489672e-01 3.128433e+04 2.670718e+03
301184 2.489672e-01 6.815976e+02 4.859240e+02
600534 2.489672e-01 4.740274e+02 4.101218e+02
900256 2.489672e-01 4.000180e+02 4.000096e+02
1200504 2.489672e-01 4.000000e+02 4.000000e+02
1500029 2.489672e-01 4.000000e+02 4.000000e+02
1800539 2.489672e-01 4.000000e+02 4.000000e+02
2100078 2.489672e-01 4.000000e+02 4.000000e+02
2400178 2.489672e-01 4.000000e+02 4.000000e+02
2700037 2.489672e-01 4.000000e+02 4.000000e+02
3000001 2.489672e-01 4.000000e+02 4.000000e+02
1350 2.511932e-01 3.127377e+04 2.633380e+03
301184 2.511932e-01 6.942245e+02 4.678492e+02
600534 2.511932e-01 4.982400e+02 4.138870e+02
900256 2.511932e-01 4.000377e+02 4.000185e+02
1200504 2.511932e-01 4.000000e+02 4.000000e+02
1500029 2.511932e-01 4.000000e+02 4.000000e+02
1800539 2.511932e-01 4.000000e+02 4.000000e+02
2100078 2.511932e-01 4.000000e+02 4.000000e+02
2400178 2.511932e-01 4.000000e+02 4.000000e+02
2700006 2.511932e-01 4.000000e+02 4.000000e+02
3000005 2.511932e-01 4.000000e+02 4.000000e+02
1350 2.485633e-01 3.234930e+04 3.321017e+03
301184 2.485633e-01 6.983144e+02 4.800770e+02
600534 2.485633e-01 4.892707e+02 4.108009e+02
900256 2.485633e-01 4.000262e+02 4.000096e+02
1200504 2.485633e-01 4.000000e+02 4.000000e+02
1500029 2.485633e-01 4.000000e+02 4.000000e+02
1800539 2.485633e-01 4.000000e+02 4.000000e+02
2100078 2.485633e-01 4.000000e+02 4.000000e+02
2400178 2.485633e-01 4.000000e+02 4.000000e+02
2700047 2.485633e-01 4.000000e+02 4.000000e+02
3000004 2.485633e-01 4.000000e+02 4.000000e+02
1350 2.501132e-01 3.119719e+04 3.347669e+03
301184 2.501132e-01 6.980442e+02 4.846069e+02
600534 2.501132e-01 4.952934e+02 4.157609e+02
900256 2.501132e-01 4.000353e+02 4.000139e+02
1200504 2.501132e-01 4.000000e+02 4.000000e+02
1500029 2.501132e-01 4.000000e+02 4.000000e+02
1800539 2.501132e-01 4.000000e+02 4.000000e+02
2100078 2.501132e-01 4.000000e+02 4.000000e+02
2400178 2.501132e-01 4.000000e+02 4.000000e+02
2700093 2.501132e-01 4.000000e+02 4.000000e+02
3000004 2.501132e-01 4.000000e+02 4.000000e+02
1350 2.517194e-01 3.299446e+04 3.460329e+03
301184 2.517194e-01 7.038088e+02 4.896340e+02
600534 2.517194e-01 5.079241e+02 4.158476e+02
900256 2.517194e-01 4.000564e+02 4.000293e+02
1200504 2.517194e-01 4.000000e+02 4.000000e+02
1500029 2.517194e-01 4.000000e+02 4.000000e+02
1800539 2.517194e-01 4.000000e+02 4.000000e+02
2100078 2.517194e-01 4.000000e+02 4.000000e+02
2400178 2.517194e-01 4.000000e+02 4.000000e+02
2700043 2.517194e-01 4.000000e+02 4.000000e+02
3000001 2.517194e-01 4.000000e+02 4.000000e+02
1350 2.508205e-01 3.192289e+04 4.120043e+03
301184 2.508205e-01 7.053469e+02 4.833967e+02
600534 2.508205e-01 5.186764e+02 4.198446e+02
900256 2.508205e-01 4.000778e+02 4.000376e+02
1200504 2.508205e-01 4.000000e+02 4.000000e+02
1500029 2.508205e-01 4.000000e+02 4.000000e+02
1800539 2.508205e-01 4.000000e+02 4.000000e+02
2100078 2.508205e-01 4.000000e+02 4.000000e+02
2400178 2.508205e-01 4.000000e+02 4.000000e+02
2700057 2.508205e-01 4.000000e+02 4.000000e+02
3000000 2.508205e-01 4.000000e+02 4.000000e+02
1350 2.505376e-01 3.167593e+04 3.669444e+03
301184 2.505376e-01 7.066786e+02 4.868767e+02
600534 2.505376e-01 5.272561e+02 4.209069e+02
900256 2.505376e-01 4.001085e+02 4.000430e+02
1200504 2.505376e-01 4.000000e+02 4.000000e+02
1500029 2.505376e-01 4.000000e+02 4.000000e+02
1800539 2.505376e-01 4.000000e+02 4.000000e+02
2100078 2.505376e-01 4.000000e+02 4.000000e+02
2400178 2.505376e-01 4.000000e+02 4.000000e+02
2700021 2.505376e-01 4.000000e+02 4.000000e+02
3000000 2.505376e-01 4.000000e+02 4.000000e+02
1350 2.500961e-01 3.186100e+04 4.064732e+03
301184 2.500961e-01 6.980086e+02 4.646428e+02
600534 2.500961e-01 4.807161e+02 4.148544e+02
900256 2.500961e-01 4.000191e+02 4.000083e+02
1200504 2.500961e-01 4.000000e+02 4.000000e+02
1500029 2.500961e-01 4.000000e+02 4.000000e+02
1800539 2.500961e-01 4.000000e+02 4.000000e+02
2100078 2.500961e-01 4.000000e+02 4.000000e+02
2400178 2.500961e-01 4.000000e+02 4.000000e+02
2700002 2.500961e-01 4.000000e+02 4.000000e+02
3000003 2.500961e-01 4.000000e+02 4.000000e+02
1350 2.483818e-01 3.167085e+04 2.439689e+03
301184 2.483818e-01 6.990485e+02 4.766212e+02
600534 2.483818e-01 4.929151e+02 4.125692e+02
900256 2.483818e-01 4.000273e+02 4.000111e+02
1200504 2.483818e-01 4.000000e+02 4.000000e+02
1500029 2.483818e-01 4.000000e+02 4.000000e+02
1800539 2.483818e-01 4.000000e+02 4.000000e+02
2100078 2.483818e-01 4.000000e+02 4.000000e+02
2400178 2.483818e-01 4.000000e+02 4.000000e+02
2700139 2.483818e-01 4.000000e+02 4.000000e+02
3000000 2.483818e-01 4.000000e+02 4.000000e+02
1350 2.482733e-01 3.073301e+04 2.639129e+03
301184 2.482733e-01 6.991907e+02 4.886754e+02
600534 2.482733e-01 4.748417e+02 4.139031e+02
900256 2.482733e-01 4.000161e+02 4.000085e+02
1200504 2.482733e-01 4.000000e+02 4.000000e+02
1500029 2.482733e-01 4.000000e+02 4.000000e+02
1800539 2.482733e-01 4.000000e+02 4.000000e+02
2100078 2.482733e-01 4.000000e+02 4.000000e+02
2400178 2.482733e-01 4.000000e+02 4.000000e+02
2700033 2.482733e-01 4.000000e+02 4.000000e+02
3000000 2.482733e-01 4.000000e+02 4.000000e+02
1350 2.495577e-01 3.195183e+04 3.600279e+03
301184 2.495577e-01 7.033134e+02 5.002341e+02
600534 2.495577e-01 5.047987e+02 4.183374e+02
900256 2.495577e-01 4.000480e+02 4.000204e+02
1200504 2.495577e-01 4.000000e+02 4.000000e+02
1500029 2.495577e-01 4.000000e+02 4.000000e+02
1800539 2.495577e-01 4.000000e+02 4.000000e+02
2100078 2.495577e-01 4.000000e+02 4.000000e+02
2400178 2.495577e-01 4.000000e+02 4.000000e+02
2700086 2.495577e-01 4.000000e+02 4.000000e+02
3000004 2.495577e-01 4.000000e+02 4.000000e+02
1350 2.488993e-01 3.119587e+04 1.984387e+03
301184 2.488993e-01 7.017371e+02 4.806583e+02
600534 2.488993e-01 5.063265e+02 4.181538e+02
900256 2.488993e-01 4.000465e+02 4.000231e+02
1200504 2.488993e-01 4.000000e+02 4.000000e+02
1500029 2.488993e-01 4.000000e+02 4.000000e+02
1800539 2.488993e-01 4.000000e+02 4.000000e+02
2100078 2.488993e-01 4.000000e+02 4.000000e+02
2400178 2.488993e-01 4.000000e+02 4.000000e+02
2700116 2.488993e-01 4.000000e+02 4.000000e+02
3000003 2.488993e-01 4.000000e+02 4.000000e+02
1350 2.490368e-01 3.178469e+04 3.634189e+03
301184 2.490368e-01 6.934349e+02 4.855451e+02
600534 2.490368e-01 4.864411e+02 4.134497e+02
900256 2.490368e-01 4.000223e+02 4.000106e+02
1200504 2.490368e-01 4.000000e+02 4.000000e+02
1500029 2.490368e-01 4.000000e+02 4.000000e+02
1800539 2.490368e-01 4.000000e+02 4.000000e+02
2100078 2.490368e-01 4.000000e+02 4.000000e+02
2400178 2.490368e-01 4.000000e+02 4.000000e+02
2700045 2.490368e-01 4.000000e+02 4.000000e+02
3000002 2.490368e-01 4.000000e+02 4.000000e+02
1350 2.496526e-01 3.074091e+04 3.662880e+03
301184 2.496526e-01 6.912593e+02 4.870736e+02
600534 2.496526e-01 4.821216e+02 4.139192e+02
900256 2.496526e-01 4.000205e+02 4.000094e+02
1200504 2.496526e-01 4.000000e+02 4.000000e+02
1500029 2.496526e-01 4.000000e+02 4.000000e+02
1800539 2.496526e-01 4.000000e+02 4.000000e+02
2100078 2.496526e-01 4.000000e+02 4.000000e+02
2400178 2.496526e-01 4.000000e+02 4.000000e+02
2700079 2.496526e-01 4.000000e+02 4.000000e+02
3000001 2.496526e-01 4.000000e+02 4.000000e+02
1350 2.502708e-01 3.085915e+04 2.654329e+03
301184 2.502708e-01 6.887446e+02 4.793553e+02
600534 2.502708e-01 4.777394e+02 4.142389e+02
900256 2.502708e-01 4.000177e+02 4.000069e+02
1200504 2.502708e-01 4.000000e+02 4.000000e+02
1500029 2.502708e-01 4.000000e+02 4.000000e+02
1800539 2.502708e-01 4.000000e+02 4.000000e+02
2100078 2.502708e-01 4.000000e+02 4.000000e+02
2400178 2.502708e-01 4.000000e+02 4.000000e+02
2700081 2.502708e-01 4.000000e+02 4.000000e+02
3000004 2.502708e-01 4.000000e+02 4.000000e+02
1350 2.497022e-01 3.240020e+04 3.769386e+03
301184 2.497022e-01 7.002231e+02 5.006728e+02
600534 2.497022e-01 5.009587e+02 4.126525e+02
900256 2.497022e-01 4.000464e+02 4.000206e+02
1200504 2.497022e-01 4.000000e+02 4.000000e+02
1500029 2.497022e-01 4.000000e+02 4.000000e+02
1800539 2.497022e-01 4.000000e+02 4.000000e+02
2100078 2.497022e-01 4.000000e+02 4.000000e+02
2400178 2.497022e-01 4.000000e+02 4.000000e+02
2700052 2.497022e-01 4.000000e+02 4.000000e+02
3000004 2.497022e-01 4.000000e+02 4.000000e+02
1350 2.499288e-01 3.163534e+04 2.662262e+03
301184 2.499288e-01 6.940893e+02 4.787378e+02
600534 2.499288e-01 4.899015e+02 4.121198e+02
900256 2.499288e-01 4.000276e+02 4.000115e+02
1200504 2.499288e-01 4.000000e+02 4.000000e+02
1500029 2.499288e-01 4.000000e+02 4.000000e+02
1800539 2.499288e-01 4.000000e+02 4.000000e+02
2100078 2.499288e-01 4.000000e+02 4.000000e+02
2400178 2.499288e-01 4.000000e+02 4.000000e+02
2700014 2.499288e-01 4.000000e+02 4.000000e+02
3000000 2.499288e-01 4.000000e+02 4.000000e+02
1350 2.501657e-01 3.188334e+04 1.925268e+03
301184 2.501657e-01 6.906851e+02 4.941329e+02
600534 2.501657e-01 4.859356e+02 4.125544e+02
900256 2.501657e-01 4.000238e+02 4.000121e+02
1200504 2.501657e-01 4.000000e+02 4.000000e+02
1500029 2.501657e-01 4.000000e+02 4.000000e+02
1800539 2.501657e-01 4.000000e+02 4.000000e+02
2100078 2.501657e-01 4.000000e+02 4.000000e+02
2400178 2.501657e-01 4.000000e+02 4.000000e+02
2700093 2.501657e-01 4.000000e+02 4.000000e+02
3000000 2.501657e-01 4.000000e+02 4.000000e+02
1350 2.514127e-01 3.211531e+04 2.574442e+03
301184 2.514127e-01 7.020188e+02 4.936914e+02
600534 2.514127e-01 5.040951e+02 4.169951e+02
900256 2.514127e-01 4.000520e+02 4.000239e+02
1200504 2.514127e-01 4.000000e+02 4.000000e+02
1500029 2.514127e-01 4.000000e+02 4.000000e+02
1800539 2.514127e-01 4.000000e+02 4.000000e+02
2100078 2.514127e-01 4.000000e+02 4.000000e+02
2400178 2.514127e-01 4.000000e+02 4.000000e+02
2700087 2.514127e-01 4.000000e+02 4.000000e+02
3000000 2.514127e-01 4.000000e+02 4.000000e+02
1350 2.488899e-01 3.085562e+04 2.611366e+03
301184 2.488899e-01 6.903003e+02 4.854993e+02
600534 2.488899e-01 4.735434e+02 4.143313e+02
900256 2.488899e-01 4.000157e+02 4.000071e+02
1200504 2.488899e-01 4.000000e+02 4.000000e+02
1500029 2.488899e-01 4.000000e+02 4.000000e+02
1800539 2.488899e-01 4.000000e+02 4.000000e+02
2100078 2.488899e-01 4.000000e+02 4.000000e+02
2400178 2.488899e-01 4.000000e+02 4.000000e+02
2700132 2.488899e-01 4.000000e+02 4.000000e+02
3000002 2.488899e-01 4.000000e+02 4.000000e+02
1350 2.507241e-01 3.184194e+04 2.864196e+03
301184 2.507241e-01 7.022218e+02 4.658420e+02
600534 2.507241e-01 5.067712e+02 4.113211e+02
900256 2.507241e-01 4.000468e+02 4.000222e+02
1200504 2.507241e-01 4.000000e+02 4.000000e+02
1500029 2.507241e-01 4.000000e+02 4.000000e+02
1800539 2.507241e-01 4.000000e+02 4.000000e+02
2100078 2.507241e-01 4.000000e+02 4.000000e+02
2400178 2.507241e-01 4.000000e+02 4.000000e+02
2700103 2.507241e-01 4.000000e+02 4.000000e+02
2999972 2.509098e-01 4.000000e+02 4.000000e+02
1350 2.500212e-01 3.228002e+04 2.065223e+03
301184 2.500212e-01 7.003996e+02 4.832388e+02
600534 2.500212e-01 5.053556e+02 4.156018e+02
900256 2.500212e-01 4.000407e+02 4.000192e+02
1200504 2.500212e-01 4.000000e+02 4.000000e+02
1500029 2.500212e-01 4.000000e+02 4.000000e+02
1800539 2.500212e-01 4.000000e+02 4.000000e+02
2100078 2.500212e-01 4.000000e+02 4.000000e+02
2400178 2.500212e-01 4.000000e+02 4.000000e+02
2700014 2.500212e-01 4.000000e+02 4.000000e+02
3000000 2.500212e-01 4.000000e+02 4.000000e+02
1350 2.508352e-01 3.146992e+04 3.019522e+03
301184 2.508352e-01 6.908773e+02 4.695320e+02
600534 2.508352e-01 4.735847e+02 4.132850e+02
900256 2.508352e-01 4.000165e+02 4.000081e+02
1200504 2.508352e-01 4.000000e+02 4.000000e+02
1500029 2.508352e-01 4.000000e+02 4.000000e+02
1800539 2.508352e-01 4.000000e+02 4.000000e+02
2100078 2.508352e-01 4.000000e+02 4.000000e+02
2400178 2.508352e-01 4.000000e+02 4.000000e+02
2700053 2.508352e-01 4.000000e+02 4.000000e+02
3000000 2.508352e-01 4.000000e+02 4.000000e+02
1350 2.499370e-01 3.246652e+04 1.508084e+03
301184 2.499370e-01 7.001925e+02 4.927024e+02
600534 2.499370e-01 4.968347e+02 4.142483e+02
900256 2.499370e-01 4.000279e+02 4.000119e+02
1200504 2.499370e-01 4.000000e+02 4.000000e+02
1500029 2.499370e-01 4.000000e+02 4.000000e+02
1800539 2.499370e-01 4.000000e+02 4.000000e+02
2100078 2.499370e-01 4.000000e+02 4.000000e+02
2400178 2.499370e-01 4.000000e+02 4.000000e+02
2700033 2.499370e-01 4.000000e+02 4.000000e+02
3000003 2.499370e-01 4.000000e+02 4.000000e+02
1350 2.505661e-01 3.115602e+04 3.344499e+03
301184 2.505661e-01 6.970592e+02 4.749458e+02
600534 2.505661e-01 4.776419e+02 4.126597e+02
900256 2.505661e-01 4.000170e+02 4.000086e+02
1200504 2.505661e-01 4.000000e+02 4.000000e+02
1500029 2.505661e-01 4.000000e+02 4.000000e+02
1800539 2.505661e-01 4.000000e+02 4.000000e+02
2100078 2.505661e-01 4.000000e+02 4.000000e+02
2400178 2.505661e-01 4.000000e+02 4.000000e+02
2700085 2.505661e-01 4.000000e+02 4.000000e+02
2999942 2.507517e-01 4.000000e+02 4.000000e+02
4.00e+02 (0.00e+00): 
4.000000e+02 4.000000e+02 4.000000e+02 4.000000e+02 4.000000e+02 4.000000e+02 4.000000e+02 4.000000e+02 4.000000e+02 4.000000e+02 4.000000e+02 4.000000e+02 4.000000e+02 4.000000e+02 4.000000e+02 4.000000e+02 4.000000e+02 4.000000e+02 4.000000e+02 4.000000e+02 4.000000e+02 4.000000e+02 4.000000e+02 4.000000e+02 4.000000e+02 4.000000e+02 4.000000e+02 4.000000e+02 4.000000e+02 4.000000e+02 1350 2.496311e-01 3.103517e+04 2.924674e+03
301184 2.496311e-01 6.962008e+02 4.801951e+02
600534 2.496311e-01 5.543873e+02 4.234152e+02
900256 2.496311e-01 4.006719e+02 4.002846e+02
1200504 2.496311e-01 4.000000e+02 4.000000e+02
1500029 2.496311e-01 4.000000e+02 4.000000e+02
1800539 2.496311e-01 4.000000e+02 4.000000e+02
2100078 2.496311e-01 4.000000e+02 4.000000e+02
2400178 2.496311e-01 4.000000e+02 4.000000e+02
2700119 2.496311e-01 4.000000e+02 4.000000e+02
3000004 2.496311e-01 4.000000e+02 4.000000e+02
1350 2.507014e-01 3.184237e+04 3.033607e+03
301184 2.507014e-01 6.842173e+02 4.643205e+02
600534 2.507014e-01 5.136178e+02 4.149350e+02
900256 2.507014e-01 4.000625e+02 4.000289e+02
1200504 2.507014e-01 4.000000e+02 4.000000e+02
1500029 2.507014e-01 4.000000e+02 4.000000e+02
1800539 2.507014e-01 4.000000e+02 4.000000e+02
2100078 2.507014e-01 4.000000e+02 4.000000e+02
2400178 2.507014e-01 4.000000e+02 4.000000e+02
2700107 2.507014e-01 4.000000e+02 4.000000e+02
3000001 2.507014e-01 4.000000e+02 4.000000e+02
1350 2.501181e-01 3.168358e+04 2.246417e+03
301184 2.501181e-01 6.833409e+02 4.566362e+02
600534 2.501181e-01 5.065712e+02 4.122207e+02
900256 2.501181e-01 4.000326e+02 4.000166e+02
1200504 2.501181e-01 4.000000e+02 4.000000e+02
1500029 2.501181e-01 4.000000e+02 4.000000e+02
1800539 2.501181e-01 4.000000e+02 4.000000e+02
2100078 2.501181e-01 4.000000e+02 4.000000e+02
2400178 2.501181e-01 4.000000e+02 4.000000e+02
2700079 2.501181e-01 4.000000e+02 4.000000e+02
3000001 2.501181e-01 4.000000e+02 4.000000e+02
1350 2.517018e-01 3.166576e+04 1.977322e+03
301184 2.517018e-01 6.959077e+02 4.960711e+02
600534 2.517018e-01 5.325423e+02 4.154759e+02
900256 2.517018e-01 4.001466e+02 4.000637e+02
1200504 2.517018e-01 4.000000e+02 4.000000e+02
1500029 2.517018e-01 4.000000e+02 4.000000e+02
1800539 2.517018e-01 4.000000e+02 4.000000e+02
2100078 2.517018e-01 4.000000e+02 4.000000e+02
2400178 2.517018e-01 4.000000e+02 4.000000e+02
2700068 2.517018e-01 4.000000e+02 4.000000e+02
3000005 2.517018e-01 4.000000e+02 4.000000e+02
1350 2.491333e-01 3.062930e+04 2.725075e+03
301184 2.491333e-01 6.927452e+02 4.806498e+02
600534 2.491333e-01 5.346404e+02 4.150655e+02
900256 2.491333e-01 4.002388e+02 4.000954e+02
1200504 2.491333e-01 4.000000e+02 4.000000e+02
1500029 2.491333e-01 4.000000e+02 4.000000e+02
1800539 2.491333e-01 4.000000e+02 4.000000e+02
2100078 2.491333e-01 4.000000e+02 4.000000e+02
2400178 2.491333e-01 4.000000e+02 4.000000e+02
2700129 2.491333e-01 4.000000e+02 4.000000e+02
3000001 2.491333e-01 4.000000e+02 4.000000e+02
1350 2.489672e-01 3.128433e+04 2.670718e+03
301184 2.489672e-01 6.807917e+02 4.569320e+02
600534 2.489672e-01 5.219655e+02 4.155700e+02
900256 2.489672e-01 4.001030e+02 4.000419e+02
1200504 2.489672e-01 4.000000e+02 4.000000e+02
1500029 2.489672e-01 4.000000e+02 4.000000e+02
1800539 2.489672e-01 4.000000e+02 4.000000e+02
2100078 2.489672e-01 4.000000e+02 4.000000e+02
2400178 2.489672e-01 4.000000e+02 4.000000e+02
2700124 2.489672e-01 4.000000e+02 4.000000e+02
3000002 2.489672e-01 4.000000e+02 4.000000e+02
1350 2.511932e-01 3.127377e+04 2.633380e+03
301184 2.511932e-01 6.950227e+02 4.767572e+02
600534 2.511932e-01 5.369127e+02 4.180146e+02
900256 2.511932e-01 4.002316e+02 4.001017e+02
1200504 2.511932e-01 4.000000e+02 4.000000e+02
1500029 2.511932e-01 4.000000e+02 4.000000e+02
1800539 2.511932e-01 4.000000e+02 4.000000e+02
2100078 2.511932e-01 4.000000e+02 4.000000e+02
2400178 2.511932e-01 4.000000e+02 4.000000e+02
2700058 2.511932e-01 4.000000e+02 4.000000e+02
3000000 2.511932e-01 4.000000e+02 4.000000e+02
1350 2.485633e-01 3.234930e+04 3.321017e+03
301184 2.485633e-01 6.866579e+02 4.646593e+02
600534 2.485633e-01 5.117476e+02 4.116210e+02
900256 2.485633e-01 4.000582e+02 4.000177e+02
1200504 2.485633e-01 4.000000e+02 4.000000e+02
1500029 2.485633e-01 4.000000e+02 4.000000e+02
1800539 2.485633e-01 4.000000e+02 4.000000e+02
2100078 2.485633e-01 4.000000e+02 4.000000e+02
2400178 2.485633e-01 4.000000e+02 4.000000e+02
2700129 2.485633e-01 4.000000e+02 4.000000e+02
3000000 2.485633e-01 4.000000e+02 4.000000e+02
1350 2.501132e-01 3.119719e+04 3.347669e+03
301184 2.501132e-01 6.827564e+02 4.426938e+02
600534 2.501132e-01 5.196575e+02 4.125558e+02
900256 2.501132e-01 4.000918e+02 4.000318e+02
1200504 2.501132e-01 4.000000e+02 4.000000e+02
1500029 2.501132e-01 4.000000e+02 4.000000e+02
1800539 2.501132e-01 4.000000e+02 4.000000e+02
2100078 2.501132e-01 4.000000e+02 4.000000e+02
2400178 2.501132e-01 4.000000e+02 4.000000e+02
2700091 2.501132e-01 4.000000e+02 4.000000e+02
3000004 2.501132e-01 4.000000e+02 4.000000e+02
1350 2.517194e-01 3.299446e+04 3.460329e+03
301184 2.517194e-01 6.897043e+02 4.891814e+02
600534 2.517194e-01 5.217822e+02 4.205259e+02
900256 2.517194e-01 4.000651e+02 4.000303e+02
1200504 2.517194e-01 4.000000e+02 4.000000e+02
1500029 2.517194e-01 4.000000e+02 4.000000e+02
1800539 2.517194e-01 4.000000e+02 4.000000e+02
2100078 2.517194e-01 4.000000e+02 4.000000e+02
2400178 2.517194e-01 4.000000e+02 4.000000e+02
2700079 2.517194e-01 4.000000e+02 4.000000e+02
3000000 2.517194e-01 4.000000e+02 4.000000e+02
1350 2.508205e-01 3.192289e+04 4.120043e+03
301184 2.508205e-01 6.807564e+02 4.727225e+02
600534 2.508205e-01 5.239278e+02 4.175907e+02
900256 2.508205e-01 4.001227e+02 4.000446e+02
1200504 2.508205e-01 4.000000e+02 4.000000e+02
1500029 2.508205e-01 4.000000e+02 4.000000e+02
1800539 2.508205e-01 4.000000e+02 4.000000e+02
2100078 2.508205e-01 4.000000e+02 4.000000e+02
2400178 2.508205e-01 4.000000e+02 4.000000e+02
2700107 2.508205e-01 4.000000e+02 4.000000e+02
3000005 2.508205e-01 4.000000e+02 4.000000e+02
1350 2.505376e-01 3.167593e+04 3.669444e+03
301184 2.505376e-01 7.071979e+02 4.805526e+02
600534 2.505376e-01 5.519255e+02 4.222979e+02
900256 2.505376e-01 4.004800e+02 4.002153e+02
1200504 2.505376e-01 4.000000e+02 4.000000e+02
1500029 2.505376e-01 4.000000e+02 4.000000e+02
1800539 2.505376e-01 4.000000e+02 4.000000e+02
2100078 2.505376e-01 4.000000e+02 4.000000e+02
2400178 2.505376e-01 4.000000e+02 4.000000e+02
2700030 2.505376e-01 4.000000e+02 4.000000e+02
2999962 2.507231e-01 4.000000e+02 4.000000e+02
1350 2.500961e-01 3.186100e+04 4.064732e+03
301184 2.500961e-01 6.937557e+02 4.763214e+02
600534 2.500961e-01 5.324666e+02 4.147047e+02
900256 2.500961e-01 4.001619e+02 4.000759e+02
1200504 2.500961e-01 4.000000e+02 4.000000e+02
1500029 2.500961e-01 4.000000e+02 4.000000e+02
1800539 2.500961e-01 4.000000e+02 4.000000e+02
2100078 2.500961e-01 4.000000e+02 4.000000e+02
2400178 2.500961e-01 4.000000e+02 4.000000e+02
2700045 2.500961e-01 4.000000e+02 4.000000e+02
3000005 2.500961e-01 4.000000e+02 4.000000e+02
1350 2.483818e-01 3.167085e+04 2.439689e+03
301184 2.483818e-01 6.810517e+02 4.572352e+02
600534 2.483818e-01 4.993578e+02 4.134769e+02
900256 2.483818e-01 4.000270e+02 4.000133e+02
1200504 2.483818e-01 4.000000e+02 4.000000e+02
1500029 2.483818e-01 4.000000e+02 4.000000e+02
1800539 2.483818e-01 4.000000e+02 4.000000e+02
2100078 2.483818e-01 4.000000e+02 4.000000e+02
2400178 2.483818e-01 4.000000e+02 4.000000e+02
2700084 2.483818e-01 4.000000e+02 4.000000e+02
3000002 2.483818e-01 4.000000e+02 4.000000e+02
1350 2.482733e-01 3.073301e+04 2.639129e+03
301184 2.482733e-01 6.872298e+02 4.593591e+02
600534 2.482733e-01 5.098711e+02 4.128541e+02
900256 2.482733e-01 4.000461e+02 4.000237e+02
1200504 2.482733e-01 4.000000e+02 4.000000e+02
1500029 2.482733e-01 4.000000e+02 4.000000e+02
1800539 2.482733e-01 4.000000e+02 4.000000e+02
2100078 2.482733e-01 4.000000e+02 4.000000e+02
2400178 2.482733e-01 4.000000e+02 4.000000e+02
2700034 2.482733e-01 4.000000e+02 4.000000e+02
3000001 2.482733e-01 4.000000e+02 4.000000e+02
1350 2.495577e-01 3.195183e+04 3.600279e+03
301184 2.495577e-01 6.986265e+02 4.377889e+02
600534 2.495577e-01 5.481219e+02 4.107959e+02
900256 2.495577e-01 4.004278e+02 4.001870e+02
1200504 2.495577e-01 4.000000e+02 4.000000e+02
1500029 2.495577e-01 4.000000e+02 4.000000e+02
1800539 2.495577e-01 4.000000e+02 4.000000e+02
2100078 2.495577e-01 4.000000e+02 4.000000e+02
2400178 2.495577e-01 4.000000e+02 4.000000e+02
2700138 2.495577e-01 4.000000e+02 4.000000e+02
3000002 2.495577e-01 4.000000e+02 4.000000e+02
1350 2.488993e-01 3.119587e+04 1.984387e+03
301184 2.488993e-01 6.886963e+02 4.770760e+02
600534 2.488993e-01 5.391704e+02 4.186097e+02
900256 2.488993e-01 4.002001e+02 4.000880e+02
1200504 2.488993e-01 4.000000e+02 4.000000e+02
1500029 2.488993e-01 4.000000e+02 4.000000e+02
1800539 2.488993e-01 4.000000e+02 4.000000e+02
2100078 2.488993e-01 4.000000e+02 4.000000e+02
2400178 2.488993e-01 4.000000e+02 4.000000e+02
2700059 2.488993e-01 4.000000e+02 4.000000e+02
3000001 2.488993e-01 4.000000e+02 4.000000e+02
1350 2.490368e-01 3.178469e+04 3.634189e+03
301184 2.490368e-01 6.928172e+02 4.434099e+02
600534 2.490368e-01 5.211579e+02 4.209499e+02
900256 2.490368e-01 4.000620e+02 4.000289e+02
1200504 2.490368e-01 4.000000e+02 4.000000e+02
1500029 2.490368e-01 4.000000e+02 4.000000e+02
1800539 2.490368e-01 4.000000e+02 4.000000e+02
2100078 2.490368e-01 4.000000e+02 4.000000e+02
2400178 2.490368e-01 4.000000e+02 4.000000e+02
2700128 2.490368e-01 4.000000e+02 4.000000e+02
3000001 2.490368e-01 4.000000e+02 4.000000e+02
1350 2.496526e-01 3.074091e+04 3.662880e+03
301184 2.496526e-01 6.851526e+02 4.687966e+02
600534 2.496526e-01 5.133946e+02 4.149675e+02
900256 2.496526e-01 4.000556e+02 4.000173e+02
1200504 2.496526e-01 4.000000e+02 4.000000e+02
1500029 2.496526e-01 4.000000e+02 4.000000e+02
1800539 2.496526e-01 4.000000e+02 4.000000e+02
2100078 2.496526e-01 4.000000e+02 4.000000e+02
2400178 2.496526e-01 4.000000e+02 4.000000e+02
2700010 2.496526e-01 4.000000e+02 4.000000e+02
3000001 2.496526e-01 4.000000e+02 4.000000e+02
1350 2.502708e-01 3.085915e+04 2.654329e+03
301184 2.502708e-01 6.810280e+02 4.791534e+02
600534 2.502708e-01 5.153111e+02 4.130731e+02
900256 2.502708e-01 4.000803e+02 4.000382e+02
1200504 2.502708e-01 4.000000e+02 4.000000e+02
1500029 2.502708e-01 4.000000e+02 4.000000e+02
1800539 2.502708e-01 4.000000e+02 4.000000e+02
2100078 2.502708e-01 4.000000e+02 4.000000e+02
2400178 2.502708e-01 4.000000e+02 4.000000e+02
2700076 2.502708e-01 4.000000e+02 4.000000e+02
3000001 2.502708e-01 4.000000e+02 4.000000e+02
1350 2.497022e-01 3.240020e+04 3.769386e+03
301184 2.497022e-01 6.896484e+02 4.719513e+02
600534 2.497022e-01 5.248245e+02 4.171592e+02
900256 2.497022e-01 4.001017e+02 4.000443e+02
1200504 2.497022e-01 4.000000e+02 4.000000e+02
1500029 2.497022e-01 4.000000e+02 4.000000e+02
1800539 2.497022e-01 4.000000e+02 4.000000e+02
2100078 2.497022e-01 4.000000e+02 4.000000e+02
2400178 2.497022e-01 4.000000e+02 4.000000e+02
2700121 2.497022e-01 4.000000e+02 4.000000e+02
3000002 2.497022e-01 4.000000e+02 4.000000e+02
1350 2.499288e-01 3.163534e+04 2.662262e+03
301184 2.499288e-01 6.928335e+02 4.512910e+02
600534 2.499288e-01 5.305620e+02 4.122382e+02
900256 2.499288e-01 4.001231e+02 4.000541e+02
1200504 2.499288e-01 4.000000e+02 4.000000e+02
1500029 2.499288e-01 4.000000e+02 4.000000e+02
1800539 2.499288e-01 4.000000e+02 4.000000e+02
2100078 2.499288e-01 4.000000e+02 4.000000e+02
2400178 2.499288e-01 4.000000e+02 4.000000e+02
2700044 2.499288e-01 4.000000e+02 4.000000e+02
3000002 2.499288e-01 4.000000e+02 4.000000e+02
1350 2.501657e-01 3.188334e+04 1.925268e+03
301184 2.501657e-01 6.831263e+02 4.442391e+02
600534 2.501657e-01 5.265292e+02 4.142646e+02
900256 2.501657e-01 4.001111e+02 4.000471e+02
1200504 2.501657e-01 4.000000e+02 4.000000e+02
1500029 2.501657e-01 4.000000e+02 4.000000e+02
1800539 2.501657e-01 4.000000e+02 4.000000e+02
2100078 2.501657e-01 4.000000e+02 4.000000e+02
2400178 2.501657e-01 4.000000e+02 4.000000e+02
2700004 2.501657e-01 4.000000e+02 4.000000e+02
2999950 2.503510e-01 4.000000e+02 4.000000e+02
1350 2.514127e-01 3.211531e+04 2.574442e+03
301184 2.514127e-01 6.881489e+02 4.457323e+02
600534 2.514127e-01 5.169724e+02 4.102810e+02
900256 2.514127e-01 4.000641e+02 4.000255e+02
1200504 2.514127e-01 4.000000e+02 4.000000e+02
1500029 2.514127e-01 4.000000e+02 4.000000e+02
1800539 2.514127e-01 4.000000e+02 4.000000e+02
2100078 2.514127e-01 4.000000e+02 4.000000e+02
2400178 2.514127e-01 4.000000e+02 4.000000e+02
2700020 2.514127e-01 4.000000e+02 4.000000e+02
3000003 2.514127e-01 4.000000e+02 4.000000e+02
1350 2.488899e-01 3.085562e+04 2.611366e+03
301184 2.488899e-01 6.885570e+02 4.299940e+02
600534 2.488899e-01 5.283065e+02 4.115744e+02
900256 2.488899e-01 4.001333e+02 4.000623e+02
1200504 2.488899e-01 4.000000e+02 4.000000e+02
1500029 2.488899e-01 4.000000e+02 4.000000e+02
1800539 2.488899e-01 4.000000e+02 4.000000e+02
2100078 2.488899e-01 4.000000e+02 4.000000e+02
2400178 2.488899e-01 4.000000e+02 4.000000e+02
2700059 2.488899e-01 4.000000e+02 4.000000e+02
3000003 2.488899e-01 4.000000e+02 4.000000e+02
1350 2.507241e-01 3.184194e+04 2.864196e+03
301184 2.507241e-01 6.943021e+02 4.698299e+02
600534 2.507241e-01 5.294178e+02 4.121854e+02
900256 2.507241e-01 4.001311e+02 4.000584e+02
1200504 2.507241e-01 4.000000e+02 4.000000e+02
1500029 2.507241e-01 4.000000e+02 4.000000e+02
1800539 2.507241e-01 4.000000e+02 4.000000e+02
2100078 2.507241e-01 4.000000e+02 4.000000e+02
2400178 2.507241e-01 4.000000e+02 4.000000e+02
2700037 2.507241e-01 4.000000e+02 4.000000e+02
3000002 2.507241e-01 4.000000e+02 4.000000e+02
1350 2.500212e-01 3.228002e+04 2.065223e+03
301184 2.500212e-01 6.951203e+02 4.673999e+02
600534 2.500212e-01 5.409644e+02 4.180078e+02
900256 2.500212e-01 4.002440e+02 4.001000e+02
1200504 2.500212e-01 4.000000e+02 4.000000e+02
1500029 2.500212e-01 4.000000e+02 4.000000e+02
1800539 2.500212e-01 4.000000e+02 4.000000e+02
2100078 2.500212e-01 4.000000e+02 4.000000e+02
2400178 2.500212e-01 4.000000e+02 4.000000e+02
2700133 2.500212e-01 4.000000e+02 4.000000e+02
3000005 2.500212e-01 4.000000e+02 4.000000e+02
1350 2.508352e-01 3.146992e+04 3.019522e+03
301184 2.508352e-01 6.796055e+02 4.668694e+02
600534 2.508352e-01 5.193810e+02 4.156041e+02
900256 2.508352e-01 4.000754e+02 4.000368e+02
1200504 2.508352e-01 4.000000e+02 4.000000e+02
1500029 2.508352e-01 4.000000e+02 4.000000e+02
1800539 2.508352e-01 4.000000e+02 4.000000e+02
2100078 2.508352e-01 4.000000e+02 4.000000e+02
2400178 2.508352e-01 4.000000e+02 4.000000e+02
2700082 2.508352e-01 4.000000e+02 4.000000e+02
3000003 2.508352e-01 4.000000e+02 4.000000e+02
1350 2.499370e-01 3.246652e+04 1.508084e+03
301184 2.499370e-01 6.826911e+02 4.427979e+02
600534 2.499370e-01 5.228456e+02 4.146768e+02
900256 2.499370e-01 4.001016e+02 4.000458e+02
1200504 2.499370e-01 4.000000e+02 4.000000e+02
1500029 2.499370e-01 4.000000e+02 4.000000e+02
1800539 2.499370e-01 4.000000e+02 4.000000e+02
2100078 2.499370e-01 4.000000e+02 4.000000e+02
2400178 2.499370e-01 4.000000e+02 4.000000e+02
2700093 2.499370e-01 4.000000e+02 4.000000e+02
3000004 2.499370e-01 4.000000e+02 4.000000e+02
1350 2.505661e-01 3.115602e+04 3.344499e+03
301184 2.505661e-01 6.792038e+02 4.721413e+02
600534 2.505661e-01 5.164538e+02 4.123515e+02
900256 2.505661e-01 4.000653e+02 4.000293e+02
1200504 2.505661e-01 4.000000e+02 4.000000e+02
1500029 2.505661e-01 4.000000e+02 4.000000e+02
1800539 2.505661e-01 4.000000e+02 4.000000e+02
2100078 2.505661e-01 4.000000e+02 4.000000e+02
2400178 2.505661e-01 4.000000e+02 4.000000e+02
2700116 2.505661e-01 4.000000e+02 4.000000e+02
3000001 2.505661e-01 4.000000e+02 4.000000e+02
4.00e+02 (0.00e+00): 
4.000000e+02 4.000000e+02 4.000000e+02 4.000000e+02 4.000000e+02 4.000000e+02 4.000000e+02 4.000000e+02 4.000000e+02 4.000000e+02 4.000000e+02 4.000000e+02 4.000000e+02 4.000000e+02 4.000000e+02 4.000000e+02 4.000000e+02 4.000000e+02 4.000000e+02 4.000000e+02 4.000000e+02 4.000000e+02 4.000000e+02 4.000000e+02 4.000000e+02 4.000000e+02 4.000000e+02 4.000000e+02 4.000000e+02 4.000000e+02 1350 2.496311e-01 3.103517e+04 2.924674e+03
300146 2.496311e-01 7.312372e+02 3.000018e+02
600760 2.496311e-01 5.395754e+02 3.000018e+02
900518 2.496311e-01 4.004217e+02 3.000018e+02
1200258 2.496311e-01 3.997540e+02 3.000015e+02
1500125 2.496311e-01 3.861673e+02 3.000013e+02
1800226 2.496311e-01 3.016545e+02 3.000000e+02
2100237 2.496311e-01 3.000000e+02 3.000000e+02
2400085 2.496311e-01 3.000000e+02 3.000000e+02
2700107 2.496311e-01 3.000000e+02 3.000000e+02
3000000 2.496311e-01 3.000000e+02 3.000000e+02
1350 2.507014e-01 3.184237e+04 3.033607e+03
300298 2.507014e-01 7.274645e+02 1.051017e+02
600903 2.507014e-01 5.383510e+02 1.051017e+02
900620 2.507014e-01 3.999144e+02 1.051017e+02
1200400 2.507014e-01 3.985491e+02 1.050944e+02
1500186 2.507014e-01 3.250977e+02 1.028112e+02
1800408 2.507014e-01 1.002006e+02 1.001080e+02
2100318 2.507014e-01 1.000334e+02 1.000170e+02
2400197 2.507014e-01 1.000045e+02 1.000026e+02
2700076 2.507014e-01 1.000006e+02 1.000003e+02
2999943 2.508872e-01 1.000002e+02 1.000002e+02
1350 2.501181e-01 3.168358e+04 2.246417e+03
300022 2.501181e-01 7.377260e+02 1.000302e+02
600362 2.501181e-01 5.690820e+02 1.000302e+02
900783 2.501181e-01 4.008475e+02 1.000302e+02
1200309 2.501181e-01 3.968028e+02 1.000233e+02
1500005 2.501181e-01 3.485554e+02 1.000072e+02
1800301 2.501181e-01 1.000091e+02 1.000062e+02
2100408 2.501181e-01 1.000047e+02 1.000032e+02
2400126 2.501181e-01 1.000017e+02 1.000010e+02
2700127 2.501181e-01 1.000005e+02 1.000002e+02
3000004 2.501181e-01 1.000001e+02 1.000001e+02
1350 2.517018e-01 3.166576e+04 1.977322e+03
302540 2.517018e-01 7.114692e+02 4.000000e+02
600743 2.517018e-01 5.284277e+02 4.000000e+02
900023 2.517018e-01 4.002190e+02 4.000000e+02
1200421 2.517018e-01 4.000000e+02 4.000000e+02
1500268 2.517018e-01 4.000000e+02 4.000000e+02
1800015 2.517018e-01 4.000000e+02 4.000000e+02
2100022 2.517018e-01 4.000000e+02 4.000000e+02
2400187 2.517018e-01 4.000000e+02 4.000000e+02
2700052 2.517018e-01 4.000000e+02 4.000000e+02
2999994 2.518882e-01 4.000000e+02 4.000000e+02
1350 2.491333e-01 3.062930e+04 2.725075e+03
302861 2.491333e-01 7.331580e+02 2.000028e+02
600057 2.491333e-01 5.469174e+02 2.000028e+02
900862 2.491333e-01 4.001536e+02 2.000028e+02
1200216 2.491333e-01 3.997540e+02 2.000028e+02
1500631 2.491333e-01 3.897357e+02 2.000027e+02
1800344 2.491333e-01 2.003678e+02 2.000001e+02
2100204 2.491333e-01 2.000000e+02 2.000000e+02
2400007 2.491333e-01 2.000000e+02 2.000000e+02
2700043 2.491333e-01 2.000000e+02 2.000000e+02
3000003 2.491333e-01 2.000000e+02 2.000000e+02
1350 2.489672e-01 3.128433e+04 2.670718e+03
300075 2.489672e-01 7.338569e+02 3.000007e+02
600803 2.489672e-01 5.434714e+02 3.000007e+02
900535 2.489672e-01 4.002504e+02 3.000007e+02
1200115 2.489672e-01 3.981771e+02 3.000006e+02
1500224 2.489672e-01 3.647098e+02 3.000000e+02
1800482 2.489672e-01 3.000000e+02 3.000000e+02
2100137 2.489672e-01 3.000000e+02 3.000000e+02
2400105 2.489672e-01 3.000000e+02 3.000000e+02
2700132 2.489672e-01 3.000000e+02 3.000000e+02
3000001 2.489672e-01 3.000000e+02 3.000000e+02
1350 2.511932e-01 3.127377e+04 2.633380e+03
300010 2.511932e-01 7.480505e+02 3.000004e+02
600820 2.511932e-01 5.535593e+02 3.000004e+02
900557 2.511932e-01 4.005784e+02 3.000004e+02
1200080 2.511932e-01 3.990162e+02 3.000004e+02
1500553 2.511932e-01 3.911677e+02 3.000002e+02
1800354 2.511932e-01 3.000000e+02 3.000000e+02
2100174 2.511932e-01 3.000000e+02 3.000000e+02
2400038 2.511932e-01 3.000000e+02 3.000000e+02
2700015 2.511932e-01 3.000000e+02 3.000000e+02
2999944 2.513792e-01 3.000000e+02 3.000000e+02
1350 2.485633e-01 3.234930e+04 3.321017e+03
301175 2.485633e-01 7.520747e+02 3.000022e+02
600070 2.485633e-01 5.756171e+02 3.000022e+02
900809 2.485633e-01 4.019941e+02 3.000022e+02
1200578 2.485633e-01 3.996316e+02 3.000022e+02
1500502 2.485633e-01 3.920362e+02 3.000018e+02
1800039 2.485633e-01 3.053314e+02 3.000000e+02
2100089 2.485633e-01 3.000000e+02 3.000000e+02
2400048 2.485633e-01 3.000000e+02 3.000000e+02
2700083 2.485633e-01 3.000000e+02 3.000000e+02
3000002 2.485633e-01 3.000000e+02 3.000000e+02
1350 2.501132e-01 3.119719e+04 3.347669e+03
300517 2.501132e-01 7.442820e+02 1.001886e+02
600157 2.501132e-01 5.490936e+02 1.001886e+02
900886 2.501132e-01 3.999044e+02 1.001886e+02
1200229 2.501132e-01 3.977874e+02 1.001886e+02
1500021 2.501132e-01 3.204982e+02 1.001605e+02
1800466 2.501132e-01 1.001265e+02 1.000787e+02
2100011 2.501132e-01 1.000331e+02 1.000190e+02
2400241 2.501132e-01 1.000050e+02 1.000026e+02
2700092 2.501132e-01 1.000007e+02 1.000003e+02
3000003 2.501132e-01 1.000002e+02 1.000002e+02
1350 2.517194e-01 3.299446e+04 3.460329e+03
300254 2.517194e-01 7.133519e+02 4.000000e+02
600734 2.517194e-01 5.506912e+02 4.000000e+02
900136 2.517194e-01 4.006032e+02 4.000000e+02
1200682 2.517194e-01 4.000000e+02 4.000000e+02
1500422 2.517194e-01 4.000000e+02 4.000000e+02
1800180 2.517194e-01 4.000000e+02 4.000000e+02
2100141 2.517194e-01 4.000000e+02 4.000000e+02
2400215 2.517194e-01 4.000000e+02 4.000000e+02
2700125 2.517194e-01 4.000000e+02 4.000000e+02
2999954 2.519059e-01 4.000000e+02 4.000000e+02
1350 2.508205e-01 3.192289e+04 4.120043e+03
300658 2.508205e-01 7.245728e+02 1.002362e+02
600125 2.508205e-01 5.441045e+02 1.002362e+02
900874 2.508205e-01 3.994661e+02 1.002362e+02
1200611 2.508205e-01 3.972866e+02 1.002362e+02
1500350 2.508205e-01 3.015349e+02 1.002072e+02
1800061 2.508205e-01 1.001133e+02 1.000719e+02
2100313 2.508205e-01 1.000270e+02 1.000118e+02
2400079 2.508205e-01 1.000038e+02 1.000024e+02
2700027 2.508205e-01 1.000007e+02 1.000002e+02
3000003 2.508205e-01 1.000002e+02 1.000002e+02
1350 2.505376e-01 3.167593e+04 3.669444e+03
300097 2.505376e-01 7.331702e+02 1.003582e+02
600554 2.505376e-01 5.615688e+02 1.003582e+02
900862 2.505376e-01 4.017550e+02 1.003582e+02
1200338 2.505376e-01 3.987725e+02 1.003582e+02
1500561 2.505376e-01 3.732871e+02 1.003379e+02
1800034 2.505376e-01 1.002612e+02 1.001670e+02
2100259 2.505376e-01 1.000491e+02 1.000278e+02
2400120 2.505376e-01 1.000067e+02 1.000038e+02
2700045 2.505376e-01 1.000007e+02 1.000003e+02
2999957 2.507231e-01 1.000002e+02 1.000002e+02
1350 2.500961e-01 3.186100e+04 4.064732e+03
300539 2.500961e-01 7.275721e+02 1.000848e+02
600605 2.500961e-01 5.345555e+02 1.000848e+02
900517 2.500961e-01 3.999513e+02 1.000848e+02
1200288 2.500961e-01 3.977870e+02 1.000821e+02
1500620 2.500961e-01 3.412744e+02 1.000642e+02
1800352 2.500961e-01 1.000566e+02 1.000455e+02
2100042 2.500961e-01 1.000298e+02 1.000203e+02
2400128 2.500961e-01 1.000055e+02 1.000036e+02
2700029 2.500961e-01 1.000006e+02 1.000002e+02
3000005 2.500961e-01 1.000001e+02 1.000001e+02
1350 2.483818e-01 3.167085e+04 2.439689e+03
301669 2.483818e-01 7.165657e+02 1.012353e+02
600780 2.483818e-01 5.433355e+02 1.012353e+02
900445 2.483818e-01 4.000997e+02 1.012353e+02
1200742 2.483818e-01 3.996321e+02 1.012276e+02
1500377 2.483818e-01 3.681665e+02 1.012219e+02
1800257 2.483818e-01 1.002503e+02 1.001361e+02
2100098 2.483818e-01 1.000379e+02 1.000185e+02
2400135 2.483818e-01 1.000051e+02 1.000028e+02
2700102 2.483818e-01 1.000006e+02 1.000002e+02
3000004 2.483818e-01 1.000002e+02 1.000002e+02
1350 2.482733e-01 3.073301e+04 2.639129e+03
300640 2.482733e-01 7.414834e+02 1.001632e+02
600421 2.482733e-01 5.412008e+02 1.001632e+02
901823 2.482733e-01 3.997476e+02 1.001632e+02
1200522 2.482733e-01 3.980590e+02 1.001627e+02
1500462 2.482733e-01 3.514921e+02 1.001468e+02
1800521 2.482733e-01 1.001112e+02 1.000617e+02
2100220 2.482733e-01 1.000350e+02 1.000226e+02
2400026 2.482733e-01 1.000050e+02 1.000031e+02
2700066 2.482733e-01 1.000006e+02 1.000003e+02
3000004 2.482733e-01 1.000001e+02 1.000001e+02
1350 2.495577e-01 3.195183e+04 3.600279e+03
301106 2.495577e-01 7.526478e+02 1.000718e+02
600767 2.495577e-01 5.445431e+02 1.000718e+02
900506 2.495577e-01 3.994339e+02 1.000718e+02
1200060 2.495577e-01 3.976637e+02 1.000616e+02
1500593 2.495577e-01 3.381956e+02 1.000458e+02
1800392 2.495577e-01 1.000399e+02 1.000317e+02
2100264 2.495577e-01 1.000211e+02 1.000165e+02
2400193 2.495577e-01 1.000057e+02 1.000036e+02
2700011 2.495577e-01 1.000007e+02 1.000004e+02
3000001 2.495577e-01 1.000001e+02 1.000001e+02
1350 2.488993e-01 3.119587e+04 1.984387e+03
301492 2.488993e-01 7.333166e+02 4.000000e+02
600215 2.488993e-01 5.424116e+02 4.000000e+02
900051 2.488993e-01 4.001587e+02 4.000000e+02
1200038 2.488993e-01 4.000000e+02 4.000000e+02
1500459 2.488993e-01 4.000000e+02 4.000000e+02
1800014 2.488993e-01 4.000000e+02 4.000000e+02
2100338 2.488993e-01 4.000000e+02 4.000000e+02
2400032 2.488993e-01 4.000000e+02 4.000000e+02
2700062 2.488993e-01 4.000000e+02 4.000000e+02
3000002 2.488993e-01 4.000000e+02 4.000000e+02
1350 2.490368e-01 3.178469e+04 3.634189e+03
302459 2.490368e-01 7.147641e+02 4.000000e+02
600317 2.490368e-01 5.327806e+02 4.000000e+02
900713 2.490368e-01 4.001918e+02 4.000000e+02
1200448 2.490368e-01 4.000000e+02 4.000000e+02
1500243 2.490368e-01 4.000000e+02 4.000000e+02
1800520 2.490368e-01 4.000000e+02 4.000000e+02
2100322 2.490368e-01 4.000000e+02 4.000000e+02
2400111 2.490368e-01 4.000000e+02 4.000000e+02
2700119 2.490368e-01 4.000000e+02 4.000000e+02
3000000 2.490368e-01 4.000000e+02 4.000000e+02
1350 2.496526e-01 3.074091e+04 3.662880e+03
303217 2.496526e-01 7.249638e+02 4.000000e+02
601071 2.496526e-01 5.253839e+02 4.000000e+02
900724 2.496526e-01 4.000913e+02 4.000000e+02
1200404 2.496526e-01 4.000000e+02 4.000000e+02
1500160 2.496526e-01 4.000000e+02 4.000000e+02
1800378 2.496526e-01 4.000000e+02 4.000000e+02
2100306 2.496526e-01 4.000000e+02 4.000000e+02
2400009 2.496526e-01 4.000000e+02 4.000000e+02
2700059 2.496526e-01 4.000000e+02 4.000000e+02
3000000 2.496526e-01 4.000000e+02 4.000000e+02
1350 2.502708e-01 3.085915e+04 2.654329e+03
300513 2.502708e-01 7.378986e+02 4.000000e+02
600160 2.502708e-01 5.338554e+02 4.000000e+02
900592 2.502708e-01 4.002450e+02 4.000000e+02
1200599 2.502708e-01 4.000000e+02 4.000000e+02
1500212 2.502708e-01 4.000000e+02 4.000000e+02
1800420 2.502708e-01 4.000000e+02 4.000000e+02
2100346 2.502708e-01 4.000000e+02 4.000000e+02
2400081 2.502708e-01 4.000000e+02 4.000000e+02
2700095 2.502708e-01 4.000000e+02 4.000000e+02
3000003 2.502708e-01 4.000000e+02 4.000000e+02
1350 2.497022e-01 3.240020e+04 3.769386e+03
300687 2.497022e-01 7.447080e+02 1.005016e+02
600532 2.497022e-01 5.507763e+02 1.005016e+02
900270 2.497022e-01 3.999928e+02 1.005016e+02
1200126 2.497022e-01 3.986493e+02 1.005016e+02
1500651 2.497022e-01 3.566206e+02 1.004843e+02
1800069 2.497022e-01 1.002454e+02 1.001325e+02
2100358 2.497022e-01 1.000425e+02 1.000249e+02
2400274 2.497022e-01 1.000053e+02 1.000025e+02
2700066 2.497022e-01 1.000007e+02 1.000004e+02
3000003 2.497022e-01 1.000002e+02 1.000002e+02
1350 2.499288e-01 3.163534e+04 2.662262e+03
300373 2.499288e-01 7.340833e+02 3.000012e+02
600343 2.499288e-01 5.576923e+02 3.000012e+02
900849 2.499288e-01 4.008153e+02 3.000012e+02
1200317 2.499288e-01 3.990163e+02 3.000011e+02
1500375 2.499288e-01 3.827304e+02 3.000002e+02
1800049 2.499288e-01 3.000000e+02 3.000000e+02
2100109 2.499288e-01 3.000000e+02 3.000000e+02
2400143 2.499288e-01 3.000000e+02 3.000000e+02
2700014 2.499288e-01 3.000000e+02 3.000000e+02
3000001 2.499288e-01 3.000000e+02 3.000000e+02
1350 2.501657e-01 3.188334e+04 1.925268e+03
300261 2.501657e-01 7.128809e+02 4.000000e+02
600699 2.501657e-01 5.124208e+02 4.000000e+02
900112 2.501657e-01 4.000599e+02 4.000000e+02
1200494 2.501657e-01 4.000000e+02 4.000000e+02
1500167 2.501657e-01 4.000000e+02 4.000000e+02
1800380 2.501657e-01 4.000000e+02 4.000000e+02
2100251 2.501657e-01 4.000000e+02 4.000000e+02
2400256 2.501657e-01 4.000000e+02 4.000000e+02
2700007 2.501657e-01 4.000000e+02 4.000000e+02
2999953 2.503510e-01 4.000000e+02 4.000000e+02
1350 2.514127e-01 3.211531e+04 2.574442e+03
300943 2.514127e-01 7.252152e+02 3.000015e+02
600174 2.514127e-01 5.425319e+02 3.000015e+02
901976 2.514127e-01 4.004169e+02 3.000015e+02
1200354 2.514127e-01 3.996310e+02 3.000014e+02
1500052 2.514127e-01 3.943875e+02 3.000011e+02
1800328 2.514127e-01 3.001838e+02 3.000000e+02
2100338 2.514127e-01 3.000000e+02 3.000000e+02
2400115 2.514127e-01 3.000000e+02 3.000000e+02
2700064 2.514127e-01 3.000000e+02 3.000000e+02
2999988 2.515989e-01 3.000000e+02 3.000000e+02
1350 2.488899e-01 3.085562e+04 2.611366e+03
300560 2.488899e-01 7.084968e+02 1.010842e+02
600613 2.488899e-01 5.265648e+02 1.010842e+02
900334 2.488899e-01 3.998192e+02 1.010842e+02
1200571 2.488899e-01 3.981617e+02 1.010735e+02
1500611 2.488899e-01 3.512846e+02 1.010525e+02
1800026 2.488899e-01 1.002985e+02 1.001602e+02
2100303 2.488899e-01 1.000423e+02 1.000205e+02
2400265 2.488899e-01 1.000054e+02 1.000034e+02
2700001 2.488899e-01 1.000007e+02 1.000003e+02
2999981 2.490742e-01 1.000002e+02 1.000002e+02
1350 2.507241e-01 3.184194e+04 2.864196e+03
301194 2.507241e-01 7.572691e+02 1.000312e+02
600822 2.507241e-01 5.817129e+02 1.000312e+02
900522 2.507241e-01 4.109290e+02 1.000312e+02
1200613 2.507241e-01 3.986892e+02 1.000312e+02
1500430 2.507241e-01 3.737984e+02 1.000234e+02
1800414 2.507241e-01 1.000232e+02 1.000191e+02
2100064 2.507241e-01 1.000131e+02 1.000096e+02
2400002 2.507241e-01 1.000031e+02 1.000014e+02
2700003 2.507241e-01 1.000007e+02 1.000004e+02
3000004 2.507241e-01 1.000001e+02 1.000001e+02
1350 2.500212e-01 3.228002e+04 2.065223e+03
300257 2.500212e-01 7.401905e+02 4.000000e+02
600084 2.500212e-01 5.597830e+02 4.000000e+02
900495 2.500212e-01 4.011818e+02 4.000000e+02
1200097 2.500212e-01 4.000000e+02 4.000000e+02
1500607 2.500212e-01 4.000000e+02 4.000000e+02
1800078 2.500212e-01 4.000000e+02 4.000000e+02
2100383 2.500212e-01 4.000000e+02 4.000000e+02
2400056 2.500212e-01 4.000000e+02 4.000000e+02
2700001 2.500212e-01 4.000000e+02 4.000000e+02
2999964 2.502064e-01 4.000000e+02 4.000000e+02
1350 2.508352e-01 3.146992e+04 3.019522e+03
300027 2.508352e-01 7.296859e+02 3.000012e+02
600762 2.508352e-01 5.420558e+02 3.000012e+02
900469 2.508352e-01 4.002058e+02 3.000012e+02
1200149 2.508352e-01 3.997561e+02 3.000012e+02
1500674 2.508352e-01 3.889485e+02 3.000011e+02
1800231 2.508352e-01 3.000000e+02 3.000000e+02
2100069 2.508352e-01 3.000000e+02 3.000000e+02
2400218 2.508352e-01 3.000000e+02 3.000000e+02
2700095 2.508352e-01 3.000000e+02 3.000000e+02
3000004 2.508352e-01 3.000000e+02 3.000000e+02
1350 2.499370e-01 3.246652e+04 1.508084e+03
300636 2.499370e-01 7.345779e+02 2.000041e+02
600367 2.499370e-01 5.507519e+02 2.000041e+02
900805 2.499370e-01 4.007324e+02 2.000041e+02
1200687 2.499370e-01 3.995074e+02 2.000041e+02
1500413 2.499370e-01 3.641633e+02 2.000037e+02
1800232 2.499370e-01 2.000000e+02 2.000000e+02
2100173 2.499370e-01 2.000000e+02 2.000000e+02
2400153 2.499370e-01 2.000000e+02 2.000000e+02
2700035 2.499370e-01 2.000000e+02 2.000000e+02
3000004 2.499370e-01 2.000000e+02 2.000000e+02
1350 2.505661e-01 3.115602e+04 3.344499e+03
300813 2.505661e-01 7.435109e+02 3.000019e+02
600397 2.505661e-01 5.535369e+02 3.000019e+02
900627 2.505661e-01 4.006699e+02 3.000019e+02
1200808 2.505661e-01 3.998769e+02 3.000019e+02
1500576 2.505661e-01 3.989676e+02 3.000019e+02
1800108 2.505661e-01 3.034933e+02 3.000005e+02
2100353 2.505661e-01 3.000000e+02 3.000000e+02
2400110 2.505661e-01 3.000000e+02 3.000000e+02
2700100 2.505661e-01 3.000000e+02 3.000000e+02
3000001 2.505661e-01 3.000000e+02 3.000000e+02
2.40e+02 (1.28e+02): 
3.000000e+02 1.000002e+02 1.000001e+02 4.000000e+02 2.000000e+02 3.000000e+02 3.000000e+02 3.000000e+02 1.000002e+02 4.000000e+02 1.000002e+02 1.000002e+02 1.000001e+02 1.000002e+02 1.000001e+02 1.000001e+02 4.000000e+02 4.000000e+02 4.000000e+02 4.000000e+02 1.000002e+02 3.000000e+02 4.000000e+02 3.000000e+02 1.000002e+02 1.000001e+02 4.000000e+02 3.000000e+02 2.000000e+02 3.000000e+02 