2400 2.506985e-01 9.159167e+03 6.967966e+02
1001727 2.506985e-01 1.908358e+02 1.807813e+02
2001031 2.506985e-01 1.845612e+02 1.807813e+02
3001630 2.506985e-01 1.807847e+02 1.807813e+02
4000102 2.506985e-01 1.807813e+02 1.807813e+02
5000156 2.506985e-01 1.807813e+02 1.807813e+02
6000596 2.506985e-01 1.807813e+02 1.807813e+02
7000064 2.506985e-01 1.807813e+02 1.807813e+02
8000269 2.506985e-01 1.807813e+02 1.807813e+02
9000096 2.506985e-01 1.807813e+02 1.807813e+02
10000004 2.506985e-01 1.807813e+02 1.807813e+02
2400 2.506362e-01 8.989465e+03 6.480903e+02
1001491 2.506362e-01 1.917868e+02 1.807813e+02
2001565 2.506362e-01 1.847013e+02 1.807813e+02
3000470 2.506362e-01 1.807830e+02 1.807813e+02
4000520 2.506362e-01 1.807813e+02 1.807813e+02
5000576 2.506362e-01 1.807813e+02 1.807813e+02
6000825 2.506362e-01 1.807813e+02 1.807813e+02
7000291 2.506362e-01 1.807813e+02 1.807813e+02
8000339 2.506362e-01 1.807813e+02 1.807813e+02
9000175 2.506362e-01 1.807813e+02 1.807813e+02
9999984 2.507406e-01 1.807813e+02 1.807813e+02
2400 2.503384e-01 9.089381e+03 6.853362e+02
1000919 2.503384e-01 1.915292e+02 1.807813e+02
2001064 2.503384e-01 1.841420e+02 1.807813e+02
3000748 2.503384e-01 1.807818e+02 1.807813e+02
4001021 2.503384e-01 1.807813e+02 1.807813e+02
5000979 2.503384e-01 1.807813e+02 1.807813e+02
6000288 2.503384e-01 1.807813e+02 1.807813e+02
7000625 2.503384e-01 1.807813e+02 1.807813e+02
8000048 2.503384e-01 1.807813e+02 1.807813e+02
9000011 2.503384e-01 1.807813e+02 1.807813e+02
9999988 2.504427e-01 1.807813e+02 1.807813e+02
2400 2.518746e-01 9.056710e+03 8.520137e+02
1000607 2.518746e-01 1.915017e+02 1.807813e+02
2000270 2.518746e-01 1.842194e+02 1.807813e+02
3001307 2.518746e-01 1.807818e+02 1.807813e+02
4000392 2.518746e-01 1.807813e+02 1.807813e+02
5000391 2.518746e-01 1.807813e+02 1.807813e+02
6000699 2.518746e-01 1.807813e+02 1.807813e+02
7000162 2.518746e-01 1.807813e+02 1.807813e+02
8000374 2.518746e-01 1.807813e+02 1.807813e+02
9000237 2.518746e-01 1.807813e+02 1.807813e+02
10000005 2.518746e-01 1.807813e+02 1.807813e+02
2400 2.495045e-01 9.131220e+03 8.044764e+02
1001271 2.495045e-01 1.914895e+02 1.000001e+02
2000850 2.495045e-01 1.847717e+02 1.000001e+02
3000458 2.495045e-01 1.800576e+02 1.000001e+02
4001107 2.495045e-01 1.000377e+02 1.000001e+02
5000376 2.495045e-01 1.000000e+02 1.000000e+02
6000016 2.495045e-01 1.000000e+02 1.000000e+02
7000366 2.495045e-01 1.000000e+02 1.000000e+02
8000075 2.495045e-01 1.000000e+02 1.000000e+02
9000051 2.495045e-01 1.000000e+02 1.000000e+02
10000002 2.495045e-01 1.000000e+02 1.000000e+02
2400 2.498388e-01 9.266155e+03 9.133229e+02
1000546 2.498388e-01 1.911780e+02 1.807813e+02
2000553 2.498388e-01 1.848118e+02 1.807813e+02
3000579 2.498388e-01 1.807892e+02 1.807813e+02
4000215 2.498388e-01 1.807813e+02 1.807813e+02
5000414 2.498388e-01 1.807813e+02 1.807813e+02
6000784 2.498388e-01 1.807813e+02 1.807813e+02
7000182 2.498388e-01 1.807813e+02 1.807813e+02
8000398 2.498388e-01 1.807813e+02 1.807813e+02
9000182 2.498388e-01 1.807813e+02 1.807813e+02
10000001 2.498388e-01 1.807813e+02 1.807813e+02
2400 2.511137e-01 8.993537e+03 6.252329e+02
1000177 2.511137e-01 1.915491e+02 1.807813e+02
2000063 2.511137e-01 1.845770e+02 1.807813e+02
3000919 2.511137e-01 1.807831e+02 1.807813e+02
4000892 2.511137e-01 1.807813e+02 1.807813e+02
5000904 2.511137e-01 1.807813e+02 1.807813e+02
6000154 2.511137e-01 1.807813e+02 1.807813e+02
7000382 2.511137e-01 1.807813e+02 1.807813e+02
8000002 2.511137e-01 1.807813e+02 1.807813e+02
9000048 2.511137e-01 1.807813e+02 1.807813e+02
9999995 2.512183e-01 1.807813e+02 1.807813e+02
2400 2.495682e-01 9.156211e+03 7.013668e+02
1002104 2.495682e-01 1.912675e+02 1.807813e+02
2000058 2.495682e-01 1.843038e+02 1.807813e+02
3000897 2.495682e-01 1.807819e+02 1.807813e+02
4001334 2.495682e-01 1.807813e+02 1.807813e+02
5000018 2.495682e-01 1.807813e+02 1.807813e+02
6000473 2.495682e-01 1.807813e+02 1.807813e+02
7000099 2.495682e-01 1.807813e+02 1.807813e+02
8000379 2.495682e-01 1.807813e+02 1.807813e+02
9000180 2.495682e-01 1.807813e+02 1.807813e+02
10000003 2.495682e-01 1.807813e+02 1.807813e+02
2400 2.504202e-01 9.132555e+03 9.472466e+02
1000220 2.504202e-01 1.909287e+02 1.807813e+02
2001332 2.504202e-01 1.843296e+02 1.807813e+02
3000217 2.504202e-01 1.807824e+02 1.807813e+02
4000496 2.504202e-01 1.807813e+02 1.807813e+02
5000433 2.504202e-01 1.807813e+02 1.807813e+02
6000834 2.504202e-01 1.807813e+02 1.807813e+02
7000120 2.504202e-01 1.807813e+02 1.807813e+02
8000304 2.504202e-01 1.807813e+02 1.807813e+02
9000028 2.504202e-01 1.807813e+02 1.807813e+02
10000000 2.504202e-01 1.807813e+02 1.807813e+02
2400 2.498864e-01 9.009385e+03 6.064873e+02
1000181 2.498864e-01 1.917499e+02 1.807813e+02
2001866 2.498864e-01 1.845552e+02 1.807813e+02
3000420 2.498864e-01 1.807829e+02 1.807813e+02
4001245 2.498864e-01 1.807813e+02 1.807813e+02
5000029 2.498864e-01 1.807813e+02 1.807813e+02
6000369 2.498864e-01 1.807813e+02 1.807813e+02
7000448 2.498864e-01 1.807813e+02 1.807813e+02
8000124 2.498864e-01 1.807813e+02 1.807813e+02
9000204 2.498864e-01 1.807813e+02 1.807813e+02
10000005 2.498864e-01 1.807813e+02 1.807813e+02
2400 2.502866e-01 9.128664e+03 9.622470e+02
1001372 2.502866e-01 1.908176e+02 1.807813e+02
2001366 2.502866e-01 1.841327e+02 1.807813e+02
3000087 2.502866e-01 1.807821e+02 1.807813e+02
4000435 2.502866e-01 1.807813e+02 1.807813e+02
5000462 2.502866e-01 1.807813e+02 1.807813e+02
6000725 2.502866e-01 1.807813e+02 1.807813e+02
7000106 2.502866e-01 1.807813e+02 1.807813e+02
8000184 2.502866e-01 1.807813e+02 1.807813e+02
9000051 2.502866e-01 1.807813e+02 1.807813e+02
10000003 2.502866e-01 1.807813e+02 1.807813e+02
2400 2.494391e-01 9.036481e+03 6.390497e+02
1001297 2.494391e-01 1.915113e+02 1.807813e+02
2001143 2.494391e-01 1.842102e+02 1.807813e+02
3000723 2.494391e-01 1.807817e+02 1.807813e+02
4000139 2.494391e-01 1.807813e+02 1.807813e+02
5000413 2.494391e-01 1.807813e+02 1.807813e+02
6000621 2.494391e-01 1.807813e+02 1.807813e+02
7000125 2.494391e-01 1.807813e+02 1.807813e+02
8000476 2.494391e-01 1.807813e+02 1.807813e+02
9000135 2.494391e-01 1.807813e+02 1.807813e+02
10000000 2.494391e-01 1.807813e+02 1.807813e+02
2400 2.506215e-01 9.054573e+03 8.035367e+02
1002047 2.506215e-01 1.916904e+02 1.807813e+02
2000728 2.506215e-01 1.848030e+02 1.807813e+02
3000582 2.506215e-01 1.807852e+02 1.807813e+02
4000685 2.506215e-01 1.807813e+02 1.807813e+02
5000750 2.506215e-01 1.807813e+02 1.807813e+02
6000040 2.506215e-01 1.807813e+02 1.807813e+02
7000372 2.506215e-01 1.807813e+02 1.807813e+02
8000362 2.506215e-01 1.807813e+02 1.807813e+02
9000139 2.506215e-01 1.807813e+02 1.807813e+02
10000000 2.506215e-01 1.807813e+02 1.807813e+02
2400 2.501195e-01 9.126447e+03 6.441163e+02
1000852 2.501195e-01 1.912031e+02 1.807813e+02
2001531 2.501195e-01 1.842129e+02 1.807813e+02
3001599 2.501195e-01 1.807816e+02 1.807813e+02
4000422 2.501195e-01 1.807813e+02 1.807813e+02
5000507 2.501195e-01 1.807813e+02 1.807813e+02
6000851 2.501195e-01 1.807813e+02 1.807813e+02
7000305 2.501195e-01 1.807813e+02 1.807813e+02
8000444 2.501195e-01 1.807813e+02 1.807813e+02
9000148 2.501195e-01 1.807813e+02 1.807813e+02
10000003 2.501195e-01 1.807813e+02 1.807813e+02
2400 2.481803e-01 8.958914e+03 7.733838e+02
1000883 2.481803e-01 1.912327e+02 1.000025e+02
2001838 2.481803e-01 1.850780e+02 1.000025e+02
3001197 2.481803e-01 1.796162e+02 1.000025e+02
4000796 2.481803e-01 1.000746e+02 1.000019e+02
5000983 2.481803e-01 1.000000e+02 1.000000e+02
6000233 2.481803e-01 1.000000e+02 1.000000e+02
7000666 2.481803e-01 1.000000e+02 1.000000e+02
8000295 2.481803e-01 1.000000e+02 1.000000e+02
9000055 2.481803e-01 1.000000e+02 1.000000e+02
10000000 2.481803e-01 1.000000e+02 1.000000e+02
2400 2.493744e-01 9.011580e+03 6.567552e+02
1001600 2.493744e-01 1.910224e+02 1.000001e+02
2000655 2.493744e-01 1.842275e+02 1.000001e+02
3000217 2.493744e-01 1.772496e+02 1.000001e+02
4000535 2.493744e-01 1.000441e+02 1.000001e+02
5000789 2.493744e-01 1.000000e+02 1.000000e+02
6000546 2.493744e-01 1.000000e+02 1.000000e+02
7000628 2.493744e-01 1.000000e+02 1.000000e+02
8000198 2.493744e-01 1.000000e+02 1.000000e+02
9000135 2.493744e-01 1.000000e+02 1.000000e+02
10000004 2.493744e-01 1.000000e+02 1.000000e+02
2400 2.498025e-01 9.029327e+03 1.096428e+03
1001457 2.498025e-01 1.913304e+02 1.000003e+02
2000879 2.498025e-01 1.848127e+02 1.000003e+02
3000797 2.498025e-01 1.792713e+02 1.000003e+02
4001270 2.498025e-01 1.000431e+02 1.000003e+02
5000587 2.498025e-01 1.000000e+02 1.000000e+02
6000079 2.498025e-01 1.000000e+02 1.000000e+02
7000557 2.498025e-01 1.000000e+02 1.000000e+02
8000110 2.498025e-01 1.000000e+02 1.000000e+02
9000104 2.498025e-01 1.000000e+02 1.000000e+02
10000000 2.498025e-01 1.000000e+02 1.000000e+02
2400 2.496571e-01 8.977878e+03 7.591172e+02
1000050 2.496571e-01 1.911256e+02 1.807813e+02
2001451 2.496571e-01 1.842608e+02 1.807813e+02
3000206 2.496571e-01 1.807832e+02 1.807813e+02
4000088 2.496571e-01 1.807813e+02 1.807813e+02
5000269 2.496571e-01 1.807813e+02 1.807813e+02
6000674 2.496571e-01 1.807813e+02 1.807813e+02
7000244 2.496571e-01 1.807813e+02 1.807813e+02
8000442 2.496571e-01 1.807813e+02 1.807813e+02
9000184 2.496571e-01 1.807813e+02 1.807813e+02
10000000 2.496571e-01 1.807813e+02 1.807813e+02
2400 2.504732e-01 9.150345e+03 1.034072e+03
1002793 2.504732e-01 1.909477e+02 1.000000e+02
2002366 2.504732e-01 1.846743e+02 1.000000e+02
3001028 2.504732e-01 1.802552e+02 1.000000e+02
4000986 2.504732e-01 1.030970e+02 1.000000e+02
5000933 2.504732e-01 1.000000e+02 1.000000e+02
6000606 2.504732e-01 1.000000e+02 1.000000e+02
7000436 2.504732e-01 1.000000e+02 1.000000e+02
8000285 2.504732e-01 1.000000e+02 1.000000e+02
9000112 2.504732e-01 1.000000e+02 1.000000e+02
10000003 2.504732e-01 1.000000e+02 1.000000e+02
2400 2.494730e-01 8.937904e+03 6.484049e+02
1000659 2.494730e-01 1.908687e+02 1.807813e+02
2000212 2.494730e-01 1.842311e+02 1.807813e+02
3000223 2.494730e-01 1.807825e+02 1.807813e+02
4000561 2.494730e-01 1.807813e+02 1.807813e+02
5000646 2.494730e-01 1.807813e+02 1.807813e+02
6000872 2.494730e-01 1.807813e+02 1.807813e+02
7000336 2.494730e-01 1.807813e+02 1.807813e+02
8000012 2.494730e-01 1.807813e+02 1.807813e+02
9000210 2.494730e-01 1.807813e+02 1.807813e+02
10000001 2.494730e-01 1.807813e+02 1.807813e+02
2400 2.499714e-01 8.950672e+03 8.694783e+02
1001264 2.499714e-01 1.913339e+02 1.807813e+02
2001717 2.499714e-01 1.846202e+02 1.807813e+02
3000575 2.499714e-01 1.807827e+02 1.807813e+02
4000546 2.499714e-01 1.807813e+02 1.807813e+02
5000594 2.499714e-01 1.807813e+02 1.807813e+02
6000935 2.499714e-01 1.807813e+02 1.807813e+02
7000268 2.499714e-01 1.807813e+02 1.807813e+02
8000023 2.499714e-01 1.807813e+02 1.807813e+02
9000154 2.499714e-01 1.807813e+02 1.807813e+02
10000005 2.499714e-01 1.807813e+02 1.807813e+02
2400 2.496853e-01 8.940385e+03 7.416586e+02
1001316 2.496853e-01 1.912858e+02 1.000000e+02
2001375 2.496853e-01 1.849023e+02 1.000000e+02
3000664 2.496853e-01 1.798194e+02 1.000000e+02
4000411 2.496853e-01 1.000476e+02 1.000000e+02
5000205 2.496853e-01 1.000000e+02 1.000000e+02
6000148 2.496853e-01 1.000000e+02 1.000000e+02
7000304 2.496853e-01 1.000000e+02 1.000000e+02
8000220 2.496853e-01 1.000000e+02 1.000000e+02
9000162 2.496853e-01 1.000000e+02 1.000000e+02
10000003 2.496853e-01 1.000000e+02 1.000000e+02
2400 2.507830e-01 9.049423e+03 6.828795e+02
1001601 2.507830e-01 1.908840e+02 1.000001e+02
2000441 2.507830e-01 1.840546e+02 1.000001e+02
3000615 2.507830e-01 1.773248e+02 1.000001e+02
4000981 2.507830e-01 1.000201e+02 1.000001e+02
5000237 2.507830e-01 1.000000e+02 1.000000e+02
6000742 2.507830e-01 1.000000e+02 1.000000e+02
7000261 2.507830e-01 1.000000e+02 1.000000e+02
8000332 2.507830e-01 1.000000e+02 1.000000e+02
9000188 2.507830e-01 1.000000e+02 1.000000e+02
10000003 2.507830e-01 1.000000e+02 1.000000e+02
2400 2.505462e-01 9.125439e+03 8.347918e+02
1000599 2.505462e-01 1.915288e+02 1.807813e+02
2000459 2.505462e-01 1.842645e+02 1.807813e+02
3001376 2.505462e-01 1.807821e+02 1.807813e+02
4000484 2.505462e-01 1.807813e+02 1.807813e+02
5000591 2.505462e-01 1.807813e+02 1.807813e+02
6000826 2.505462e-01 1.807813e+02 1.807813e+02
7000305 2.505462e-01 1.807813e+02 1.807813e+02
8000075 2.505462e-01 1.807813e+02 1.807813e+02
9000189 2.505462e-01 1.807813e+02 1.807813e+02
10000005 2.505462e-01 1.807813e+02 1.807813e+02
2400 2.505377e-01 9.153216e+03 9.357715e+02
1001890 2.505377e-01 1.910880e+02 1.807813e+02
2001425 2.505377e-01 1.843349e+02 1.807813e+02
3000594 2.505377e-01 1.807827e+02 1.807813e+02
4000229 2.505377e-01 1.807813e+02 1.807813e+02
5000298 2.505377e-01 1.807813e+02 1.807813e+02
6000619 2.505377e-01 1.807813e+02 1.807813e+02
7000702 2.505377e-01 1.807813e+02 1.807813e+02
8000256 2.505377e-01 1.807813e+02 1.807813e+02
9000094 2.505377e-01 1.807813e+02 1.807813e+02
9999972 2.506421e-01 1.807813e+02 1.807813e+02
2400 2.506404e-01 9.037554e+03 7.169275e+02
1000704 2.506404e-01 1.909215e+02 1.807813e+02
2003212 2.506404e-01 1.840747e+02 1.807813e+02
3001140 2.506404e-01 1.807820e+02 1.807813e+02
4000578 2.506404e-01 1.807813e+02 1.807813e+02
5000590 2.506404e-01 1.807813e+02 1.807813e+02
6000892 2.506404e-01 1.807813e+02 1.807813e+02
7000279 2.506404e-01 1.807813e+02 1.807813e+02
8000234 2.506404e-01 1.807813e+02 1.807813e+02
9000186 2.506404e-01 1.807813e+02 1.807813e+02
10000000 2.506404e-01 1.807813e+02 1.807813e+02
2400 2.497604e-01 9.016532e+03 7.362696e+02
1001331 2.497604e-01 1.912172e+02 1.807813e+02
2001441 2.497604e-01 1.844799e+02 1.807813e+02
3000955 2.497604e-01 1.807821e+02 1.807813e+02
4000379 2.497604e-01 1.807813e+02 1.807813e+02
5000382 2.497604e-01 1.807813e+02 1.807813e+02
6000742 2.497604e-01 1.807813e+02 1.807813e+02
7000137 2.497604e-01 1.807813e+02 1.807813e+02
8000371 2.497604e-01 1.807813e+02 1.807813e+02
9000188 2.497604e-01 1.807813e+02 1.807813e+02
10000005 2.497604e-01 1.807813e+02 1.807813e+02
2400 2.503362e-01 8.998591e+03 8.226567e+02
1000112 2.503362e-01 1.909551e+02 1.807813e+02
2000410 2.503362e-01 1.844847e+02 1.807813e+02
3001101 2.503362e-01 1.807838e+02 1.807813e+02
4001241 2.503362e-01 1.807813e+02 1.807813e+02
5001192 2.503362e-01 1.807813e+02 1.807813e+02
6000518 2.503362e-01 1.807813e+02 1.807813e+02
7000609 2.503362e-01 1.807813e+02 1.807813e+02
8000202 2.503362e-01 1.807813e+02 1.807813e+02
9000040 2.503362e-01 1.807813e+02 1.807813e+02
10000005 2.503362e-01 1.807813e+02 1.807813e+02
2400 2.496123e-01 9.111215e+03 1.005239e+03
1000170 2.496123e-01 1.912957e+02 1.000052e+02
2002064 2.496123e-01 1.848807e+02 1.000052e+02
3001525 2.496123e-01 1.801745e+02 1.000052e+02
4000670 2.496123e-01 1.002216e+02 1.000047e+02
5001126 2.496123e-01 1.000000e+02 1.000000e+02
6000692 2.496123e-01 1.000000e+02 1.000000e+02
7000670 2.496123e-01 1.000000e+02 1.000000e+02
8000252 2.496123e-01 1.000000e+02 1.000000e+02
9000024 2.496123e-01 1.000000e+02 1.000000e+02
9999982 2.497163e-01 1.000000e+02 1.000000e+02
2400 2.508741e-01 9.171454e+03 7.073157e+02
1003149 2.508741e-01 1.916838e+02 1.807813e+02
2000006 2.508741e-01 1.846607e+02 1.807813e+02
3000424 2.508741e-01 1.807833e+02 1.807813e+02
4000524 2.508741e-01 1.807813e+02 1.807813e+02
5000613 2.508741e-01 1.807813e+02 1.807813e+02
6000836 2.508741e-01 1.807813e+02 1.807813e+02
7000268 2.508741e-01 1.807813e+02 1.807813e+02
8000342 2.508741e-01 1.807813e+02 1.807813e+02
9000033 2.508741e-01 1.807813e+02 1.807813e+02
10000003 2.508741e-01 1.807813e+02 1.807813e+02
1.59e+02 (3.63e+01): 
1.807813e+02 1.807813e+02 1.807813e+02 1.807813e+02 1.000000e+02 1.807813e+02 1.807813e+02 1.807813e+02 1.807813e+02 1.807813e+02 1.807813e+02 1.807813e+02 1.807813e+02 1.807813e+02 1.000000e+02 1.000000e+02 1.000000e+02 1.807813e+02 1.000000e+02 1.807813e+02 1.807813e+02 1.000000e+02 1.000000e+02 1.807813e+02 1.807813e+02 1.807813e+02 1.807813e+02 1.807813e+02 1.000000e+02 1.807813e+02 