2400 2.506985e-01 4.021784e+04 2.764817e+03
1000549 2.506985e-01 9.826591e+01 3.467449e-12
2001079 2.506985e-01 5.775376e+01 2.614797e-12
3000947 2.506985e-01 4.542667e+01 1.762146e-12
4001156 2.506985e-01 2.117475e-03 1.762146e-12
5000351 2.506985e-01 1.486581e-08 1.762146e-12
6000287 2.506985e-01 1.283517e-12 2.842171e-13
7000575 2.506985e-01 3.517383e-14 0.000000e+00
8000190 2.506985e-01 0.000000e+00 0.000000e+00
9000056 2.506985e-01 0.000000e+00 0.000000e+00
10000002 2.506985e-01 0.000000e+00 0.000000e+00
2400 2.506362e-01 3.959095e+04 3.257699e+03
1000401 2.506362e-01 1.042628e+02 9.094947e-13
2001738 2.506362e-01 6.055400e+01 9.094947e-13
3001286 2.506362e-01 4.527956e+01 9.094947e-13
4000278 2.506362e-01 1.852093e-03 9.094947e-13
5001086 2.506362e-01 1.284005e-08 9.094947e-13
6000042 2.506362e-01 1.281395e-12 3.410605e-13
7000297 2.506362e-01 3.431019e-14 0.000000e+00
8000391 2.506362e-01 0.000000e+00 0.000000e+00
9000194 2.506362e-01 0.000000e+00 0.000000e+00
10000002 2.506362e-01 0.000000e+00 0.000000e+00
2400 2.503384e-01 3.872734e+04 2.623756e+03
1001922 2.503384e-01 1.067634e+02 2.273737e-12
2000174 2.503384e-01 6.173970e+01 1.477929e-12
3001071 2.503384e-01 4.922440e+01 1.477929e-12
4000652 2.503384e-01 1.867623e+01 1.477929e-12
5000615 2.503384e-01 4.108117e-07 1.477929e-12
6000567 2.503384e-01 9.880908e-12 1.421085e-12
7000719 2.503384e-01 4.695078e-14 0.000000e+00
8000170 2.503384e-01 0.000000e+00 0.000000e+00
9000170 2.503384e-01 0.000000e+00 0.000000e+00
10000005 2.503384e-01 0.000000e+00 0.000000e+00
2400 2.518746e-01 3.969084e+04 4.193520e+03
1001863 2.518746e-01 1.046263e+02 3.808509e-12
2001729 2.518746e-01 6.119980e+01 3.808509e-12
3001025 2.518746e-01 4.939910e+01 2.614797e-12
4001261 2.518746e-01 1.422580e+01 2.614797e-12
5000491 2.518746e-01 3.427042e-07 1.023182e-12
6000231 2.518746e-01 1.267838e-11 1.023182e-12
7000187 2.518746e-01 4.773591e-14 0.000000e+00
8000470 2.518746e-01 0.000000e+00 0.000000e+00
9000048 2.518746e-01 0.000000e+00 0.000000e+00
10000000 2.518746e-01 0.000000e+00 0.000000e+00
2400 2.495045e-01 3.825782e+04 3.135586e+03
1000815 2.495045e-01 1.058878e+02 3.410605e-12
2000467 2.495045e-01 6.313657e+01 2.160050e-12
3000238 2.495045e-01 5.282613e+01 2.160050e-12
4001261 2.495045e-01 2.013329e+01 2.160050e-12
5000920 2.495045e-01 2.452261e-07 2.160050e-12
6000650 2.495045e-01 9.050663e-12 2.160050e-12
7000115 2.495045e-01 4.066974e-14 0.000000e+00
8000362 2.495045e-01 0.000000e+00 0.000000e+00
9000102 2.495045e-01 0.000000e+00 0.000000e+00
10000002 2.495045e-01 0.000000e+00 0.000000e+00
2400 2.498388e-01 3.957538e+04 3.616417e+03
1001825 2.498388e-01 1.022623e+02 8.981260e-12
2000674 2.498388e-01 5.875512e+01 2.785328e-12
3002445 2.498388e-01 4.642326e+01 1.762146e-12
4000626 2.498388e-01 6.694361e-01 1.762146e-12
5000425 2.498388e-01 9.692751e-08 1.762146e-12
6000257 2.498388e-01 4.776911e-12 1.136868e-12
7000578 2.498388e-01 4.490944e-14 0.000000e+00
8000130 2.498388e-01 0.000000e+00 0.000000e+00
9000089 2.498388e-01 0.000000e+00 0.000000e+00
10000004 2.498388e-01 0.000000e+00 0.000000e+00
2400 2.511137e-01 3.993335e+04 3.488839e+03
1000330 2.511137e-01 1.035119e+02 5.627498e-12
2001370 2.511137e-01 5.976391e+01 1.932676e-12
3000548 2.511137e-01 4.640818e+01 1.932676e-12
4001241 2.511137e-01 5.214598e-01 1.932676e-12
5000461 2.511137e-01 7.935037e-08 1.932676e-12
6000626 2.511137e-01 1.996537e-12 5.684342e-13
7000074 2.511137e-01 3.839286e-14 0.000000e+00
8000174 2.511137e-01 0.000000e+00 0.000000e+00
9000084 2.511137e-01 0.000000e+00 0.000000e+00
10000002 2.511137e-01 0.000000e+00 0.000000e+00
2400 2.495682e-01 3.855641e+04 2.242287e+03
1001636 2.495682e-01 9.642787e+01 3.296918e-12
2000030 2.495682e-01 5.689107e+01 2.273737e-12
3001253 2.495682e-01 4.524239e+01 2.273737e-12
4000239 2.495682e-01 7.110822e-01 2.273737e-12
5000285 2.495682e-01 2.584843e-08 2.273737e-12
6000904 2.495682e-01 1.783374e-12 2.842171e-13
7000233 2.495682e-01 4.121933e-14 0.000000e+00
8000259 2.495682e-01 0.000000e+00 0.000000e+00
9000131 2.495682e-01 0.000000e+00 0.000000e+00
10000005 2.495682e-01 0.000000e+00 0.000000e+00
2400 2.504202e-01 3.904851e+04 4.555053e+03
1000971 2.504202e-01 1.062308e+02 2.899014e-12
2000873 2.504202e-01 6.068945e+01 2.387424e-12
3000390 2.504202e-01 4.647610e+01 2.387424e-12
4000491 2.504202e-01 4.761328e-01 2.387424e-12
5000699 2.504202e-01 2.148839e-09 2.387424e-12
6000913 2.504202e-01 5.351183e-13 1.705303e-13
7000246 2.504202e-01 2.826468e-14 0.000000e+00
8000371 2.504202e-01 0.000000e+00 0.000000e+00
9000078 2.504202e-01 0.000000e+00 0.000000e+00
10000002 2.504202e-01 0.000000e+00 0.000000e+00
2400 2.498864e-01 3.793866e+04 2.744327e+03
1000762 2.498864e-01 1.003662e+02 2.671641e-12
2000834 2.498864e-01 5.831214e+01 1.421085e-12
3000698 2.498864e-01 4.573857e+01 1.421085e-12
4000899 2.498864e-01 4.685235e-01 1.421085e-12
5000157 2.498864e-01 7.461136e-09 1.421085e-12
6000778 2.498864e-01 1.007555e-12 3.410605e-13
7000148 2.498864e-01 3.376059e-14 0.000000e+00
8000275 2.498864e-01 0.000000e+00 0.000000e+00
9000069 2.498864e-01 0.000000e+00 0.000000e+00
10000004 2.498864e-01 0.000000e+00 0.000000e+00
2400 2.502866e-01 3.945419e+04 4.169228e+03
1000020 2.502866e-01 1.007840e+02 3.581135e-12
2001652 2.502866e-01 5.720379e+01 3.581135e-12
3001546 2.502866e-01 4.620167e+01 1.193712e-12
4000922 2.502866e-01 4.414838e-01 1.193712e-12
5000216 2.502866e-01 5.031026e-07 1.193712e-12
6000322 2.502866e-01 9.632365e-12 1.136868e-12
7000514 2.502866e-01 4.012015e-14 0.000000e+00
8000175 2.502866e-01 0.000000e+00 0.000000e+00
9000073 2.502866e-01 0.000000e+00 0.000000e+00
10000004 2.502866e-01 0.000000e+00 0.000000e+00
2400 2.494391e-01 3.852670e+04 3.758144e+03
1001717 2.494391e-01 9.991007e+01 2.614797e-12
2001116 2.494391e-01 5.737637e+01 2.614797e-12
3001448 2.494391e-01 4.495602e+01 2.614797e-12
4000123 2.494391e-01 3.639644e-02 2.614797e-12
5000961 2.494391e-01 6.139009e-09 2.614797e-12
6000321 2.494391e-01 8.826651e-13 2.273737e-13
7000408 2.494391e-01 3.556639e-14 0.000000e+00
8000427 2.494391e-01 0.000000e+00 0.000000e+00
9000036 2.494391e-01 0.000000e+00 0.000000e+00
10000002 2.494391e-01 0.000000e+00 0.000000e+00
2400 2.506215e-01 3.941925e+04 3.770246e+03
1001219 2.506215e-01 1.057177e+02 4.831691e-12
2001004 2.506215e-01 6.202353e+01 2.955858e-12
3001210 2.506215e-01 5.044768e+01 2.501110e-12
4000372 2.506215e-01 1.752188e+01 2.501110e-12
5000538 2.506215e-01 4.203954e-07 2.501110e-12
6000259 2.506215e-01 7.136385e-12 1.591616e-12
7000621 2.506215e-01 4.420282e-14 0.000000e+00
8000028 2.506215e-01 0.000000e+00 0.000000e+00
9000244 2.506215e-01 0.000000e+00 0.000000e+00
10000000 2.506215e-01 0.000000e+00 0.000000e+00
2400 2.501195e-01 3.950257e+04 2.022801e+03
1001961 2.501195e-01 1.017504e+02 1.705303e-12
2000147 2.501195e-01 5.896917e+01 1.591616e-12
3001642 2.501195e-01 4.653465e+01 1.591616e-12
4000299 2.501195e-01 1.093889e+00 1.591616e-12
5001177 2.501195e-01 2.025681e-08 1.591616e-12
6000368 2.501195e-01 1.917227e-12 5.684342e-13
7000573 2.501195e-01 3.501680e-14 0.000000e+00
8000097 2.501195e-01 0.000000e+00 0.000000e+00
9000179 2.501195e-01 0.000000e+00 0.000000e+00
10000003 2.501195e-01 0.000000e+00 0.000000e+00
2400 2.481803e-01 3.836050e+04 4.005942e+03
1001403 2.481803e-01 1.057754e+02 2.103206e-12
2000755 2.481803e-01 6.272076e+01 1.591616e-12
3000118 2.481803e-01 5.049708e+01 1.591616e-12
4001342 2.481803e-01 5.320507e+00 1.591616e-12
5000543 2.481803e-01 1.523021e-08 1.591616e-12
6000859 2.481803e-01 1.940578e-12 5.115908e-13
7000296 2.481803e-01 3.996312e-14 0.000000e+00
8000352 2.481803e-01 0.000000e+00 0.000000e+00
9000200 2.481803e-01 0.000000e+00 0.000000e+00
10000002 2.481803e-01 0.000000e+00 0.000000e+00
2400 2.493744e-01 3.969837e+04 3.655418e+03
1000718 2.493744e-01 1.060724e+02 1.477929e-12
2001342 2.493744e-01 6.000715e+01 1.477929e-12
3001501 2.493744e-01 4.797690e+01 1.477929e-12
4001155 2.493744e-01 8.892240e+00 1.477929e-12
5000477 2.493744e-01 2.224143e-06 1.477929e-12
6000280 2.493744e-01 2.372381e-11 1.477929e-12
7000195 2.493744e-01 4.702929e-14 0.000000e+00
8000344 2.493744e-01 0.000000e+00 0.000000e+00
9000156 2.493744e-01 0.000000e+00 0.000000e+00
10000002 2.493744e-01 0.000000e+00 0.000000e+00
2400 2.498025e-01 3.998020e+04 1.903354e+03
1000392 2.498025e-01 1.079101e+02 1.199396e-11
2001117 2.498025e-01 6.175033e+01 3.353762e-12
3001489 2.498025e-01 4.636263e+01 3.353762e-12
4000005 2.498025e-01 3.400048e+00 3.353762e-12
5000976 2.498025e-01 1.045690e-07 3.353762e-12
6000908 2.498025e-01 3.556664e-12 1.080025e-12
7000213 2.498025e-01 3.203331e-14 0.000000e+00
8000285 2.498025e-01 0.000000e+00 0.000000e+00
9000218 2.498025e-01 0.000000e+00 0.000000e+00
10000005 2.498025e-01 0.000000e+00 0.000000e+00
2400 2.496571e-01 3.931414e+04 3.305770e+03
1003263 2.496571e-01 1.053259e+02 3.126388e-12
2000249 2.496571e-01 6.073828e+01 2.160050e-12
3001501 2.496571e-01 4.786723e+01 2.160050e-12
4000956 2.496571e-01 1.026367e+01 2.160050e-12
5001224 2.496571e-01 2.477088e-08 2.160050e-12
6000813 2.496571e-01 3.072139e-12 6.821210e-13
7000200 2.496571e-01 3.807881e-14 0.000000e+00
8000395 2.496571e-01 0.000000e+00 0.000000e+00
9000205 2.496571e-01 0.000000e+00 0.000000e+00
10000005 2.496571e-01 0.000000e+00 0.000000e+00
2400 2.504732e-01 3.915147e+04 4.380990e+03
1000923 2.504732e-01 1.074835e+02 4.661160e-12
2000589 2.504732e-01 6.101111e+01 2.614797e-12
3000077 2.504732e-01 4.762115e+01 2.614797e-12
4001233 2.504732e-01 8.770946e+00 2.614797e-12
5001388 2.504732e-01 1.781451e-08 2.614797e-12
6000089 2.504732e-01 2.535547e-12 7.958079e-13
7000436 2.504732e-01 4.247554e-14 0.000000e+00
8000362 2.504732e-01 0.000000e+00 0.000000e+00
9000099 2.504732e-01 0.000000e+00 0.000000e+00
10000000 2.504732e-01 0.000000e+00 0.000000e+00
2400 2.494730e-01 3.982394e+04 4.608923e+03
1000004 2.494730e-01 9.909029e+01 3.865352e-12
2002852 2.494730e-01 5.746290e+01 3.012701e-12
3000581 2.494730e-01 4.528703e+01 2.842171e-12
4000183 2.494730e-01 1.428914e-03 2.842171e-12
5000750 2.494730e-01 1.133577e-08 2.387424e-12
6000939 2.494730e-01 1.228030e-12 3.410605e-13
7000314 2.494730e-01 3.101264e-14 0.000000e+00
8000403 2.494730e-01 0.000000e+00 0.000000e+00
9000035 2.494730e-01 0.000000e+00 0.000000e+00
10000001 2.494730e-01 0.000000e+00 0.000000e+00
2400 2.499714e-01 4.005064e+04 1.914111e+03
1001191 2.499714e-01 1.043236e+02 3.240075e-12
2000912 2.499714e-01 6.083660e+01 1.875833e-12
3001283 2.499714e-01 4.852434e+01 1.477929e-12
4000106 2.499714e-01 4.625678e+00 1.477929e-12
5000493 2.499714e-01 6.755124e-09 1.477929e-12
6000329 2.499714e-01 1.710020e-12 4.547474e-13
7000498 2.499714e-01 3.800030e-14 0.000000e+00
8000413 2.499714e-01 0.000000e+00 0.000000e+00
9000106 2.499714e-01 0.000000e+00 0.000000e+00
10000001 2.499714e-01 0.000000e+00 0.000000e+00
2400 2.496853e-01 3.953059e+04 2.905651e+03
1001150 2.496853e-01 1.057252e+02 2.557954e-12
2000284 2.496853e-01 6.047830e+01 2.557954e-12
3000550 2.496853e-01 4.807467e+01 2.557954e-12
4001267 2.496853e-01 1.209185e+01 2.557954e-12
5000302 2.496853e-01 2.032119e-06 1.705303e-12
6000289 2.496853e-01 1.872696e-11 1.591616e-12
7000500 2.496853e-01 4.545903e-14 0.000000e+00
8000042 2.496853e-01 0.000000e+00 0.000000e+00
9000209 2.496853e-01 0.000000e+00 0.000000e+00
10000000 2.496853e-01 0.000000e+00 0.000000e+00
2400 2.507830e-01 3.949967e+04 3.614321e+03
1001379 2.507830e-01 1.034507e+02 3.069545e-12
2000447 2.507830e-01 6.118451e+01 1.705303e-12
3000050 2.507830e-01 4.951537e+01 1.705303e-12
4001011 2.507830e-01 1.006388e+01 1.705303e-12
5001085 2.507830e-01 7.784514e-07 1.705303e-12
6000364 2.507830e-01 2.115973e-11 1.477929e-12
7000559 2.507830e-01 4.922766e-14 0.000000e+00
8000072 2.507830e-01 0.000000e+00 0.000000e+00
9000144 2.507830e-01 0.000000e+00 0.000000e+00
10000003 2.507830e-01 0.000000e+00 0.000000e+00
2400 2.505462e-01 3.860383e+04 3.172539e+03
1000423 2.505462e-01 1.067977e+02 4.774847e-12
2000380 2.505462e-01 6.193189e+01 1.591616e-12
3001664 2.505462e-01 5.045421e+01 1.591616e-12
4000633 2.505462e-01 6.063961e+00 1.591616e-12
5001083 2.505462e-01 2.109199e-08 1.591616e-12
6000274 2.505462e-01 1.613551e-12 3.979039e-13
7000568 2.505462e-01 3.674409e-14 0.000000e+00
8000046 2.505462e-01 0.000000e+00 0.000000e+00
9000121 2.505462e-01 0.000000e+00 0.000000e+00
9999979 2.506506e-01 0.000000e+00 0.000000e+00
2400 2.505377e-01 3.986991e+04 2.234110e+03
1000878 2.505377e-01 1.083566e+02 2.785328e-12
2001196 2.505377e-01 6.277336e+01 1.762146e-12
3000217 2.505377e-01 5.090230e+01 1.762146e-12
4001416 2.505377e-01 1.042855e+01 1.762146e-12
5000744 2.505377e-01 2.000776e-08 1.762146e-12
6000877 2.505377e-01 2.461013e-12 6.821210e-13
7000134 2.505377e-01 3.807881e-14 0.000000e+00
8000339 2.505377e-01 0.000000e+00 0.000000e+00
9000025 2.505377e-01 0.000000e+00 0.000000e+00
10000000 2.505377e-01 0.000000e+00 0.000000e+00
2400 2.506404e-01 3.916469e+04 2.785952e+03
1000529 2.506404e-01 1.030558e+02 2.728484e-12
2000821 2.506404e-01 5.933955e+01 2.728484e-12
3001115 2.506404e-01 4.575421e+01 2.557954e-12
4000689 2.506404e-01 8.197894e-03 2.557954e-12
5000531 2.506404e-01 5.323483e-09 2.557954e-12
6000024 2.506404e-01 7.633765e-13 2.273737e-13
7000305 2.506404e-01 2.802914e-14 0.000000e+00
8000376 2.506404e-01 0.000000e+00 0.000000e+00
9000050 2.506404e-01 0.000000e+00 0.000000e+00
10000003 2.506404e-01 0.000000e+00 0.000000e+00
2400 2.497604e-01 3.926961e+04 3.903615e+03
1002101 2.497604e-01 1.066152e+02 2.273737e-12
2000270 2.497604e-01 6.068167e+01 2.273737e-12
3001921 2.497604e-01 4.633986e+01 9.663381e-13
4001289 2.497604e-01 3.179950e+00 9.663381e-13
5000531 2.497604e-01 9.211844e-09 9.663381e-13
6000944 2.497604e-01 1.448092e-12 5.115908e-13
7000462 2.497604e-01 3.423167e-14 0.000000e+00
8000433 2.497604e-01 0.000000e+00 0.000000e+00
9000237 2.497604e-01 0.000000e+00 0.000000e+00
10000005 2.497604e-01 0.000000e+00 0.000000e+00
2400 2.503362e-01 3.947565e+04 2.111971e+03
1001255 2.503362e-01 1.029968e+02 3.069545e-12
2000674 2.503362e-01 6.067278e+01 1.250555e-12
3000257 2.503362e-01 4.866675e+01 1.250555e-12
4000607 2.503362e-01 8.368916e+00 1.250555e-12
5000386 2.503362e-01 1.526731e-07 1.250555e-12
6000047 2.503362e-01 5.911480e-12 1.023182e-12
7000318 2.503362e-01 4.341769e-14 0.000000e+00
8000296 2.503362e-01 0.000000e+00 0.000000e+00
9000211 2.503362e-01 0.000000e+00 0.000000e+00
10000000 2.503362e-01 0.000000e+00 0.000000e+00
2400 2.496123e-01 3.891134e+04 2.747710e+03
1001158 2.496123e-01 1.061245e+02 4.320100e-12
2001141 2.496123e-01 6.198594e+01 2.046363e-12
3003022 2.496123e-01 5.050625e+01 1.307399e-12
4001435 2.496123e-01 2.317523e+01 1.307399e-12
5001101 2.496123e-01 2.612360e-08 1.307399e-12
6000084 2.496123e-01 2.519508e-12 6.821210e-13
7000551 2.496123e-01 4.247554e-14 0.000000e+00
8000121 2.496123e-01 0.000000e+00 0.000000e+00
9000192 2.496123e-01 0.000000e+00 0.000000e+00
10000000 2.496123e-01 0.000000e+00 0.000000e+00
2400 2.508741e-01 3.908753e+04 2.067365e+03
1002070 2.508741e-01 9.786233e+01 2.103206e-12
2000741 2.508741e-01 5.816959e+01 2.103206e-12
3001115 2.508741e-01 4.647626e+01 2.103206e-12
4000201 2.508741e-01 2.585537e+00 2.103206e-12
5000965 2.508741e-01 3.503830e-06 2.103206e-12
6000523 2.508741e-01 3.216547e-11 2.046363e-12
7000117 2.508741e-01 4.938468e-14 0.000000e+00
8000312 2.508741e-01 0.000000e+00 0.000000e+00
9000105 2.508741e-01 0.000000e+00 0.000000e+00
10000002 2.508741e-01 0.000000e+00 0.000000e+00
0.00e+00 (0.00e+00): 
0.000000e+00 0.000000e+00 0.000000e+00 0.000000e+00 0.000000e+00 0.000000e+00 0.000000e+00 0.000000e+00 0.000000e+00 0.000000e+00 0.000000e+00 0.000000e+00 0.000000e+00 0.000000e+00 0.000000e+00 0.000000e+00 0.000000e+00 0.000000e+00 0.000000e+00 0.000000e+00 0.000000e+00 0.000000e+00 0.000000e+00 0.000000e+00 0.000000e+00 0.000000e+00 0.000000e+00 0.000000e+00 0.000000e+00 0.000000e+00 