600 2.481754e-01 5.268247e+11 3.101789e+04
100252 2.481754e-01 1.678677e+04 6.519940e-11
200416 2.481754e-01 2.888005e+02 2.671641e-11
300237 2.481754e-01 2.375136e-05 1.529088e-11
400062 2.481754e-01 8.831870e-14 0.000000e+00
500017 2.481754e-01 0.000000e+00 0.000000e+00
600208 2.481754e-01 0.000000e+00 0.000000e+00
700131 2.481754e-01 0.000000e+00 0.000000e+00
800121 2.481754e-01 0.000000e+00 0.000000e+00
900055 2.481754e-01 0.000000e+00 0.000000e+00
1000005 2.481754e-01 0.000000e+00 0.000000e+00
600 2.490543e-01 4.700997e+11 4.106265e+04
100196 2.490543e-01 1.724459e+04 4.513367e-11
200361 2.490543e-01 1.941384e+02 4.513367e-11
300058 2.490543e-01 9.855877e-08 2.023626e-11
400215 2.490543e-01 3.234736e-14 0.000000e+00
500151 2.490543e-01 0.000000e+00 0.000000e+00
600142 2.490543e-01 0.000000e+00 0.000000e+00
700130 2.490543e-01 0.000000e+00 0.000000e+00
800123 2.490543e-01 0.000000e+00 0.000000e+00
900040 2.490543e-01 0.000000e+00 0.000000e+00
1000005 2.490543e-01 0.000000e+00 0.000000e+00
600 2.488799e-01 5.092380e+11 2.672454e+04
100768 2.488799e-01 1.567963e+04 5.724132e-11
200471 2.488799e-01 2.582373e+02 5.724132e-11
300253 2.488799e-01 4.192418e-06 5.724132e-11
400224 2.488799e-01 7.552952e-14 0.000000e+00
500160 2.488799e-01 0.000000e+00 0.000000e+00
600115 2.488799e-01 0.000000e+00 0.000000e+00
700064 2.488799e-01 0.000000e+00 0.000000e+00
800047 2.488799e-01 0.000000e+00 0.000000e+00
900037 2.488799e-01 0.000000e+00 0.000000e+00
1000002 2.488799e-01 0.000000e+00 0.000000e+00
600 2.533213e-01 5.991491e+11 2.354643e+04
100229 2.533213e-01 1.612425e+04 4.399681e-11
200189 2.533213e-01 2.585695e+02 4.399681e-11
300011 2.533213e-01 1.122710e-05 1.722356e-11
400277 2.533213e-01 7.144684e-14 0.000000e+00
500173 2.533213e-01 0.000000e+00 0.000000e+00
600138 2.533213e-01 0.000000e+00 0.000000e+00
700093 2.533213e-01 0.000000e+00 0.000000e+00
800107 2.533213e-01 0.000000e+00 0.000000e+00
900058 2.533213e-01 0.000000e+00 0.000000e+00
1000001 2.533213e-01 0.000000e+00 0.000000e+00
600 2.465582e-01 5.381325e+11 2.555832e+04
100147 2.465582e-01 1.718690e+04 6.735945e-11
200104 2.465582e-01 3.190364e+02 6.571099e-11
300125 2.465582e-01 7.688813e-06 2.552270e-11
400311 2.465582e-01 5.621531e-14 0.000000e+00
500215 2.465582e-01 0.000000e+00 0.000000e+00
600176 2.465582e-01 0.000000e+00 0.000000e+00
700097 2.465582e-01 0.000000e+00 0.000000e+00
800090 2.465582e-01 0.000000e+00 0.000000e+00
900057 2.465582e-01 0.000000e+00 0.000000e+00
1000002 2.465582e-01 0.000000e+00 0.000000e+00
600 2.527145e-01 6.991621e+11 5.271695e+04
100376 2.527145e-01 1.938058e+04 3.967671e-11
200335 2.527145e-01 5.251738e+02 3.967671e-11
300007 2.527145e-01 6.644518e-05 1.159606e-11
400143 2.527145e-01 1.969945e-13 5.684342e-14
500130 2.527145e-01 0.000000e+00 0.000000e+00
600098 2.527145e-01 0.000000e+00 0.000000e+00
700079 2.527145e-01 0.000000e+00 0.000000e+00
800081 2.527145e-01 0.000000e+00 0.000000e+00
900000 2.527145e-01 0.000000e+00 0.000000e+00
1000002 2.527145e-01 0.000000e+00 0.000000e+00
600 2.503961e-01 5.801689e+11 2.673194e+04
100353 2.503961e-01 1.719321e+04 4.934009e-11
200265 2.503961e-01 2.550106e+02 4.934009e-11
300353 2.503961e-01 8.917136e-07 2.569323e-11
400283 2.503961e-01 4.632268e-14 0.000000e+00
500198 2.503961e-01 0.000000e+00 0.000000e+00
600124 2.503961e-01 0.000000e+00 0.000000e+00
700074 2.503961e-01 0.000000e+00 0.000000e+00
800093 2.503961e-01 0.000000e+00 0.000000e+00
900016 2.503961e-01 0.000000e+00 0.000000e+00
1000004 2.503961e-01 0.000000e+00 0.000000e+00
600 2.476866e-01 5.553268e+11 2.337411e+04
100036 2.476866e-01 1.614846e+04 5.508127e-11
200026 2.476866e-01 2.212515e+02 3.240075e-11
300036 2.476866e-01 9.102021e-07 2.501110e-11
400241 2.476866e-01 3.030602e-14 0.000000e+00
500162 2.476866e-01 0.000000e+00 0.000000e+00
600105 2.476866e-01 0.000000e+00 0.000000e+00
700047 2.476866e-01 0.000000e+00 0.000000e+00
800079 2.476866e-01 0.000000e+00 0.000000e+00
900014 2.476866e-01 0.000000e+00 0.000000e+00
1000004 2.476866e-01 0.000000e+00 0.000000e+00
600 2.470424e-01 5.041979e+11 2.760751e+04
100177 2.470424e-01 1.787592e+04 6.502887e-11
200370 2.470424e-01 3.860352e+02 6.502887e-11
300171 2.470424e-01 3.417206e-06 3.768719e-11
400179 2.470424e-01 6.185441e-14 0.000000e+00
500105 2.470424e-01 0.000000e+00 0.000000e+00
600088 2.470424e-01 0.000000e+00 0.000000e+00
700045 2.470424e-01 0.000000e+00 0.000000e+00
800064 2.470424e-01 0.000000e+00 0.000000e+00
900054 2.470424e-01 0.000000e+00 0.000000e+00
1000004 2.470424e-01 0.000000e+00 0.000000e+00
600 2.519750e-01 4.628521e+11 2.754107e+04
100081 2.519750e-01 1.726554e+04 4.411049e-11
200480 2.519750e-01 3.470913e+02 4.411049e-11
300088 2.519750e-01 3.839795e-06 3.575451e-11
400225 2.519750e-01 5.040535e-14 0.000000e+00
500126 2.519750e-01 0.000000e+00 0.000000e+00
600084 2.519750e-01 0.000000e+00 0.000000e+00
700063 2.519750e-01 0.000000e+00 0.000000e+00
800097 2.519750e-01 0.000000e+00 0.000000e+00
900042 2.519750e-01 0.000000e+00 0.000000e+00
1000000 2.519750e-01 0.000000e+00 0.000000e+00
600 2.481702e-01 4.703348e+11 2.904467e+04
100374 2.481702e-01 1.794367e+04 6.264145e-11
200097 2.481702e-01 2.461388e+02 5.314860e-11
300345 2.481702e-01 1.374342e-06 2.751221e-11
400116 2.481702e-01 3.225825e-14 0.000000e+00
500032 2.481702e-01 0.000000e+00 0.000000e+00
600011 2.481702e-01 0.000000e+00 0.000000e+00
700157 2.481702e-01 0.000000e+00 0.000000e+00
800046 2.481702e-01 0.000000e+00 0.000000e+00
900013 2.481702e-01 0.000000e+00 0.000000e+00
1000004 2.481702e-01 0.000000e+00 0.000000e+00
600 2.493656e-01 5.593800e+11 2.413095e+04
100319 2.493656e-01 1.526767e+04 5.104539e-11
200199 2.493656e-01 2.175213e+02 3.132072e-11
300108 2.493656e-01 2.411287e-07 9.777068e-12
400050 2.493656e-01 2.270605e-14 0.000000e+00
500034 2.493656e-01 0.000000e+00 0.000000e+00
600224 2.493656e-01 0.000000e+00 0.000000e+00
700138 2.493656e-01 0.000000e+00 0.000000e+00
800111 2.493656e-01 0.000000e+00 0.000000e+00
900052 2.493656e-01 0.000000e+00 0.000000e+00
1000005 2.493656e-01 0.000000e+00 0.000000e+00
600 2.490850e-01 5.392295e+11 3.528725e+04
100194 2.490850e-01 1.596619e+04 5.655920e-11
200154 2.490850e-01 2.153244e+02 5.655920e-11
300033 2.490850e-01 4.867271e-07 2.700062e-11
400124 2.490850e-01 3.836539e-14 0.000000e+00
500040 2.490850e-01 0.000000e+00 0.000000e+00
600051 2.490850e-01 0.000000e+00 0.000000e+00
700037 2.490850e-01 0.000000e+00 0.000000e+00
800060 2.490850e-01 0.000000e+00 0.000000e+00
900024 2.490850e-01 0.000000e+00 0.000000e+00
1000001 2.490850e-01 0.000000e+00 0.000000e+00
600 2.490583e-01 4.970976e+11 2.954372e+04
100265 2.490583e-01 1.663673e+04 6.087930e-11
200351 2.490583e-01 3.555861e+02 6.087930e-11
300209 2.490583e-01 6.131657e-06 4.655476e-11
400096 2.490583e-01 5.167584e-14 0.000000e+00
500016 2.490583e-01 0.000000e+00 0.000000e+00
600219 2.490583e-01 0.000000e+00 0.000000e+00
700118 2.490583e-01 0.000000e+00 0.000000e+00
800008 2.490583e-01 0.000000e+00 0.000000e+00
900009 2.490583e-01 0.000000e+00 0.000000e+00
1000005 2.490583e-01 0.000000e+00 0.000000e+00
600 2.487310e-01 5.607632e+11 2.518259e+04
100099 2.487310e-01 1.592997e+04 6.042455e-11
200337 2.487310e-01 2.615988e+02 4.706635e-11
300012 2.487310e-01 4.251257e-06 4.399681e-11
400201 2.487310e-01 5.401695e-14 0.000000e+00
500104 2.487310e-01 0.000000e+00 0.000000e+00
600057 2.487310e-01 0.000000e+00 0.000000e+00
700022 2.487310e-01 0.000000e+00 0.000000e+00
800090 2.487310e-01 0.000000e+00 0.000000e+00
900044 2.487310e-01 0.000000e+00 0.000000e+00
1000000 2.487310e-01 0.000000e+00 0.000000e+00
600 2.490479e-01 4.879115e+11 2.321423e+04
100213 2.490479e-01 1.521350e+04 6.565415e-11
200426 2.490479e-01 1.803092e+02 6.309619e-11
300363 2.490479e-01 8.074157e-07 8.526513e-12
400134 2.490479e-01 3.178847e-14 0.000000e+00
500048 2.490479e-01 0.000000e+00 0.000000e+00
600028 2.490479e-01 0.000000e+00 0.000000e+00
700182 2.490479e-01 0.000000e+00 0.000000e+00
800039 2.490479e-01 0.000000e+00 0.000000e+00
900041 2.490479e-01 0.000000e+00 0.000000e+00
999993 2.494630e-01 0.000000e+00 0.000000e+00
600 2.473587e-01 4.160705e+11 2.866430e+04
100429 2.473587e-01 1.770567e+04 5.894663e-11
200085 2.473587e-01 3.777395e+02 5.894663e-11
300279 2.473587e-01 1.146664e-05 1.961098e-11
400230 2.473587e-01 6.783524e-14 0.000000e+00
500130 2.473587e-01 0.000000e+00 0.000000e+00
600097 2.473587e-01 0.000000e+00 0.000000e+00
700059 2.473587e-01 0.000000e+00 0.000000e+00
800041 2.473587e-01 0.000000e+00 0.000000e+00
900055 2.473587e-01 0.000000e+00 0.000000e+00
1000000 2.473587e-01 0.000000e+00 0.000000e+00
600 2.476152e-01 5.225093e+11 2.271064e+04
100366 2.476152e-01 1.441210e+04 6.281198e-11
200010 2.476152e-01 2.352566e+02 6.281198e-11
300339 2.476152e-01 2.246917e-05 4.581580e-11
400203 2.476152e-01 1.205960e-13 5.684342e-14
500141 2.476152e-01 0.000000e+00 0.000000e+00
600111 2.476152e-01 0.000000e+00 0.000000e+00
700055 2.476152e-01 0.000000e+00 0.000000e+00
800048 2.476152e-01 0.000000e+00 0.000000e+00
900025 2.476152e-01 0.000000e+00 0.000000e+00
999990 2.480279e-01 0.000000e+00 0.000000e+00
600 2.465476e-01 4.449427e+11 2.478523e+04
100149 2.465476e-01 1.720432e+04 6.349410e-11
200120 2.465476e-01 2.609706e+02 4.706635e-11
300062 2.465476e-01 1.547049e-06 5.911716e-12
400282 2.465476e-01 4.506647e-14 0.000000e+00
500197 2.465476e-01 0.000000e+00 0.000000e+00
600125 2.465476e-01 0.000000e+00 0.000000e+00
700086 2.465476e-01 0.000000e+00 0.000000e+00
800096 2.465476e-01 0.000000e+00 0.000000e+00
900009 2.465476e-01 0.000000e+00 0.000000e+00
1000004 2.465476e-01 0.000000e+00 0.000000e+00
600 2.501597e-01 5.031857e+11 2.093177e+04
100460 2.501597e-01 1.749423e+04 3.149125e-11
200391 2.501597e-01 1.778980e+02 3.149125e-11
300279 2.501597e-01 9.871841e-07 6.139089e-12
400335 2.501597e-01 4.428134e-14 0.000000e+00
500213 2.501597e-01 0.000000e+00 0.000000e+00
600190 2.501597e-01 0.000000e+00 0.000000e+00
700127 2.501597e-01 0.000000e+00 0.000000e+00
800107 2.501597e-01 0.000000e+00 0.000000e+00
900015 2.501597e-01 0.000000e+00 0.000000e+00
1000005 2.501597e-01 0.000000e+00 0.000000e+00
600 2.502538e-01 5.769605e+11 2.135949e+04
100033 2.502538e-01 1.841624e+04 6.468781e-11
200064 2.502538e-01 4.237466e+02 5.712764e-11
300151 2.502538e-01 1.391181e-06 2.268052e-11
400096 2.502538e-01 3.977473e-14 0.000000e+00
500024 2.502538e-01 0.000000e+00 0.000000e+00
600236 2.502538e-01 0.000000e+00 0.000000e+00
700145 2.502538e-01 0.000000e+00 0.000000e+00
800008 2.502538e-01 0.000000e+00 0.000000e+00
900027 2.502538e-01 0.000000e+00 0.000000e+00
1000004 2.502538e-01 0.000000e+00 0.000000e+00
600 2.514565e-01 6.414292e+11 3.046149e+04
100535 2.514565e-01 1.516939e+04 5.945822e-11
200459 2.514565e-01 1.536976e+02 5.081802e-11
300227 2.514565e-01 2.490133e-07 4.200729e-11
400249 2.514565e-01 3.721517e-14 0.000000e+00
500135 2.514565e-01 0.000000e+00 0.000000e+00
600070 2.514565e-01 0.000000e+00 0.000000e+00
700030 2.514565e-01 0.000000e+00 0.000000e+00
800070 2.514565e-01 0.000000e+00 0.000000e+00
900027 2.514565e-01 0.000000e+00 0.000000e+00
1000005 2.514565e-01 0.000000e+00 0.000000e+00
600 2.492795e-01 5.264362e+11 2.699547e+04
100213 2.492795e-01 1.579436e+04 5.292122e-11
200263 2.492795e-01 1.730694e+02 4.683898e-11
300033 2.492795e-01 5.520438e-07 4.564527e-11
400224 2.492795e-01 3.909948e-14 0.000000e+00
500149 2.492795e-01 0.000000e+00 0.000000e+00
600094 2.492795e-01 0.000000e+00 0.000000e+00
700060 2.492795e-01 0.000000e+00 0.000000e+00
800033 2.492795e-01 0.000000e+00 0.000000e+00
900049 2.492795e-01 0.000000e+00 0.000000e+00
1000002 2.492795e-01 0.000000e+00 0.000000e+00
600 2.518942e-01 5.921797e+11 2.502147e+04
100040 2.518942e-01 1.710644e+04 6.104983e-11
200051 2.518942e-01 3.331372e+02 5.536549e-11
300006 2.518942e-01 4.308392e-05 2.245315e-11
400084 2.518942e-01 8.518683e-14 0.000000e+00
500026 2.518942e-01 0.000000e+00 0.000000e+00
600217 2.518942e-01 0.000000e+00 0.000000e+00
700119 2.518942e-01 0.000000e+00 0.000000e+00
800111 2.518942e-01 0.000000e+00 0.000000e+00
900036 2.518942e-01 0.000000e+00 0.000000e+00
1000000 2.518942e-01 0.000000e+00 0.000000e+00
600 2.488026e-01 5.522614e+11 8.825651e+03
100415 2.488026e-01 1.762895e+04 5.462653e-11
200094 2.488026e-01 3.488392e+02 5.462653e-11
300248 2.488026e-01 4.395052e-06 4.752110e-11
400254 2.488026e-01 5.794260e-14 0.000000e+00
500151 2.488026e-01 0.000000e+00 0.000000e+00
600120 2.488026e-01 0.000000e+00 0.000000e+00
700082 2.488026e-01 0.000000e+00 0.000000e+00
800122 2.488026e-01 0.000000e+00 0.000000e+00
900010 2.488026e-01 0.000000e+00 0.000000e+00
1000005 2.488026e-01 0.000000e+00 0.000000e+00
600 2.487115e-01 5.396114e+11 3.650960e+04
100081 2.487115e-01 1.789792e+04 4.700951e-11
200117 2.487115e-01 3.885246e+02 4.700951e-11
300276 2.487115e-01 6.878202e-06 1.767830e-11
400286 2.487115e-01 5.966989e-14 0.000000e+00
500190 2.487115e-01 0.000000e+00 0.000000e+00
600162 2.487115e-01 0.000000e+00 0.000000e+00
700095 2.487115e-01 0.000000e+00 0.000000e+00
800057 2.487115e-01 0.000000e+00 0.000000e+00
900063 2.487115e-01 0.000000e+00 0.000000e+00
1000002 2.487115e-01 0.000000e+00 0.000000e+00
600 2.495761e-01 5.691356e+11 9.736484e+03
100095 2.495761e-01 1.434934e+04 5.934453e-11
200040 2.495761e-01 1.433573e+02 5.383072e-11
300452 2.495761e-01 2.367728e-08 4.160938e-11
400113 2.495761e-01 2.677748e-14 0.000000e+00
500073 2.495761e-01 0.000000e+00 0.000000e+00
600031 2.495761e-01 0.000000e+00 0.000000e+00
700002 2.495761e-01 0.000000e+00 0.000000e+00
800024 2.495761e-01 0.000000e+00 0.000000e+00
900046 2.495761e-01 0.000000e+00 0.000000e+00
1000002 2.495761e-01 0.000000e+00 0.000000e+00
600 2.533821e-01 5.571729e+11 1.324214e+04
100391 2.533821e-01 1.683628e+04 4.922640e-11
200109 2.533821e-01 3.099803e+02 4.922640e-11
300357 2.533821e-01 4.089215e-05 1.347189e-11
400332 2.533821e-01 1.730427e-13 5.684342e-14
500209 2.533821e-01 0.000000e+00 0.000000e+00
600138 2.533821e-01 0.000000e+00 0.000000e+00
700092 2.533821e-01 0.000000e+00 0.000000e+00
800086 2.533821e-01 0.000000e+00 0.000000e+00
900008 2.533821e-01 0.000000e+00 0.000000e+00
1000001 2.533821e-01 0.000000e+00 0.000000e+00
600 2.498448e-01 6.029217e+11 1.657589e+04
100270 2.498448e-01 1.505119e+04 3.058176e-11
200159 2.498448e-01 1.907160e+02 2.387424e-11
300370 2.498448e-01 3.746321e-06 8.981260e-12
400195 2.498448e-01 4.679375e-14 0.000000e+00
500121 2.498448e-01 0.000000e+00 0.000000e+00
600058 2.498448e-01 0.000000e+00 0.000000e+00
700027 2.498448e-01 0.000000e+00 0.000000e+00
800059 2.498448e-01 0.000000e+00 0.000000e+00
900025 2.498448e-01 0.000000e+00 0.000000e+00
1000002 2.498448e-01 0.000000e+00 0.000000e+00
600 2.496758e-01 5.657768e+11 3.383109e+04
100256 2.496758e-01 1.690324e+04 6.150458e-11
200029 2.496758e-01 2.290992e+02 4.956746e-11
300082 2.496758e-01 2.123763e-06 4.041567e-11
400095 2.496758e-01 5.418133e-14 0.000000e+00
500023 2.496758e-01 0.000000e+00 0.000000e+00
600037 2.496758e-01 0.000000e+00 0.000000e+00
700168 2.496758e-01 0.000000e+00 0.000000e+00
800028 2.496758e-01 0.000000e+00 0.000000e+00
900059 2.496758e-01 0.000000e+00 0.000000e+00
1000002 2.496758e-01 0.000000e+00 0.000000e+00
0.00e+00 (0.00e+00): 
0.000000e+00 0.000000e+00 0.000000e+00 0.000000e+00 0.000000e+00 0.000000e+00 0.000000e+00 0.000000e+00 0.000000e+00 0.000000e+00 0.000000e+00 0.000000e+00 0.000000e+00 0.000000e+00 0.000000e+00 0.000000e+00 0.000000e+00 0.000000e+00 0.000000e+00 0.000000e+00 0.000000e+00 0.000000e+00 0.000000e+00 0.000000e+00 0.000000e+00 0.000000e+00 0.000000e+00 0.000000e+00 0.000000e+00 0.000000e+00 