2400 2.506985e-01 2.114034e+02 7.966147e+01
1001590 2.506985e-01 2.205976e+00 6.431633e-01
2001740 2.506985e-01 4.900901e-03 2.141516e-03
3000932 2.506985e-01 5.502004e-06 1.889061e-06
4000579 2.506985e-01 3.778531e-12 1.818989e-12
5000751 2.506985e-01 1.140648e-13 1.136868e-13
6000260 2.506985e-01 1.136868e-13 1.136868e-13
7000483 2.506985e-01 1.136868e-13 1.136868e-13
8000343 2.506985e-01 1.125148e-13 0.000000e+00
9000056 2.506985e-01 1.071904e-13 0.000000e+00
10000002 2.506985e-01 0.000000e+00 0.000000e+00
2400 2.506362e-01 2.121753e+02 8.365148e+01
1001169 2.506362e-01 2.497409e+00 5.528635e-01
2000273 2.506362e-01 6.446913e-03 2.661995e-03
3001338 2.506362e-01 6.710263e-06 1.887383e-06
4000961 2.506362e-01 4.946205e-12 2.387424e-12
5001001 2.506362e-01 1.136868e-13 1.136868e-13
6000546 2.506362e-01 1.136868e-13 1.136868e-13
7000197 2.506362e-01 1.136868e-13 1.136868e-13
8000218 2.506362e-01 1.136868e-13 1.136868e-13
9000208 2.506362e-01 1.136868e-13 1.136868e-13
10000004 2.506362e-01 0.000000e+00 0.000000e+00
2400 2.503384e-01 2.124694e+02 9.222275e+01
1000707 2.503384e-01 2.514475e+00 7.206205e-01
2000114 2.503384e-01 7.086069e-03 2.582470e-03
3001565 2.503384e-01 1.087312e-05 2.687155e-06
4001205 2.503384e-01 8.622855e-12 4.206413e-12
5001122 2.503384e-01 1.139703e-13 1.136868e-13
6000473 2.503384e-01 1.136868e-13 1.136868e-13
7000050 2.503384e-01 1.133728e-13 0.000000e+00
8000203 2.503384e-01 1.132180e-13 0.000000e+00
9000089 2.503384e-01 1.127588e-13 0.000000e+00
10000000 2.503384e-01 0.000000e+00 0.000000e+00
2400 2.518746e-01 2.115058e+02 9.745431e+01
1001215 2.518746e-01 2.463038e+00 8.178489e-01
2000199 2.518746e-01 5.495312e-03 2.395927e-03
3001526 2.518746e-01 8.284236e-06 2.416927e-06
4001035 2.518746e-01 6.308516e-12 2.614797e-12
5001020 2.518746e-01 1.147264e-13 1.136868e-13
6000627 2.518746e-01 1.136868e-13 1.136868e-13
7000043 2.518746e-01 1.136868e-13 1.136868e-13
8000199 2.518746e-01 1.136868e-13 1.136868e-13
9000013 2.518746e-01 1.136868e-13 1.136868e-13
10000004 2.518746e-01 1.136868e-13 1.136868e-13
2400 2.495045e-01 2.109642e+02 9.089089e+01
1001250 2.495045e-01 2.745920e+00 7.076006e-01
2001299 2.495045e-01 7.710729e-03 3.208782e-03
3001319 2.495045e-01 9.958110e-06 2.641645e-06
4000855 2.495045e-01 7.588262e-12 3.979039e-12
5000950 2.495045e-01 1.161439e-13 1.136868e-13
6000351 2.495045e-01 1.136868e-13 1.136868e-13
7000162 2.495045e-01 1.136868e-13 1.136868e-13
8000073 2.495045e-01 1.134524e-13 0.000000e+00
9000052 2.495045e-01 1.127588e-13 0.000000e+00
10000003 2.495045e-01 0.000000e+00 0.000000e+00
2400 2.498388e-01 2.122180e+02 9.589209e+01
1000191 2.498388e-01 2.601826e+00 7.458945e-01
2003056 2.498388e-01 8.191896e-03 3.685931e-03
3000965 2.498388e-01 1.215068e-05 3.775562e-06
4000976 2.498388e-01 1.011978e-11 4.888534e-12
5000011 2.498388e-01 1.152934e-13 1.136868e-13
6000710 2.498388e-01 1.136868e-13 1.136868e-13
7000298 2.498388e-01 1.136868e-13 1.136868e-13
8000155 2.498388e-01 1.132180e-13 0.000000e+00
9000176 2.498388e-01 1.122948e-13 0.000000e+00
9999995 2.499429e-01 0.000000e+00 0.000000e+00
2400 2.511137e-01 2.115867e+02 1.014995e+02
1000330 2.511137e-01 2.435251e+00 8.018323e-01
2001670 2.511137e-01 5.908399e-03 2.564203e-03
3000367 2.511137e-01 7.061197e-06 2.158007e-06
4000313 2.511137e-01 4.132040e-12 1.932676e-12
5000746 2.511137e-01 1.136868e-13 1.136868e-13
6000270 2.511137e-01 1.136868e-13 1.136868e-13
7000573 2.511137e-01 1.136868e-13 1.136868e-13
8000050 2.511137e-01 1.134524e-13 0.000000e+00
9000096 2.511137e-01 1.132228e-13 0.000000e+00
10000001 2.511137e-01 0.000000e+00 0.000000e+00
2400 2.495682e-01 2.106543e+02 1.062317e+02
1000959 2.495682e-01 1.807139e+00 6.237477e-01
2001687 2.495682e-01 3.709665e-03 1.509117e-03
3000812 2.495682e-01 2.798239e-06 9.437381e-07
4000370 2.495682e-01 2.073386e-12 1.136868e-12
5000455 2.495682e-01 1.136868e-13 1.136868e-13
6000818 2.495682e-01 1.136868e-13 1.136868e-13
7000284 2.495682e-01 1.136868e-13 1.136868e-13
8000256 2.495682e-01 1.136868e-13 1.136868e-13
9000236 2.495682e-01 1.136868e-13 1.136868e-13
10000005 2.495682e-01 1.136868e-13 1.136868e-13
2400 2.504202e-01 2.121131e+02 1.056751e+02
1001258 2.504202e-01 2.436868e+00 7.955034e-01
2000605 2.504202e-01 6.478053e-03 3.115707e-03
3001257 2.504202e-01 9.767471e-06 2.816988e-06
4000855 2.504202e-01 4.762399e-12 2.614797e-12
5000998 2.504202e-01 1.136868e-13 1.136868e-13
6000336 2.504202e-01 1.136868e-13 1.136868e-13
7000050 2.504202e-01 1.136868e-13 1.136868e-13
8000441 2.504202e-01 1.136868e-13 1.136868e-13
9000180 2.504202e-01 1.136868e-13 1.136868e-13
10000005 2.504202e-01 0.000000e+00 0.000000e+00
2400 2.498864e-01 2.105369e+02 1.020394e+02
1000109 2.498864e-01 2.559450e+00 8.597484e-01
2001560 2.498864e-01 7.806638e-03 2.293872e-03
3000458 2.498864e-01 1.194598e-05 3.796196e-06
4000076 2.498864e-01 9.729403e-12 4.774847e-12
5000471 2.498864e-01 1.144429e-13 1.136868e-13
6000041 2.498864e-01 1.136868e-13 1.136868e-13
7000511 2.498864e-01 1.136868e-13 1.136868e-13
8000442 2.498864e-01 1.134524e-13 0.000000e+00
9000203 2.498864e-01 1.132228e-13 0.000000e+00
10000000 2.498864e-01 0.000000e+00 0.000000e+00
2400 2.502866e-01 2.117626e+02 9.226694e+01
1000818 2.502866e-01 2.362097e+00 7.308532e-01
2001844 2.502866e-01 5.711892e-03 2.489643e-03
3001111 2.502866e-01 6.377756e-06 2.047496e-06
4000871 2.502866e-01 3.598429e-12 1.818989e-12
5000829 2.502866e-01 1.135923e-13 0.000000e+00
6000288 2.502866e-01 1.135689e-13 0.000000e+00
7000019 2.502866e-01 1.135298e-13 0.000000e+00
8000343 2.502866e-01 1.134524e-13 0.000000e+00
9000064 2.502866e-01 1.127588e-13 0.000000e+00
10000000 2.502866e-01 0.000000e+00 0.000000e+00
2400 2.494391e-01 2.113648e+02 9.148510e+01
1000398 2.494391e-01 2.207965e+00 7.781023e-01
2000498 2.494391e-01 6.153934e-03 2.804538e-03
3001429 2.494391e-01 6.810815e-06 2.237737e-06
4000862 2.494391e-01 4.585448e-12 1.705303e-12
5001140 2.494391e-01 1.141594e-13 1.136868e-13
6000615 2.494391e-01 1.136868e-13 1.136868e-13
7000228 2.494391e-01 1.136868e-13 1.136868e-13
8000033 2.494391e-01 1.136868e-13 1.136868e-13
9000201 2.494391e-01 1.132228e-13 0.000000e+00
9999956 2.495430e-01 0.000000e+00 0.000000e+00
2400 2.506215e-01 2.121855e+02 1.047545e+02
1001396 2.506215e-01 2.569480e+00 8.663173e-01
2000522 2.506215e-01 5.894127e-03 2.185194e-03
3000703 2.506215e-01 8.075818e-06 2.022901e-06
4000464 2.506215e-01 5.694032e-12 2.614797e-12
5000664 2.506215e-01 1.136868e-13 1.136868e-13
6000016 2.506215e-01 1.136868e-13 1.136868e-13
7000619 2.506215e-01 1.136868e-13 1.136868e-13
8000074 2.506215e-01 1.136868e-13 1.136868e-13
9000226 2.506215e-01 1.136868e-13 1.136868e-13
10000002 2.506215e-01 1.136868e-13 1.136868e-13
2400 2.501195e-01 2.129774e+02 1.023847e+02
1001281 2.501195e-01 2.506479e+00 8.519231e-01
2001512 2.501195e-01 5.425458e-03 2.393136e-03
3000783 2.501195e-01 5.528166e-06 1.519356e-06
4000576 2.501195e-01 3.944768e-12 2.046363e-12
5000714 2.501195e-01 1.150099e-13 0.000000e+00
6000267 2.501195e-01 1.134510e-13 0.000000e+00
7000660 2.501195e-01 1.133728e-13 0.000000e+00
8000280 2.501195e-01 1.132180e-13 0.000000e+00
9000215 2.501195e-01 1.127588e-13 0.000000e+00
10000005 2.501195e-01 0.000000e+00 0.000000e+00
2400 2.481803e-01 2.124831e+02 1.052704e+02
1002890 2.481803e-01 1.967540e+00 6.066695e-01
2000075 2.481803e-01 6.092063e-03 2.231920e-03
3000716 2.481803e-01 9.796204e-06 2.931786e-06
4000477 2.481803e-01 7.857076e-12 3.865352e-12
5000674 2.481803e-01 1.141594e-13 1.136868e-13
6000249 2.481803e-01 1.136868e-13 1.136868e-13
7000721 2.481803e-01 1.136868e-13 1.136868e-13
8000076 2.481803e-01 1.136868e-13 1.136868e-13
9000152 2.481803e-01 1.136868e-13 1.136868e-13
10000003 2.481803e-01 0.000000e+00 0.000000e+00
2400 2.493744e-01 2.116107e+02 8.200502e+01
1001512 2.493744e-01 2.487278e+00 8.699385e-01
2000231 2.493744e-01 6.743348e-03 2.597049e-03
3000504 2.493744e-01 8.734055e-06 2.039372e-06
4000203 2.493744e-01 6.925600e-12 3.524292e-12
5000571 2.493744e-01 1.138758e-13 1.136868e-13
6000167 2.493744e-01 1.136868e-13 1.136868e-13
7000291 2.493744e-01 1.136868e-13 1.136868e-13
8000277 2.493744e-01 1.136868e-13 1.136868e-13
9000062 2.493744e-01 1.136868e-13 1.136868e-13
10000001 2.493744e-01 1.136868e-13 1.136868e-13
2400 2.498025e-01 2.114879e+02 1.023582e+02
1000091 2.498025e-01 2.621719e+00 5.842680e-01
2001210 2.498025e-01 7.163748e-03 2.891258e-03
3001122 2.498025e-01 1.133900e-05 3.407992e-06
4000692 2.498025e-01 8.535179e-12 4.092726e-12
5000940 2.498025e-01 1.145374e-13 1.136868e-13
6000661 2.498025e-01 1.136868e-13 1.136868e-13
7000386 2.498025e-01 1.136868e-13 1.136868e-13
8000405 2.498025e-01 1.136868e-13 1.136868e-13
9000052 2.498025e-01 1.136868e-13 1.136868e-13
10000001 2.498025e-01 1.136868e-13 1.136868e-13
2400 2.496571e-01 2.136378e+02 1.055390e+02
1000994 2.496571e-01 2.490910e+00 8.405373e-01
2001284 2.496571e-01 6.606197e-03 2.716231e-03
3000227 2.496571e-01 7.391789e-06 2.285070e-06
4001427 2.496571e-01 4.348403e-12 1.932676e-12
5000282 2.496571e-01 1.136868e-13 1.136868e-13
6000679 2.496571e-01 1.135689e-13 0.000000e+00
7000310 2.496571e-01 1.135298e-13 0.000000e+00
8000125 2.496571e-01 1.134524e-13 0.000000e+00
9000238 2.496571e-01 1.132228e-13 0.000000e+00
10000005 2.496571e-01 0.000000e+00 0.000000e+00
2400 2.504732e-01 2.117738e+02 8.130357e+01
1000346 2.504732e-01 2.541486e+00 8.624989e-01
2001092 2.504732e-01 5.903252e-03 2.354320e-03
3000788 2.504732e-01 6.523536e-06 2.053150e-06
4000356 2.504732e-01 4.146851e-12 1.932676e-12
5000443 2.504732e-01 1.136868e-13 1.136868e-13
6000195 2.504732e-01 1.136868e-13 1.136868e-13
7000626 2.504732e-01 1.136868e-13 1.136868e-13
8000403 2.504732e-01 1.136868e-13 1.136868e-13
9000027 2.504732e-01 1.136868e-13 1.136868e-13
9999980 2.505776e-01 1.136868e-13 1.136868e-13
2400 2.494730e-01 2.129226e+02 8.516812e+01
1001232 2.494730e-01 2.339324e+00 7.121626e-01
2000666 2.494730e-01 6.556290e-03 2.056590e-03
3000067 2.494730e-01 9.529653e-06 2.695910e-06
4001322 2.494730e-01 5.688599e-12 2.842171e-12
5000276 2.494730e-01 1.144429e-13 1.136868e-13
6000590 2.494730e-01 1.136868e-13 1.136868e-13
7000233 2.494730e-01 1.136868e-13 1.136868e-13
8000308 2.494730e-01 1.136868e-13 1.136868e-13
9000075 2.494730e-01 1.136868e-13 1.136868e-13
10000004 2.494730e-01 1.136868e-13 1.136868e-13
2400 2.499714e-01 2.114045e+02 7.376715e+01
1002074 2.499714e-01 2.096909e+00 6.294958e-01
2001821 2.499714e-01 5.709860e-03 2.292189e-03
3001137 2.499714e-01 8.348912e-06 2.800218e-06
4000928 2.499714e-01 3.987863e-12 2.046363e-12
5001098 2.499714e-01 1.136868e-13 1.136868e-13
6000291 2.499714e-01 1.136868e-13 1.136868e-13
7000723 2.499714e-01 1.136868e-13 1.136868e-13
8000475 2.499714e-01 1.136868e-13 1.136868e-13
9000033 2.499714e-01 1.136868e-13 1.136868e-13
10000005 2.499714e-01 1.136868e-13 1.136868e-13
2400 2.496853e-01 2.123273e+02 1.011159e+02
1000797 2.496853e-01 2.632707e+00 8.460095e-01
2001603 2.496853e-01 7.589280e-03 3.446824e-03
3001373 2.496853e-01 1.094498e-05 3.572880e-06
4000950 2.496853e-01 8.524307e-12 4.092726e-12
5000001 2.496853e-01 1.146319e-13 1.136868e-13
6000788 2.496853e-01 1.136868e-13 1.136868e-13
7000001 2.496853e-01 1.136868e-13 1.136868e-13
8000081 2.496853e-01 1.136868e-13 1.136868e-13
9000125 2.496853e-01 1.136868e-13 1.136868e-13
9999988 2.497893e-01 1.136868e-13 1.136868e-13
2400 2.507830e-01 2.120784e+02 8.821803e+01
1001011 2.507830e-01 2.362133e+00 7.523502e-01
2000760 2.507830e-01 5.794307e-03 2.668599e-03
3000308 2.507830e-01 7.096153e-06 1.809528e-06
4001388 2.507830e-01 4.425351e-12 2.046363e-12
5000412 2.507830e-01 1.135923e-13 0.000000e+00
6000077 2.507830e-01 1.135689e-13 0.000000e+00
7000496 2.507830e-01 1.133728e-13 0.000000e+00
8000130 2.507830e-01 1.132180e-13 0.000000e+00
9000170 2.507830e-01 1.127588e-13 0.000000e+00
10000005 2.507830e-01 0.000000e+00 0.000000e+00
2400 2.505462e-01 2.118994e+02 9.173803e+01
1001721 2.505462e-01 2.062441e+00 6.533724e-01
2001775 2.505462e-01 5.622025e-03 2.531039e-03
3000195 2.505462e-01 5.827826e-06 1.786399e-06
4001433 2.505462e-01 4.568051e-12 2.160050e-12
5000336 2.505462e-01 1.136868e-13 1.136868e-13
6000811 2.505462e-01 1.136868e-13 1.136868e-13
7000208 2.505462e-01 1.136868e-13 1.136868e-13
8000337 2.505462e-01 1.136868e-13 1.136868e-13
9000231 2.505462e-01 1.136868e-13 1.136868e-13
10000000 2.505462e-01 1.136868e-13 1.136868e-13
2400 2.505377e-01 2.129904e+02 1.058941e+02
1000108 2.505377e-01 2.360138e+00 7.864720e-01
2000231 2.505377e-01 7.300362e-03 3.009391e-03
3000452 2.505377e-01 9.870496e-06 2.186122e-06
4001422 2.505377e-01 6.008452e-12 2.501110e-12
5000283 2.505377e-01 1.150099e-13 1.136868e-13
6000731 2.505377e-01 1.136868e-13 1.136868e-13
7000481 2.505377e-01 1.136868e-13 1.136868e-13
8000378 2.505377e-01 1.136868e-13 1.136868e-13
9000169 2.505377e-01 1.136868e-13 1.136868e-13
10000004 2.505377e-01 0.000000e+00 0.000000e+00
2400 2.506404e-01 2.117632e+02 8.116147e+01
1001491 2.506404e-01 2.165810e+00 7.336267e-01
2002014 2.506404e-01 6.074225e-03 2.620409e-03
3000899 2.506404e-01 8.580063e-06 2.315304e-06
4000550 2.506404e-01 6.844609e-12 3.410605e-12
5000655 2.506404e-01 1.139703e-13 1.136868e-13
6000937 2.506404e-01 1.136868e-13 1.136868e-13
7000620 2.506404e-01 1.136868e-13 1.136868e-13
8000181 2.506404e-01 1.136868e-13 1.136868e-13
9000157 2.506404e-01 1.136868e-13 1.136868e-13
10000004 2.506404e-01 0.000000e+00 0.000000e+00
2400 2.497604e-01 2.108141e+02 1.000933e+02
1001195 2.497604e-01 2.446410e+00 7.987015e-01
2001282 2.497604e-01 7.027009e-03 2.728261e-03
3001374 2.497604e-01 9.548791e-06 2.709780e-06
4000956 2.497604e-01 6.765824e-12 2.614797e-12
5000996 2.497604e-01 1.168054e-13 1.136868e-13
6000416 2.497604e-01 1.136868e-13 1.136868e-13
7000403 2.497604e-01 1.136868e-13 1.136868e-13
8000455 2.497604e-01 1.134524e-13 0.000000e+00
9000040 2.497604e-01 1.132228e-13 0.000000e+00
10000003 2.497604e-01 0.000000e+00 0.000000e+00
2400 2.503362e-01 2.121382e+02 8.652960e+01
1000529 2.503362e-01 2.224134e+00 7.411452e-01
2001434 2.503362e-01 4.125183e-03 1.749097e-03
3000377 2.503362e-01 2.773996e-06 8.433150e-07
4000231 2.503362e-01 1.804493e-12 9.094947e-13
5000588 2.503362e-01 1.136868e-13 1.136868e-13
6000151 2.503362e-01 1.135689e-13 0.000000e+00
7000006 2.503362e-01 1.135298e-13 0.000000e+00
8000335 2.503362e-01 1.132180e-13 0.000000e+00
9000100 2.503362e-01 1.118307e-13 0.000000e+00
9999972 2.504405e-01 0.000000e+00 0.000000e+00
2400 2.496123e-01 2.110930e+02 9.502293e+01
1000478 2.496123e-01 2.695490e+00 8.369208e-01
2001797 2.496123e-01 7.918887e-03 3.742405e-03
3001251 2.496123e-01 1.106230e-05 3.528977e-06
4000798 2.496123e-01 9.806534e-12 4.092726e-12
5000821 2.496123e-01 1.152934e-13 1.136868e-13
6000272 2.496123e-01 1.136868e-13 1.136868e-13
7000147 2.496123e-01 1.136868e-13 1.136868e-13
8000319 2.496123e-01 1.136868e-13 1.136868e-13
9000200 2.496123e-01 1.136868e-13 1.136868e-13
10000004 2.496123e-01 0.000000e+00 0.000000e+00
2400 2.508741e-01 2.130477e+02 9.051122e+01
1000390 2.508741e-01 2.155547e+00 7.189407e-01
2000848 2.508741e-01 5.776541e-03 1.654862e-03
3000432 2.508741e-01 6.955382e-06 2.345109e-06
4000133 2.508741e-01 4.312852e-12 2.160050e-12
5000380 2.508741e-01 1.136868e-13 1.136868e-13
6000674 2.508741e-01 1.136868e-13 1.136868e-13
7000060 2.508741e-01 1.136868e-13 1.136868e-13
8000016 2.508741e-01 1.136868e-13 1.136868e-13
9000126 2.508741e-01 1.122948e-13 0.000000e+00
10000002 2.508741e-01 0.000000e+00 0.000000e+00
0.00e+00 (0.00e+00): 
0.000000e+00 0.000000e+00 0.000000e+00 0.000000e+00 0.000000e+00 0.000000e+00 0.000000e+00 0.000000e+00 0.000000e+00 0.000000e+00 0.000000e+00 0.000000e+00 0.000000e+00 0.000000e+00 0.000000e+00 0.000000e+00 0.000000e+00 0.000000e+00 0.000000e+00 0.000000e+00 0.000000e+00 0.000000e+00 0.000000e+00 0.000000e+00 0.000000e+00 0.000000e+00 0.000000e+00 0.000000e+00 0.000000e+00 0.000000e+00 